##FastQC	0.11.8
>>Basic Statistics	pass
#Measure	Value
Filename	SRR3184296_1.gz
File type	Conventional base calls
Encoding	Sanger / Illumina 1.9
Total Sequences	76291400
Sequences flagged as poor quality	0
Sequence length	0-100
%GC	47
>>END_MODULE
>>Per base sequence quality	pass
#Base	Mean	Median	Lower Quartile	Upper Quartile	10th Percentile	90th Percentile
1	32.47591047728264	33.0	33.0	33.0	33.0	33.0
2	32.535018228579986	33.0	33.0	33.0	33.0	33.0
3	31.83086819304274	33.0	33.0	33.0	27.0	33.0
4	36.04977850788995	37.0	37.0	37.0	33.0	37.0
5	36.260760882706435	37.0	37.0	37.0	33.0	37.0
6	36.286467786393565	37.0	37.0	37.0	33.0	37.0
7	36.264195374245055	37.0	37.0	37.0	33.0	37.0
8	36.20920114701597	37.0	37.0	37.0	33.0	37.0
9	36.248054168003335	37.0	37.0	37.0	33.0	37.0
10-11	36.263105477229495	37.0	37.0	37.0	33.0	37.0
12-13	36.22729532420564	37.0	37.0	37.0	33.0	37.0
14-15	38.08610198390571	40.0	37.0	40.0	33.0	40.0
16-17	38.0560532390636	40.0	37.0	40.0	33.0	40.0
18-19	38.01026831244711	40.0	37.0	40.0	33.0	40.0
20-21	37.965353240951266	40.0	37.0	40.0	33.0	40.0
22-23	37.885952713137655	40.0	37.0	40.0	33.0	40.0
24-25	37.78506198476385	40.0	37.0	40.0	33.0	40.0
26-27	37.60783046415098	40.0	37.0	40.0	33.0	40.0
28-29	37.4484955533305	40.0	37.0	40.0	33.0	40.0
30-31	37.31171625285634	40.0	37.0	40.0	33.0	40.0
32-33	37.16392513520193	40.0	37.0	40.0	33.0	40.0
34-35	37.14959475648007	40.0	37.0	40.0	33.0	40.0
36-37	37.111623422380006	40.0	37.0	40.0	33.0	40.0
38-39	37.15602977559834	40.0	37.0	40.0	33.0	40.0
40-41	37.17293765293439	40.0	37.0	40.0	33.0	40.0
42-43	37.08276946553161	40.0	37.0	40.0	33.0	40.0
44-45	36.96093646865505	40.0	37.0	40.0	33.0	40.0
46-47	36.809356087667794	40.0	37.0	40.0	33.0	40.0
48-49	36.6453603195162	37.0	37.0	40.0	33.0	40.0
50-51	36.483877919793315	37.0	37.0	40.0	33.0	40.0
52-53	36.294380101171356	37.0	37.0	40.0	33.0	40.0
54-55	36.1108745128106	37.0	37.0	40.0	33.0	40.0
56-57	35.883199779591024	37.0	37.0	40.0	33.0	40.0
58-59	35.666989761240316	37.0	37.0	40.0	27.0	40.0
60-61	35.42690509927871	37.0	33.0	40.0	27.0	40.0
62-63	35.16541019279221	37.0	33.0	40.0	27.0	40.0
64-65	34.90384410935892	37.0	33.0	38.5	27.0	40.0
66-67	34.63604949520512	37.0	33.0	37.0	27.0	40.0
68-69	34.361164242459935	37.0	33.0	37.0	27.0	40.0
70-71	34.08367435757155	37.0	33.0	37.0	27.0	40.0
72-73	33.77884493760413	37.0	33.0	37.0	27.0	40.0
74-75	33.52594992636003	37.0	33.0	37.0	27.0	37.0
76-77	32.62853513470623	35.0	33.0	37.0	27.0	37.0
78-79	33.01392182261486	37.0	33.0	37.0	27.0	37.0
80-81	32.935136234298014	37.0	33.0	37.0	27.0	37.0
82-83	32.767745514200946	37.0	33.0	37.0	27.0	37.0
84-85	32.5597531827424	37.0	33.0	37.0	27.0	37.0
86-87	32.35411696691965	35.0	33.0	37.0	27.0	37.0
88-89	32.19005849532924	33.0	33.0	37.0	24.5	37.0
90-91	32.020882577268424	33.0	33.0	37.0	22.0	37.0
92-93	31.821654656751292	33.0	33.0	37.0	22.0	37.0
94-95	31.567437474855744	33.0	33.0	37.0	22.0	37.0
96-97	31.24399163146541	33.0	33.0	37.0	22.0	37.0
98-99	30.861137738663174	33.0	33.0	37.0	15.0	37.0
100	28.608107086527845	33.0	27.0	37.0	2.0	37.0
>>END_MODULE
>>Per sequence quality scores	pass
#Quality	Count
2	288.0
3	230.0
4	592.0
5	1303.0
6	3215.0
7	9231.0
8	25241.0
9	50956.0
10	74524.0
11	90082.0
12	104541.0
13	118503.0
14	133213.0
15	147330.0
16	164332.0
17	180926.0
18	198749.0
19	214045.0
20	233264.0
21	258419.0
22	294889.0
23	349928.0
24	428451.0
25	534227.0
26	670766.0
27	840410.0
28	1053462.0
29	1312797.0
30	1643522.0
31	2069081.0
32	2646941.0
33	3463186.0
34	4666778.0
35	6797643.0
36	1.1691312E7
37	2.1813336E7
38	1.3928146E7
39	40350.0
>>END_MODULE
>>Per base sequence content	warn
#Base	G	A	T	C
1	29.35827785148294	14.849905428574623	13.225244667571637	42.5665720523708
2	20.26511955215224	21.800286297946865	33.58541236725456	24.349181782646333
3	24.041569067425282	23.550923382283067	24.235337242863352	28.172170307428303
4	24.64933913005071	30.922590123195544	21.435467578163912	22.992603168589834
5	27.903709068549258	31.52518833237279	21.463749805763317	19.107352793314636
6	22.729721678694652	34.8912701155745	21.86642526108503	20.512582944645825
7	19.438740285243426	19.679420934373407	39.3782010243068	21.503637756076373
8	20.741845358456555	23.309685129399753	28.892202304810237	27.056267207333455
9	21.352846431482696	22.532561544540695	31.183987994909472	24.930604029067137
10-11	24.308597123815023	31.542113909573576	21.826405957462335	22.32288300914907
12-13	22.87329838658415	25.025679713913203	27.586594880492232	24.51442701901042
14-15	22.996591396707295	26.263331681180713	27.210266474248712	23.529810447863284
16-17	23.591143033121604	26.194738079615824	26.38033674355253	23.833782143710046
18-19	23.497964505868417	26.342454939149935	26.219489416060682	23.94009113892097
20-21	23.481740757196174	26.362755381611063	26.29844533909998	23.85705852209278
22-23	23.498720810620107	26.67554444247739	26.15114437252905	23.67459037437345
24-25	23.48945357405344	26.538443023171567	26.143337025577924	23.828766377197077
26-27	23.396313652898275	26.53397948629853	26.294395555800556	23.775311305002642
28-29	23.646664371987804	26.28538876907079	26.234270334780362	23.833676524161042
30-31	23.30167233402666	26.498348773437367	26.367110135233553	23.832868757302418
32-33	23.459993688373608	26.467310989621534	26.162218661607955	23.910476660396903
34-35	23.715255388331325	26.37905556751991	26.071286768933515	23.834402275215247
36-37	23.521467858842104	26.46202574137909	26.18766935439269	23.828837045386116
38-39	23.415302420282945	26.567075842805306	26.123352525658884	23.894269211252865
40-41	23.63227948422686	26.337953687523054	26.0952253726776	23.934541455572486
42-43	23.40765999220116	26.45655491153779	26.272375839456867	23.86340925680418
44-45	23.399571948447353	26.480466403546625	26.39860494985924	23.721356698146785
46-47	23.51411019380074	26.584963064841393	26.163528745006136	23.737397996351724
48-49	23.329460107423966	26.541509255367835	26.2952893732032	23.833741264004995
50-51	23.581953566735788	26.417378327893694	26.322613632407695	23.67805447296283
52-53	23.43898442791117	26.533667961160706	26.125254229459323	23.902093381468802
54-55	23.356329931977854	26.60404724644991	26.190680138992377	23.84894268257986
56-57	23.374216497179585	26.46023966516226	26.32685989547175	23.838683942186407
58-59	23.313108384010516	26.50259228684447	26.324081280410837	23.860218048734176
60-61	23.38642862732175	26.31861862103606	26.42290159601718	23.872051155625012
62-63	23.341195895773375	26.50788759960606	26.41161392249092	23.739302582129646
64-65	23.381839602211258	26.509580853340037	26.304872773534054	23.803706770914648
66-67	23.16448943343816	26.468341391465096	26.41672087822328	23.950448296873464
68-69	23.321560532540893	26.61063248432713	26.472497317155465	23.59530966597651
70-71	23.379833843597115	26.49587541186227	26.379325316728735	23.744965427811877
72-73	23.22824438148304	26.507681009365548	26.364408561058106	23.89966604809331
74-75	23.405213260561002	26.585035006469997	26.353619563400667	23.656132169568334
76-77	23.357411506269912	26.527718024909973	26.371711755986155	23.743158712833964
78-79	23.26776019114827	26.353453668307736	26.557984246618876	23.820801893925122
80-81	23.335376136370062	26.604716968935616	26.37198948886933	23.687917405824997
82-83	23.501835867500382	26.548514133682005	26.21650088758939	23.733149111228226
84-85	23.464816963761393	26.519129083976782	26.116244276475207	23.89980967578662
86-87	23.376249670685453	26.5810580244018	26.274409516845466	23.768282788067282
88-89	23.394857668936687	26.58563956876453	26.289111098569435	23.730391663729346
90-91	23.282118917617154	26.559386193039416	26.297918324150565	23.860576565192872
92-93	23.249071865801167	26.645296816471582	26.39548083840201	23.710150479325247
94-95	23.322887697557082	26.65648869331395	26.26253063281255	23.758092976316416
96-97	23.44485263546032	26.245521760388474	26.35519374336711	23.954431860784094
98-99	22.731471745762054	25.89084795692149	27.150498330190665	24.227181967125798
100	23.48723726131151	25.55224617355472	26.135850764971764	24.82466580016201
>>END_MODULE
>>Per sequence GC content	pass
#GC Content	Count
0	898.0
1	562.0
2	198.5
3	175.0
4	189.0
5	217.5
6	235.5
7	278.5
8	361.5
9	457.5
10	584.0
11	778.0
12	1038.0
13	1358.5
14	2010.5
15	3040.5
16	4985.0
17	8123.0
18	13252.0
19	22109.5
20	36490.5
21	58467.0
22	90282.5
23	133686.0
24	190553.5
25	259615.5
26	343261.0
27	440081.0
28	541398.0
29	643361.5
30	742252.5
31	861953.0
32	1014507.5
33	1145390.5
34	1251821.5
35	1402429.5
36	1596895.0
37	1824379.5
38	1985269.5
39	2104695.0
40	2231803.0
41	2341222.5
42	2598462.0
43	2855037.5
44	2893425.0
45	2931740.5
46	3026186.0
47	2935488.0
48	2831367.0
49	2826821.5
50	2791236.5
51	2659761.5
52	2402724.0
53	2223754.5
54	2166350.5
55	2077121.5
56	1894237.5
57	1704385.5
58	1592966.5
59	1511973.5
60	1410464.0
61	1302340.5
62	1197418.0
63	1101654.0
64	1008965.0
65	897946.5
66	779534.0
67	677426.0
68	583086.5
69	488359.5
70	402574.0
71	321141.5
72	249649.0
73	194197.5
74	153005.5
75	120698.0
76	93247.0
77	70222.0
78	51379.0
79	37398.5
80	26848.0
81	18537.5
82	12687.5
83	9021.0
84	6525.0
85	4883.5
86	3779.0
87	3014.5
88	2392.0
89	1884.0
90	1506.0
91	1217.0
92	1003.5
93	803.0
94	642.5
95	545.0
96	472.0
97	403.5
98	370.5
99	352.5
100	339.0
>>END_MODULE
>>Per base N content	pass
#Base	N-Count
1	0.07306744208703286
2	3.934211744023346E-5
3	9.17983691311565E-5
4	0.0
5	0.0
6	0.0
7	0.0
8	0.01961885727316742
9	0.0
10-11	0.0
12-13	0.0
14-15	0.0
16-17	0.0
18-19	0.0
20-21	0.0
22-23	0.0
24-25	0.0
26-27	0.0
28-29	0.0
30-31	0.0
32-33	0.0
34-35	0.0
36-37	0.0
38-39	0.0
40-41	1.3117329481718113E-6
42-43	0.0
44-45	0.0
46-47	0.0
48-49	0.003713908315082577
50-51	0.002041336741027539
52-53	0.0056335364714777255
54-55	0.0051791212363598215
56-57	0.0027041293767805096
58-59	0.0
60-61	0.0
62-63	0.0
64-65	0.0
66-67	0.0
68-69	0.0
70-71	0.0
72-73	0.0
74-75	0.0
76-77	0.0
78-79	0.0
80-81	0.0
82-83	0.0
84-85	0.0
86-87	0.0
88-89	9.200345286329925E-6
90-91	0.001772378049526488
92-93	0.002252742072181342
94-95	0.0032638392692043387
96-97	6.308072578529758E-4
98-99	0.0
100	0.0
>>END_MODULE
>>Sequence Length Distribution	fail
#Length	Count
0-1	37243.0
2-3	425.0
4-5	317.0
6-7	248.0
8-9	554.0
10-11	592.0
12-13	791.0
14-15	772.0
16-17	817.0
18-19	828.0
20-21	894.0
22-23	934.0
24-25	993.0
26-27	1140.0
28-29	1356.0
30-31	1269.0
32-33	1496.0
34-35	1566.0
36-37	1930.0
38-39	1730.0
40-41	1882.0
42-43	1896.0
44-45	1988.0
46-47	2176.0
48-49	2405.0
50-51	2426.0
52-53	2574.0
54-55	2689.0
56-57	2886.0
58-59	3259.0
60-61	3636.0
62-63	4006.0
64-65	4196.0
66-67	4469.0
68-69	4914.0
70-71	5729.0
72-73	6419.0
74-75	7030.0
76-77	7757.0
78-79	9331.0
80-81	11722.0
82-83	14962.0
84-85	17380.0
86-87	19862.0
88-89	25507.0
90-91	35597.0
92-93	44070.0
94-95	122285.0
96-97	1798607.0
98-99	0.0
100-101	7.4063845E7
>>END_MODULE
>>Sequence Duplication Levels	fail
#Total Deduplicated Percentage	34.472610111734404
#Duplication Level	Percentage of deduplicated	Percentage of total
1	72.24464918059623	24.904616238617265
2	13.672161797141069	9.426302060347881
3	5.117063199613018	5.291955737920912
4	2.5520018467088863	3.5189665866408646
5	1.5105082236890095	2.6035580532899862
6	0.9940662933140956	2.0560835852780297
7	0.6789685528825904	1.638407274115504
8	0.4784190493908861	1.3193882687742897
9	0.3850168187009735	1.194528120978509
>10	2.0344448057495015	12.806780800173053
>50	0.1663622137077054	3.9675526640031156
>100	0.1275120134226366	8.895997246393462
>500	0.018793465884287375	4.549753787176472
>1k	0.01815733407495784	12.59300038066639
>5k	0.0015467577909094423	3.56532477779316
>10k+	3.284473333783013E-4	1.6677844178313144
>>END_MODULE
>>Overrepresented sequences	pass
>>END_MODULE
>>Adapter Content	pass
#Position	Illumina Universal Adapter	Illumina Small RNA 3' Adapter	Illumina Small RNA 5' Adapter	Nextera Transposase Sequence	SOLID Small RNA Adapter
1	0.0	1.3107637295946856E-6	0.0	1.1796873566352171E-5	0.0
2	0.0	1.9661455943920284E-5	0.0	3.539062069905651E-5	1.3107637295946856E-6
3	2.621527459189371E-6	2.4904510862299028E-5	0.0	3.67013844286512E-5	1.3107637295946856E-6
4	6.553818647973428E-6	2.6215274591893713E-5	0.0	4.325520307662463E-5	3.932291188784057E-6
5	6.553818647973428E-6	2.75260383214884E-5	0.0	4.456596680621931E-5	3.932291188784057E-6
6	6.553818647973428E-6	3.014756578067777E-5	0.0	4.5876730535814E-5	3.932291188784057E-6
7	6.553818647973428E-6	4.7187494265408686E-5	0.0	4.849825799500337E-5	5.243054918378742E-6
8	6.553818647973428E-6	4.849825799500337E-5	0.0	4.9809021724598056E-5	5.243054918378742E-6
9	9.1753461071628E-6	5.374131291338211E-5	0.0	5.50520766429768E-5	5.243054918378742E-6
10-11	9.830727971960142E-6	5.374131291338211E-5	0.0	5.570745850777414E-5	5.243054918378742E-6
12-13	1.2452255431149514E-5	5.5707458507774134E-5	0.0	6.029513156135554E-5	5.243054918378742E-6
14-15	1.37630191607442E-5	6.291665902054491E-5	6.553818647973428E-7	6.357204088534225E-5	5.243054918378742E-6
16-17	1.4418401025541542E-5	6.75043320741263E-5	1.3107637295946856E-6	7.078124139811302E-5	5.243054918378742E-6
18-19	1.6384546619933573E-5	7.209200512770771E-5	1.3107637295946856E-6	7.471353258689708E-5	6.553818647973428E-6
20-21	1.9661455943920284E-5	7.405815072209973E-5	1.3107637295946856E-6	8.192273309966785E-5	7.864582377568114E-6
22-23	2.6215274591893713E-5	7.930120564047849E-5	1.3107637295946856E-6	8.913193361243863E-5	9.1753461071628E-6
24-25	3.080294764547511E-5	9.04426973420333E-5	1.3107637295946856E-6	1.0223957090838549E-4	9.1753461071628E-6
26-27	3.6046002563853853E-5	9.437498853081736E-5	1.3107637295946856E-6	1.1534720820433233E-4	9.1753461071628E-6
28-29	3.735676629344854E-5	1.0027342531399345E-4	1.9661455943920286E-6	1.192794993931164E-4	1.0486109836757485E-5
30-31	4.194443934702994E-5	1.0748262582676422E-4	2.621527459189371E-6	1.2779946363548184E-4	1.1796873566352171E-5
32-33	5.177516731899008E-5	1.1534720820433233E-4	3.932291188784057E-6	1.3107637295946856E-4	1.3107637295946857E-5
34-35	6.553818647973429E-5	1.2321179058190045E-4	3.932291188784057E-6	1.3107637295946856E-4	1.4418401025541542E-5
36-37	7.79904419108838E-5	1.3107637295946856E-4	3.932291188784057E-6	1.330425185538606E-4	1.4418401025541542E-5
38-39	9.109807920683064E-5	1.3369790041865793E-4	3.932291188784057E-6	1.3631942787784728E-4	1.7695310349528255E-5
40-41	1.0289495277318283E-4	1.37630191607442E-4	3.932291188784057E-6	1.4221786466102337E-4	2.2282983403109658E-5
42-43	1.192794993931164E-4	1.4352862839061808E-4	3.932291188784057E-6	1.5204859263298355E-4	2.8836802051083083E-5
44-45	1.3107637295946858E-4	1.546701200921729E-4	3.932291188784057E-6	1.546701200921729E-4	2.8836802051083083E-5
46-47	1.4025171906663136E-4	1.6450084806413307E-4	3.932291188784057E-6	1.5860241128095697E-4	3.014756578067777E-5
48-49	1.5204859263298355E-4	1.697439029825118E-4	3.932291188784057E-6	1.638454661993357E-4	3.145832951027246E-5
50-51	1.60568556875349E-4	1.7695310349528256E-4	3.932291188784057E-6	1.684331392529171E-4	3.407985696946183E-5
52-53	1.7564233976568786E-4	1.959591775744055E-4	3.932291188784057E-6	1.7105466671210647E-4	3.539062069905651E-5
54-55	1.83506922143256E-4	2.0710066927596033E-4	3.932291188784057E-6	1.7695310349528256E-4	3.539062069905651E-5
56-57	1.9137150452082412E-4	2.234852158958939E-4	3.932291188784057E-6	1.9595917757440548E-4	3.6046002563853853E-5
58-59	1.9923608689839222E-4	2.3331594386785404E-4	3.932291188784057E-6	2.06445287411163E-4	3.67013844286512E-5
60-61	2.1496525165352843E-4	2.3790361692143546E-4	3.932291188784057E-6	2.2414059776069127E-4	3.67013844286512E-5
62-63	2.326605620030567E-4	2.549435454061664E-4	3.932291188784057E-6	2.3200518013825937E-4	3.67013844286512E-5
64-65	2.54288163541369E-4	2.647742733781265E-4	3.932291188784057E-6	2.418359081102195E-4	3.8012148158245886E-5
66-67	2.778819106740734E-4	2.6870656456691054E-4	3.932291188784057E-6	2.5363278167657167E-4	4.0633675617435257E-5
68-69	2.9033416610522284E-4	2.706727101613026E-4	3.932291188784057E-6	2.641188915133291E-4	4.12890574822326E-5
70-71	3.00164894077183E-4	2.7460500135008663E-4	3.932291188784057E-6	2.739496194852893E-4	4.325520307662463E-5
72-73	3.2048173188590064E-4	2.975433666179936E-4	3.932291188784057E-6	2.831249655924521E-4	4.849825799500337E-5
74-75	3.519400613961731E-4	3.204817318859007E-4	3.932291188784057E-6	2.9295569356441224E-4	5.1119785454192745E-5
76-77	3.7618919039367476E-4	3.2834631426346874E-4	3.932291188784057E-6	2.9885413034758834E-4	5.439669477817945E-5
78-79	3.991275556615818E-4	3.322786054522528E-4	3.932291188784057E-6	3.00164894077183E-4	5.570745850777414E-5
80-81	4.1551210228151533E-4	3.401431878298209E-4	4.5876730535814E-6	3.2310325934509004E-4	5.767360410216617E-5
82-83	4.561457778989506E-4	3.493185339369837E-4	5.243054918378742E-6	3.2900169612826613E-4	5.767360410216617E-5
84-85	4.889148711388178E-4	3.598046437737412E-4	5.898436783176085E-6	3.3883242410022625E-4	5.832898596696351E-5
86-87	5.033332721643593E-4	3.696353717457014E-4	6.553818647973428E-6	3.89952209554419E-4	5.8984367831760855E-5
88-89	5.039886540291567E-4	3.735676629344854E-4	7.209200512770772E-6	4.076475199039473E-4	6.095051342615288E-5
>>END_MODULE
