##FastQC	0.11.8
>>Basic Statistics	pass
#Measure	Value
Filename	reverse.gz
File type	Conventional base calls
Encoding	Sanger / Illumina 1.9
Total Sequences	59031115
Sequences flagged as poor quality	0
Sequence length	100
%GC	48
>>END_MODULE
>>Per base sequence quality	pass
#Base	Mean	Median	Lower Quartile	Upper Quartile	10th Percentile	90th Percentile
1	32.07065656815054	33.0	33.0	33.0	33.0	33.0
2	32.05226924817531	33.0	33.0	33.0	33.0	33.0
3	32.05793305784585	33.0	33.0	33.0	33.0	33.0
4	35.847233310771784	37.0	37.0	37.0	33.0	37.0
5	35.84032392069843	37.0	37.0	37.0	33.0	37.0
6	35.795383604053555	37.0	37.0	37.0	33.0	37.0
7	35.78227338243569	37.0	37.0	37.0	33.0	37.0
8	35.77408661516897	37.0	37.0	37.0	33.0	37.0
9	35.7584828102942	37.0	37.0	37.0	33.0	37.0
10-11	35.78300820677366	37.0	37.0	37.0	33.0	37.0
12-13	35.73398478073809	37.0	37.0	37.0	33.0	37.0
14-15	37.66269212431444	40.0	37.0	40.0	33.0	40.0
16-17	37.63829849732637	40.0	37.0	40.0	33.0	40.0
18-19	37.60695866069953	40.0	37.0	40.0	33.0	40.0
20-21	37.56830203867909	40.0	37.0	40.0	33.0	40.0
22-23	37.50604349079295	40.0	37.0	40.0	33.0	40.0
24-25	37.436144412993045	40.0	37.0	40.0	33.0	40.0
26-27	37.37523943940412	40.0	37.0	40.0	33.0	40.0
28-29	37.30653488418777	40.0	37.0	40.0	33.0	40.0
30-31	37.23094623911474	40.0	37.0	40.0	33.0	40.0
32-33	37.14664823796738	40.0	37.0	40.0	33.0	40.0
34-35	37.04702908796489	40.0	37.0	40.0	33.0	40.0
36-37	36.95053434955447	40.0	37.0	40.0	33.0	40.0
38-39	36.85382184463228	40.0	37.0	40.0	33.0	40.0
40-41	36.73115171549783	40.0	37.0	40.0	33.0	40.0
42-43	36.574544424580154	40.0	37.0	40.0	33.0	40.0
44-45	36.43509554241014	40.0	37.0	40.0	33.0	40.0
46-47	36.26655400291863	38.5	37.0	40.0	33.0	40.0
48-49	36.09803484145607	37.0	37.0	40.0	33.0	40.0
50-51	35.54763763144233	37.0	35.0	40.0	30.0	40.0
52-53	35.44498707164857	37.0	37.0	40.0	27.0	40.0
54-55	35.53805843748674	37.0	37.0	40.0	27.0	40.0
56-57	35.46800183259286	37.0	37.0	40.0	27.0	40.0
58-59	35.45783062034319	37.0	37.0	40.0	27.0	40.0
60-61	35.409914449354375	37.0	37.0	40.0	27.0	40.0
62-63	35.22623858621	37.0	37.0	40.0	27.0	40.0
64-65	35.00295796547296	37.0	33.0	40.0	27.0	40.0
66-67	34.7684040611464	37.0	33.0	38.5	27.0	40.0
68-69	34.5233557336669	37.0	33.0	37.0	27.0	40.0
70-71	34.277929656249924	37.0	33.0	37.0	27.0	40.0
72-73	34.0280449894941	37.0	33.0	37.0	27.0	40.0
74-75	33.79867770581667	37.0	33.0	37.0	27.0	38.5
76-77	33.57363952044612	37.0	33.0	37.0	27.0	37.0
78-79	33.401376519823486	37.0	33.0	37.0	27.0	37.0
80-81	33.302843051499195	37.0	33.0	37.0	27.0	37.0
82-83	33.152051405432545	37.0	33.0	37.0	27.0	37.0
84-85	33.00829952136259	37.0	33.0	37.0	27.0	37.0
86-87	32.873931917091525	37.0	33.0	37.0	27.0	37.0
88-89	32.756557452794176	37.0	33.0	37.0	27.0	37.0
90-91	32.625454804639894	37.0	33.0	37.0	27.0	37.0
92-93	32.50162156855753	37.0	33.0	37.0	27.0	37.0
94-95	32.359683456766824	37.0	33.0	37.0	24.5	37.0
96-97	32.206367065910925	37.0	33.0	37.0	22.0	37.0
98-99	32.04554225343702	37.0	33.0	37.0	22.0	37.0
100	31.207636227098202	33.0	33.0	37.0	15.0	37.0
>>END_MODULE
>>Per sequence quality scores	pass
#Quality	Count
2	442834.0
3	101400.0
4	76321.0
5	71461.0
6	72750.0
7	79524.0
8	83822.0
9	90884.0
10	100166.0
11	104715.0
12	108299.0
13	110188.0
14	111561.0
15	115962.0
16	120447.0
17	122738.0
18	127270.0
19	131305.0
20	142096.0
21	158331.0
22	184751.0
23	222316.0
24	269814.0
25	327640.0
26	398361.0
27	485438.0
28	592930.0
29	737591.0
30	931319.0
31	1200298.0
32	1586381.0
33	2142370.0
34	2950500.0
35	4303587.0
36	7596630.0
37	1.6590732E7
38	1.5966679E7
39	71704.0
>>END_MODULE
>>Per base sequence content	fail
#Base	G	A	T	C
1	24.829571524631127	13.43299678084255	15.049367827505723	46.688063867020595
2	22.61611366370784	19.28483503178287	37.484662233372816	20.614389071136475
3	27.263561976820654	22.77564531077584	24.65368761516441	25.30710509723909
4	27.52622885398508	29.52045490349543	19.902601222228842	23.05071502029065
5	28.618165352750115	31.22630262596835	21.444360449469276	18.71117157181226
6	22.9615177006552	34.14868717647398	21.418807570791568	21.47098755207925
7	19.737203162860624	17.780292325696344	39.94485254385396	22.53765196758907
8	20.805540892361517	21.93152432970277	28.502716213193086	28.76021856474263
9	21.5815946080074	21.43556967555576	30.89213384968421	26.09070186675263
10-11	25.081014526222816	30.35069705352127	21.239128271388758	23.329160148867153
12-13	23.14172413161254	24.065731448849583	27.819832209823232	24.972712209714647
14-15	23.774921456121547	25.398034653057337	26.848147393250542	23.97889649757057
16-17	24.455297673749897	25.628425226313027	25.90986949397208	24.006407605964995
18-19	24.171928998170586	26.03005571800579	25.692338497456703	24.10567678636692
20-21	24.279236068297262	25.99067156033203	25.83220221634318	23.897890155027536
22-23	24.14249526687612	26.288590622471915	25.882006298255188	23.68690781239678
24-25	23.95583668093052	26.26386371174736	25.84954037583449	23.930759231487635
26-27	23.862461481668973	26.20176514217429	26.117426028857615	23.818347347299117
28-29	24.10973771527306	25.911498458375597	25.983909772964132	23.99485405338721
30-31	23.820571466175316	26.23337730377992	25.968075285968435	23.97797594407633
32-33	23.92534767809092	26.13533098443956	25.97278409938954	23.966537238079983
34-35	24.248247059435187	26.111896914174654	25.749747185349452	23.890108841040707
36-37	24.00458443402254	26.139885583742988	25.893804480680206	23.96172550155427
38-39	23.98422639536805	26.187325462172872	25.92601744339793	23.902430699061146
40-41	24.11224387026701	26.05484336487902	25.823920085066543	24.008992679787426
42-43	23.831570681185244	26.094538429955577	26.037300371124815	24.036590517734364
44-45	23.91576536782733	26.14368403899604	26.079663036496775	23.860887556679856
46-47	24.12778894263783	26.126566529794804	25.898062482175693	23.847582045391675
48-49	23.966282763620754	26.08637799021249	25.91469926684184	24.03263997932492
50-51	24.088838286184444	25.922072936100143	26.011216315736807	23.977872461978606
52-53	24.032450921634418	26.205489378714837	25.725403541325086	24.03665615832566
54-55	23.89487315042047	26.171049936783092	25.906492288596205	24.027584624200227
56-57	23.976159264408516	26.000943086885037	26.086743734972224	23.936153913734223
58-59	23.943037601182272	26.094674515049093	26.009467631361126	23.952820252407502
60-61	23.919647645059523	25.978635321328465	26.114053022853582	23.987664010758426
62-63	23.92135820484253	26.225264955362988	26.073939572425353	23.77943726736913
64-65	23.948774273515518	26.212562846525078	25.959738368459174	23.878924511500234
66-67	23.87721028210186	26.21698847441975	25.916580127249144	23.989221116229242
68-69	24.04489731497772	26.285543506214026	26.024343216817186	23.645215961991067
70-71	24.024398456154124	26.12082212780833	26.014577233802715	23.840202182234833
72-73	23.961196789740285	26.183833914051103	25.905288400573884	23.94968089563473
74-75	24.106179949184515	26.254184820861038	25.954207021142185	23.685428208812265
76-77	24.02743814260694	26.138075133566964	25.97771113669671	23.856775587129395
78-79	23.917242010699074	26.02773851983244	26.14874292348536	23.90627654598313
80-81	24.033321157755204	26.221320313719794	26.032964942980314	23.712393585544696
82-83	24.124659773384536	26.088783919382614	25.977965911127104	23.808590396105746
84-85	24.09158681085005	26.055979118811663	25.99710103011588	23.855333040222412
86-87	23.920841957973664	26.228625792687733	26.048510845894	23.802021403444602
88-89	24.075846717762463	26.12980986123415	25.931344492906906	23.86299892809648
90-91	23.878598633319083	26.195609970410043	26.039707261233573	23.886084135037297
92-93	23.938380848558296	26.30908736232826	26.05566773924425	23.696864049869195
94-95	24.06264408081751	26.203947900291556	25.879654454593954	23.85375356429698
96-97	24.030356395383425	26.02489070299126	25.865096537381078	24.079656364244236
98-99	24.020067974964494	26.11212111955206	26.150511610661326	23.717299294822116
100	24.442599573809208	26.107303013673043	25.49539691410066	23.95470049841709
>>END_MODULE
>>Per sequence GC content	pass
#GC Content	Count
0	45845.0
1	34251.0
2	14722.0
3	5707.0
4	3820.0
5	2242.0
6	1292.5
7	1086.0
8	1079.5
9	1138.5
10	1237.0
11	1413.5
12	1590.0
13	1812.0
14	2241.5
15	2903.5
16	4142.5
17	6036.5
18	9207.0
19	14840.5
20	23972.5
21	37935.0
22	58622.5
23	88183.5
24	131144.0
25	185822.5
26	248094.5
27	324080.0
28	409492.5
29	495465.0
30	578878.0
31	664790.5
32	760427.0
33	872188.5
34	973999.5
35	1059711.0
36	1178877.0
37	1327285.5
38	1435217.5
39	1523927.5
40	1597673.0
41	1660899.0
42	1818704.5
43	1963261.0
44	1998481.0
45	2039545.5
46	2086689.0
47	2075335.0
48	2079371.0
49	2099641.0
50	2095658.5
51	2036218.5
52	1928485.0
53	1852908.0
54	1790134.0
55	1691511.5
56	1569334.5
57	1457759.0
58	1376307.0
59	1318094.5
60	1253364.0
61	1172818.0
62	1079099.0
63	987948.0
64	893706.5
65	789576.0
66	686612.5
67	595288.0
68	508542.5
69	420684.5
70	342762.0
71	276500.0
72	224090.5
73	179932.0
74	142916.0
75	114175.0
76	89416.5
77	69148.5
78	50276.0
79	34903.0
80	24039.0
81	15670.5
82	9663.5
83	6129.5
84	4065.0
85	2743.5
86	1991.0
87	1490.0
88	1141.0
89	880.0
90	709.5
91	612.5
92	490.0
93	386.5
94	309.5
95	230.5
96	199.0
97	168.5
98	130.5
99	114.5
100	217.0
>>END_MODULE
>>Per base N content	pass
#Base	N-Count
1	0.06443889802860744
2	0.10276783692803364
3	0.11449385633322359
4	0.12520007457084284
5	0.13188468488186272
6	0.14747138013571318
7	0.15039017982296288
8	0.1509864755222733
9	0.15562131936691354
10-11	0.15400945755471498
12-13	0.1538764768376813
14-15	0.14844544271271176
16-17	0.15390019314390385
18-19	0.14809562719592878
20-21	0.15203253402887612
22-23	0.1455181729160969
24-25	0.14522256609925122
26-27	0.14425443259880827
28-29	0.14318889284066547
30-31	0.14541737861465096
32-33	0.1445898489296704
34-35	0.1494627028474729
36-37	0.14863856120623842
38-39	0.14686068525048188
40-41	0.15558405088570662
42-43	0.15616171234441362
44-45	0.1542949002403224
46-47	0.1515971704075046
48-49	0.15675800804372406
50-51	0.15550612587954674
52-53	0.15702989855434715
54-55	0.15580935579482108
56-57	0.1571188347026818
58-59	0.16118448719798026
60-61	0.153967107007889
62-63	0.15399336434692112
64-65	0.1578667453596294
66-67	0.1561439251147467
68-69	0.15464302173523237
70-71	0.15553153620764235
72-73	0.15387986488142735
74-75	0.15317345776036925
76-77	0.15386461868457
78-79	0.15504450491914307
80-81	0.165283173119803
82-83	0.1606703515595123
84-85	0.1521799139318307
86-87	0.15411533392178006
88-89	0.15434063883089452
90-91	0.15332591972894294
92-93	0.15470231250078878
94-95	0.1535969632286295
96-97	0.15401284559846107
98-99	0.15371300372693283
100	0.1594599729312245
>>END_MODULE
>>Sequence Length Distribution	pass
#Length	Count
100	5.9031115E7
>>END_MODULE
>>Sequence Duplication Levels	fail
#Total Deduplicated Percentage	36.30930875687833
#Duplication Level	Percentage of deduplicated	Percentage of total
1	71.54474033611908	25.97740066794835
2	13.484556857853933	9.79229876802999
3	5.212963188660682	5.6783726986596506
4	2.7143907475077156	3.9423060695228567
5	1.621583996280099	2.9439296998073385
6	1.084289957446782	2.36218913081506
7	0.727190855222892	1.8482658101226475
8	0.5339538545551246	1.5509996293573856
9	0.3840240141682426	1.2549281850441487
>10	2.3201968455794755	15.438479781104478
>50	0.1984762173032372	5.006535044702845
>100	0.1448049960059817	10.448287883751696
>500	0.01658221523233124	4.179778476696394
>1k	0.01161862842515076	7.749877859188
>5k	5.243017878184681E-4	1.229010614777618
>10k+	1.0298785117862767E-4	0.5973396804717632
>>END_MODULE
>>Overrepresented sequences	pass
>>END_MODULE
>>Adapter Content	pass
#Position	Illumina Universal Adapter	Illumina Small RNA 3' Adapter	Illumina Small RNA 5' Adapter	Nextera Transposase Sequence	SOLID Small RNA Adapter
1	2.3716306222574314E-5	3.896250307994352E-5	0.0	1.8634240603451247E-5	6.77608749216409E-6
2	5.082065619123068E-5	1.4060381546240487E-4	0.0	1.3721577171632284E-4	6.77608749216409E-6
3	1.6093207793889714E-4	1.575440341928151E-4	0.0	1.4737990295456897E-4	8.470109365205113E-6
4	6.488103773747117E-4	1.592380560658561E-4	0.0	1.7109620917714327E-4	1.0164131238246136E-5
5	7.792500615988703E-4	1.6432012168497918E-4	0.0	1.7109620917714327E-4	1.0164131238246136E-5
6	0.0010147191019515725	1.6770816543106124E-4	0.0	1.727902310501843E-4	1.0164131238246136E-5
7	0.0011061962830957877	2.524092590831124E-4	0.0	1.744842529232253E-4	1.0164131238246136E-5
8	0.0013179490172259155	2.659614340674405E-4	0.0	1.8464838416147144E-4	1.1858153111287157E-5
9	0.0015923805606585613	2.8120763092480974E-4	0.0	1.897304497805945E-4	1.355217498432818E-5
10-11	0.00243515644249647	2.913717621630559E-4	0.0	1.9481251539971758E-4	1.6093207793889713E-5
12-13	0.0034930731022105883	3.04923937147384E-4	0.0	1.9735354820927913E-4	2.0328262476492268E-5
14-15	0.0047839177694678475	3.294872543064789E-4	0.0	2.1344675600316882E-4	2.2022284349533293E-5
16-17	0.006208590164695348	3.523565495925327E-4	0.0	2.329280075431406E-4	2.4563317159094826E-5
18-19	0.007794194637861745	3.752258448785865E-4	0.0	2.490212153370303E-4	2.541032809561534E-5
20-21	0.009150259147231082	3.879310089263941E-4	0.0	2.625733903213585E-4	2.710434996865636E-5
22-23	0.010633375297078498	4.0741226046636593E-4	0.0	2.761255653056867E-4	2.9645382778217893E-5
24-25	0.011831895772255022	4.2689351200633763E-4	1.6940218730410225E-6	2.99841871528261E-4	3.0492393714738406E-5
26-27	0.0132514861018634	4.497628072923915E-4	1.6940218730410225E-6	3.176291011951917E-4	3.9809514016464034E-5
28-29	0.01438055168024524	4.6585601508628124E-4	1.6940218730410225E-6	3.2948725430647887E-4	4.743261244514863E-5
30-31	0.01550792323675404	4.955013978644991E-4	1.6940218730410225E-6	3.320282871160404E-4	4.912663431818965E-5
32-33	0.01653365348088038	5.192177040870734E-4	1.6940218730410225E-6	3.3711035273516346E-4	5.3361689000792204E-5
34-35	0.017524656276609377	5.386989556270452E-4	1.6940218730410225E-6	3.388043746082045E-4	5.420869993731272E-5
36-37	0.018559703641037442	5.66650316532222E-4	1.6940218730410225E-6	3.388043746082045E-4	5.759674368339477E-5
38-39	0.019653194760085424	5.903666227547963E-4	1.6940218730410225E-6	3.404983964812455E-4	5.759674368339477E-5
40-41	0.020761085065054252	6.039187977391245E-4	1.6940218730410225E-6	3.472744839734096E-4	6.352582023903835E-5
42-43	0.02180290851697448	6.225530383425757E-4	1.6940218730410225E-6	3.692967683229429E-4	6.606685304859988E-5
44-45	0.022836261859529503	6.640565742320808E-4	1.6940218730410225E-6	3.7268481206902495E-4	6.77608749216409E-5
46-47	0.02389163748643406	7.106421757407089E-4	1.6940218730410225E-6	3.8962503079943516E-4	6.945489679468192E-5
48-49	0.02503764328354631	7.377465257093652E-4	1.6940218730410225E-6	4.1927041357765304E-4	6.945489679468192E-5
50-51	0.026234469736849793	7.529927225667346E-4	3.388043746082045E-6	4.362106323080633E-4	6.945489679468192E-5
52-53	0.02745501249637585	8.24988652170978E-4	3.388043746082045E-6	4.446807416732684E-4	7.199592960424345E-5
54-55	0.028701812594934047	8.927495270926189E-4	3.388043746082045E-6	4.497628072923915E-4	7.53839733503255E-5
56-57	0.03018577575571798	9.325590411090828E-4	3.388043746082045E-6	4.624679713401992E-4	7.961902803292805E-5
58-59	0.031718865550820104	9.596633910777393E-4	3.388043746082045E-6	4.980424306740606E-4	8.724212646161266E-5
60-61	0.033465402101925404	9.698275223159853E-4	3.388043746082045E-6	5.852845571356733E-4	9.147718114421522E-5
62-63	0.035488911229272904	0.0010257302441263392	3.388043746082045E-6	6.318701586443013E-4	9.232419208073572E-5
64-65	0.03762930786586023	0.0010494465503489135	3.388043746082045E-6	6.665976070416423E-4	9.910027957289982E-5
66-67	0.0399035322304178	0.0011061962830957875	3.388043746082045E-6	6.886198913911756E-4	1.0164131238246135E-4
68-69	0.042378498186930735	0.0011095843268418698	3.388043746082045E-6	7.479106569476114E-4	1.0333533425550237E-4
70-71	0.04534218945381601	0.0011248305236992388	3.388043746082045E-6	7.944962584562395E-4	1.0333533425550237E-4
72-73	0.04863367395313471	0.0011807332455095927	3.388043746082045E-6	8.393878380918267E-4	1.0418234519202289E-4
74-75	0.05232494761449111	0.0012120726501608516	3.388043746082045E-6	8.775033302352497E-4	1.0502935612854339E-4
76-77	0.056331309344233124	0.0012417180329390696	3.388043746082045E-6	8.961375708387009E-4	1.058763670650639E-4
78-79	0.06109151080747839	0.0012561172188599182	3.388043746082045E-6	9.020666473943445E-4	1.0672337800158442E-4
80-81	0.06729332488468158	0.0012662813500981644	3.388043746082045E-6	9.638984457603418E-4	1.0841739987462544E-4
82-83	0.07573294185617195	0.0012866096125746566	3.388043746082045E-6	9.799916535542315E-4	1.0841739987462544E-4
84-85	0.08659162206236491	0.0013442063562580514	5.082065619123068E-6	0.0010198011675706955	1.0926441081114595E-4
86-87	0.09982701495643442	0.0013857098921475565	5.082065619123068E-6	0.0012052965626686875	1.1180544362070749E-4
88-89	0.11600407683303965	0.0013975680452588436	5.929076555643579E-6	0.0012866096125746566	1.1265245455722799E-4
>>END_MODULE
