##FastQC	0.11.8
>>Basic Statistics	pass
#Measure	Value
Filename	SRR3184288_2.gz
File type	Conventional base calls
Encoding	Sanger / Illumina 1.9
Total Sequences	66452323
Sequences flagged as poor quality	0
Sequence length	20-100
%GC	50
>>END_MODULE
>>Per base sequence quality	pass
#Base	Mean	Median	Lower Quartile	Upper Quartile	10th Percentile	90th Percentile
1	32.01761021958555	33.0	33.0	33.0	33.0	33.0
2	31.983942412366833	33.0	33.0	33.0	33.0	33.0
3	31.99158465837229	33.0	33.0	33.0	33.0	33.0
4	35.77348879135497	37.0	37.0	37.0	33.0	37.0
5	35.75446737956776	37.0	37.0	37.0	33.0	37.0
6	35.723413717230024	37.0	37.0	37.0	33.0	37.0
7	35.70839871165979	37.0	37.0	37.0	33.0	37.0
8	35.701850106880386	37.0	37.0	37.0	33.0	37.0
9	35.68809779606952	37.0	37.0	37.0	33.0	37.0
10-11	35.704831891279404	37.0	37.0	37.0	33.0	37.0
12-13	35.65017335059905	37.0	37.0	37.0	33.0	37.0
14-15	37.53281190786964	40.0	37.0	40.0	33.0	40.0
16-17	37.50087153461889	40.0	37.0	40.0	33.0	40.0
18-19	37.461387008246504	40.0	37.0	40.0	33.0	40.0
20-21	37.41149300520968	40.0	37.0	40.0	33.0	40.0
22-23	37.328396827939784	40.0	37.0	40.0	33.0	40.0
24-25	37.246412590606425	40.0	37.0	40.0	33.0	40.0
26-27	37.16798356807904	40.0	37.0	40.0	33.0	40.0
28-29	37.0804820096154	40.0	37.0	40.0	33.0	40.0
30-31	36.99230303359028	40.0	37.0	40.0	33.0	40.0
32-33	36.885105166923864	40.0	37.0	40.0	33.0	40.0
34-35	36.76184117748434	40.0	37.0	40.0	33.0	40.0
36-37	36.64822432681396	40.0	37.0	40.0	33.0	40.0
38-39	36.52334049583747	40.0	37.0	40.0	33.0	40.0
40-41	36.38106790409755	40.0	37.0	40.0	33.0	40.0
42-43	36.19544386747758	38.5	37.0	40.0	33.0	40.0
44-45	36.02979607969422	37.0	37.0	40.0	33.0	40.0
46-47	35.84332675716716	37.0	37.0	40.0	30.0	40.0
48-49	35.647947148720604	37.0	37.0	40.0	27.0	40.0
50-51	35.06316795360638	37.0	35.0	40.0	27.0	40.0
52-53	34.95896329790858	37.0	33.0	40.0	27.0	40.0
54-55	35.054591453226124	37.0	33.0	40.0	27.0	40.0
56-57	34.97194073857183	37.0	33.0	40.0	27.0	40.0
58-59	34.96500824436259	37.0	33.0	40.0	27.0	40.0
60-61	34.91664917397925	37.0	33.0	40.0	27.0	40.0
62-63	34.7277011475439	37.0	33.0	40.0	27.0	40.0
64-65	34.50588798786346	37.0	33.0	38.5	27.0	40.0
66-67	34.27094213086896	37.0	33.0	37.0	27.0	40.0
68-69	34.02564737018149	37.0	33.0	37.0	27.0	40.0
70-71	33.79223487970123	37.0	33.0	37.0	27.0	40.0
72-73	33.54366089911949	37.0	33.0	37.0	27.0	40.0
74-75	33.31771960104287	37.0	33.0	37.0	27.0	37.0
76-77	33.09647465726063	37.0	33.0	37.0	27.0	37.0
78-79	32.927128454378	37.0	33.0	37.0	27.0	37.0
80-81	32.8411113908588	37.0	33.0	37.0	27.0	37.0
82-83	32.692428698359066	37.0	33.0	37.0	27.0	37.0
84-85	32.5424727270039	37.0	33.0	37.0	24.5	37.0
86-87	32.40362703445331	37.0	33.0	37.0	22.0	37.0
88-89	32.27154292464935	37.0	33.0	37.0	22.0	37.0
90-91	32.11960074725991	37.0	33.0	37.0	22.0	37.0
92-93	31.981092360259243	37.0	33.0	37.0	22.0	37.0
94-95	31.82687183890743	37.0	33.0	37.0	22.0	37.0
96-97	31.644764819111238	37.0	33.0	37.0	22.0	37.0
98-99	31.454466542977478	37.0	33.0	37.0	15.0	37.0
100	30.612226161617528	33.0	33.0	37.0	15.0	37.0
>>END_MODULE
>>Per sequence quality scores	pass
#Quality	Count
2	492822.0
3	124195.0
4	107046.0
5	102208.0
6	103912.0
7	111461.0
8	118064.0
9	126732.0
10	138649.0
11	142185.0
12	146389.0
13	146531.0
14	148152.0
15	150792.0
16	154402.0
17	157844.0
18	163056.0
19	170608.0
20	182276.0
21	204533.0
22	237071.0
23	283614.0
24	345942.0
25	419657.0
26	510159.0
27	622208.0
28	756272.0
29	933286.0
30	1169313.0
31	1501806.0
32	1970295.0
33	2637634.0
34	3602453.0
35	5250482.0
36	9130587.0
37	1.8424192E7
38	1.5402759E7
39	62736.0
>>END_MODULE
>>Per base sequence content	fail
#Base	G	A	T	C
1	25.643054574785584	12.095808257077815	13.865374696347974	48.39576247178862
2	23.363156322893435	18.4240988206972	36.3408383340872	21.871906522322156
3	28.51322895062675	21.746947807979563	23.042398382371072	26.69742485902261
4	29.099443220367178	28.707398234972164	18.417580375632618	23.77557816902804
5	30.069521732531392	29.915852140227955	20.396398837217316	19.618227290023338
6	24.012850536466573	32.901540552615444	20.544026730261937	22.541582180656047
7	20.804213270317128	16.678510998027864	38.6849892365689	23.83228649508611
8	21.787987757779362	20.498142706011947	27.30137063831463	30.412498897894057
9	22.730351025525867	20.099575626047702	29.72927453430487	27.440798814121557
10-11	26.279578422157552	28.7052737590079	20.318681489257262	24.696466329577287
12-13	24.31199809222621	22.750974409126375	26.799171490212615	26.137856008434802
14-15	24.978449587082157	24.186795546635746	25.793096804155365	25.041658062126736
16-17	25.610355750604484	24.446836996866214	24.79431389052296	25.14849336200634
18-19	25.356751636808845	24.725656317537613	24.686029410890573	25.231562634762973
20-21	25.552843845779066	24.679589226945563	24.744011740397376	25.023555186877992
22-23	25.32813803299918	25.05178869511119	24.913298000567732	24.7067752713219
24-25	25.332379494851416	25.069010184569958	24.78164567432174	24.816964646256885
26-27	25.11302749279809	25.04997680192683	24.98616686308038	24.850828842194694
28-29	25.044979421015658	24.851221162610653	24.95096239285764	25.15283702351605
30-31	25.021118131495868	24.918838310916403	24.84653681192733	25.213506745660396
32-33	25.09765777487684	25.002580947013065	24.900180618506052	24.999580659604042
34-35	25.239869290169555	24.987879574385964	24.73944781730183	25.032803318142648
36-37	25.03057838744996	24.789102178328662	24.927375624298868	25.252943809922513
38-39	24.958163174231533	24.885473072279808	24.981481110778148	25.17488264271051
40-41	25.293532343250703	24.876001106637492	24.79010063667177	25.040365913440038
42-43	25.022311006001345	24.767558692485643	25.057457275018045	25.152673026494966
44-45	24.96974730032398	25.02552190535383	25.01529643566633	24.989434358655863
46-47	25.302069969667862	24.90578165457303	24.82707279061697	24.965075585142138
48-49	25.0958279215875	24.85814059761208	24.882017330361066	25.164014150439357
50-51	25.076108146833036	24.951961475041376	24.90037337026306	25.071557007862527
52-53	25.18083919223756	25.076594285128685	24.608407794124627	25.134158728509128
54-55	25.041579597185798	24.87181179685216	24.860720692947126	25.225887913014915
56-57	25.101494013128622	24.836326504333346	24.81965338302915	25.24252609950888
58-59	25.28542961761738	24.916826282425067	24.736993414478164	25.060750685479395
60-61	25.183518760065972	24.852583056646576	24.732094381829306	25.231803801458145
62-63	24.94550134058396	25.000025404317615	24.969696789044043	25.084776466054375
64-65	25.14694614951004	25.008992501475102	24.877883580104434	24.96617776891042
66-67	25.079603871764068	24.938561371313067	24.786691914759945	25.19514284216292
68-69	25.18817564727077	24.92761429892447	24.90718372372406	24.977026330080694
70-71	25.04793260847567	24.964601695429845	24.77132498763997	25.216140708454514
72-73	24.98464729538239	25.02437175043328	24.747606745752407	25.243374208431923
74-75	25.265468887467176	25.09185085014573	24.73210797673793	24.91057228564917
76-77	25.285047020146955	25.000612121892758	24.662059775562533	25.052281082397748
78-79	25.20276743099049	24.821568305065078	24.95751335882823	25.018150905116197
80-81	25.1262150743937	24.97527856208866	24.900976812899046	24.997529550618594
82-83	25.1451617114687	24.898633998465435	24.903631777217882	25.052572512847988
84-85	25.185154756256907	24.926358980792386	24.913724196833712	24.974762066117
86-87	25.054666446108833	25.082856648451912	24.94627254932756	24.916204356111695
88-89	25.305951078025707	24.96859101778604	24.81358945739546	24.91186844679279
90-91	25.13932042589328	24.903674881228	24.882107514510096	25.074897178368627
92-93	25.135904877578174	24.942333218472744	25.006981505313874	24.91478039863521
94-95	25.313708074581577	24.80682800785159	24.68316516411642	25.196298753450414
96-97	25.19010952087559	24.617744959427544	24.748578845567586	25.44356667412928
98-99	24.59730739506958	24.217336398711037	25.5422554593286	25.64310074689078
100	25.92775695700767	23.478777706304967	24.777484452239126	25.815980884448237
>>END_MODULE
>>Per sequence GC content	pass
#GC Content	Count
0	122.0
1	94.0
2	80.0
3	106.0
4	152.0
5	219.0
6	277.5
7	332.0
8	385.5
9	498.0
10	653.0
11	783.5
12	955.0
13	1192.5
14	1570.5
15	2063.5
16	3000.0
17	4753.5
18	7401.5
19	11890.5
20	19501.5
21	31248.5
22	48342.5
23	71647.0
24	104125.0
25	146900.5
26	198712.5
27	258606.0
28	324889.0
29	397385.5
30	472789.0
31	553643.0
32	644379.0
33	734165.0
34	821847.0
35	925707.5
36	1041826.0
37	1174477.0
38	1296152.5
39	1410293.0
40	1511153.5
41	1586858.0
42	1706105.0
43	1838496.5
44	1954393.0
45	2078011.5
46	2170054.5
47	2205039.0
48	2230076.5
49	2229925.5
50	2222069.0
51	2242868.5
52	2234203.5
53	2193747.0
54	2163555.0
55	2133257.5
56	2097393.5
57	1974344.0
58	1857474.5
59	1821299.5
60	1728663.5
61	1641628.0
62	1540761.5
63	1408579.0
64	1283027.0
65	1144953.5
66	1032482.0
67	924787.0
68	798867.0
69	684346.5
70	568276.0
71	458895.5
72	408330.0
73	362393.0
74	301973.0
75	249897.0
76	208629.0
77	179817.5
78	138458.5
79	99764.5
80	75108.5
81	55233.5
82	36451.5
83	23265.0
84	14304.0
85	9518.5
86	6986.5
87	4944.5
88	3482.0
89	2669.0
90	2051.5
91	1566.0
92	1227.0
93	935.5
94	670.0
95	486.5
96	363.5
97	288.5
98	218.5
99	174.5
100	313.5
>>END_MODULE
>>Per base N content	pass
#Base	N-Count
1	0.0012761028685182307
2	1.3543544595122732E-5
3	0.0
4	0.0
5	1.3543544595122732E-5
6	0.0
7	0.0
8	0.0
9	4.785385756943365E-4
10-11	2.482983175772501E-5
12-13	0.0
14-15	0.0
16-17	4.190974633046312E-4
18-19	0.0
20-21	0.0
22-23	0.0
24-25	8.277060358972796E-6
26-27	0.0
28-29	0.0
30-31	0.0
32-33	0.0
34-35	0.0
36-37	0.0
38-39	0.0
40-41	0.0
42-43	0.0
44-45	0.0
46-47	0.0
48-49	6.246706320607867E-5
50-51	0.0
52-53	3.5298862030167915E-4
54-55	3.763268012910568E-6
56-57	1.753715443742807E-4
58-59	0.0026486928482515695
60-61	1.129051955772024E-5
62-63	0.0
64-65	8.633931265566764E-4
66-67	0.0
68-69	1.5206226657736346E-4
70-71	4.893269400535277E-5
72-73	1.5056837528998903E-6
74-75	0.0
76-77	3.079422917349953E-4
78-79	3.358199824183933E-4
80-81	0.007255312551070981
82-83	0.005395893993524264
84-85	6.454807725701371E-4
86-87	3.201538570547228E-4
88-89	3.0137914714282327E-6
90-91	4.44656697257515E-5
92-93	3.5812129028281155E-4
94-95	0.0
96-97	8.327966968072952E-6
98-99	3.482385898658701E-5
100	6.902862714674581E-4
>>END_MODULE
>>Sequence Length Distribution	warn
#Length	Count
20-21	1635.0
22-23	1604.0
24-25	1410.0
26-27	1402.0
28-29	1332.0
30-31	1056.0
32-33	1032.0
34-35	1046.0
36-37	1281.0
38-39	1161.0
40-41	1030.0
42-43	1036.0
44-45	1082.0
46-47	955.0
48-49	1045.0
50-51	1205.0
52-53	1104.0
54-55	1178.0
56-57	1363.0
58-59	1553.0
60-61	1652.0
62-63	1742.0
64-65	1751.0
66-67	1979.0
68-69	2263.0
70-71	2665.0
72-73	3055.0
74-75	3276.0
76-77	3701.0
78-79	4695.0
80-81	6147.0
82-83	7895.0
84-85	9795.0
86-87	12015.0
88-89	16244.0
90-91	23797.0
92-93	30507.0
94-95	106067.0
96-97	1577692.0
98-99	0.0
100-101	6.4610875E7
>>END_MODULE
>>Sequence Duplication Levels	fail
#Total Deduplicated Percentage	38.21617793595695
#Duplication Level	Percentage of deduplicated	Percentage of total
1	70.86294985648308	27.08111100782153
2	13.649000216512711	10.432252418443294
3	5.516564181739724	6.324659950934763
4	2.8486749697885863	4.354618781085897
5	1.7230111621383506	3.2923450578959597
6	1.1077510857212667	2.540040756040406
7	0.7810727274383202	2.0894730032894238
8	0.5756693709994202	1.7599906491515407
9	0.41496167884831997	1.427242441992374
>10	2.2217864636635043	15.359094400876936
>50	0.16240108175549356	4.285923780394704
>100	0.11145780707892532	8.518840784476291
>500	0.014636637799132489	3.874027354233099
>1k	0.009473954811176964	6.63291898720659
>5k	4.6235040931131205E-4	1.201618788689853
>10k+	1.2645481280309392E-4	0.8258418374670753
>>END_MODULE
>>Overrepresented sequences	pass
>>END_MODULE
>>Adapter Content	pass
#Position	Illumina Universal Adapter	Illumina Small RNA 3' Adapter	Illumina Small RNA 5' Adapter	Nextera Transposase Sequence	SOLID Small RNA Adapter
1	0.0	2.106773603685758E-5	0.0	1.2038706306775762E-5	0.0
2	3.0096765766939405E-6	1.4295963739296218E-4	0.0	1.0684351847263488E-4	0.0
3	3.0096765766939405E-6	1.51988667123044E-4	0.0	1.158725482027167E-4	1.5048382883469703E-6
4	7.524191441734851E-6	1.5499834369973794E-4	0.0	1.309209310861864E-4	6.019353153387881E-6
5	1.053386801842879E-5	1.5951285856477884E-4	0.0	1.3543544595122733E-4	7.524191441734851E-6
6	1.3543544595122732E-5	1.6553221171816673E-4	1.5048382883469703E-6	1.369402842395743E-4	7.524191441734851E-6
7	1.6553221171816673E-5	2.2873541982873947E-4	1.5048382883469703E-6	1.414547991046152E-4	7.524191441734851E-6
8	1.9562897748510612E-5	2.4077412613551522E-4	1.5048382883469703E-6	1.459693139696561E-4	9.029029730081821E-6
9	2.7087089190245464E-5	2.5130799415394405E-4	1.5048382883469703E-6	1.5499834369973794E-4	9.029029730081821E-6
10-11	4.063063378536819E-5	2.686136344699342E-4	1.5048382883469703E-6	1.5951285856477884E-4	9.029029730081821E-6
12-13	5.5679016668837893E-5	2.8140475992088345E-4	1.5048382883469703E-6	1.662846308623402E-4	1.053386801842879E-5
14-15	6.997498040813412E-5	3.28807166003813E-4	1.5048382883469703E-6	1.76818498880769E-4	1.2791125450949247E-5
16-17	8.878545901247123E-5	3.731998955100486E-4	1.5048382883469703E-6	1.971338157734531E-4	1.6553221171816673E-5
18-19	1.0458626104011443E-4	3.8222892524013047E-4	1.5048382883469703E-6	2.1970639009865765E-4	1.7305640315990156E-5
20-21	1.3618786509540082E-4	3.965248889794266E-4	1.5048382883469703E-6	2.3851686870299477E-4	1.8058059460163642E-5
22-23	1.5951285856477884E-4	4.130781101512433E-4	1.5048382883469703E-6	2.475458984330766E-4	1.881047860433713E-5
24-25	1.820854328899834E-4	4.236119781696721E-4	1.5048382883469703E-6	2.6184186217237285E-4	1.9562897748510612E-5
26-27	2.0541042635936144E-4	4.3640310362062134E-4	1.5048382883469703E-6	2.76137825911669E-4	1.9562897748510612E-5
28-29	2.26478162396219E-4	4.476893907832236E-4	3.0096765766939405E-6	2.8065234077670996E-4	2.633467004607198E-5
30-31	2.543176707306379E-4	4.6273777366669333E-4	3.0096765766939405E-6	2.866716939300978E-4	2.7087089190245464E-5
32-33	2.783950833441895E-4	4.740240608292956E-4	3.0096765766939405E-6	2.919386279393122E-4	3.0096765766939403E-5
34-35	3.032249151019145E-4	4.8230067141520394E-4	3.0096765766939405E-6	2.934434662276592E-4	3.235402319945986E-5
36-37	3.27302327715466E-4	5.063780840287555E-4	3.0096765766939405E-6	2.9570072366017966E-4	3.461128063198031E-5
38-39	3.5137974032901757E-4	5.236837243447457E-4	3.0096765766939405E-6	2.972055619485266E-4	3.53636997761538E-5
40-41	3.777144103750895E-4	5.424942029490828E-4	3.0096765766939405E-6	3.03977334246088E-4	3.762095720867426E-5
42-43	4.0555391870950844E-4	5.560377475442055E-4	3.0096765766939405E-6	3.348265191572009E-4	4.063063378536819E-5
44-45	4.2586923560219254E-4	5.81619998446104E-4	3.0096765766939405E-6	3.378361957338948E-4	4.4392729506235616E-5
46-47	4.537087439366115E-4	6.162312790780843E-4	3.0096765766939405E-6	3.4235071059893576E-4	4.6649986938756076E-5
48-49	4.7327164168512213E-4	6.538522362867585E-4	3.0096765766939405E-6	3.566466743382319E-4	4.9659663515450015E-5
50-51	4.965966351545001E-4	6.696530383144018E-4	3.0096765766939405E-6	3.731998955100486E-4	5.266934009214396E-5
52-53	5.199216286238782E-4	7.321038272808009E-4	3.0096765766939405E-6	3.81476506095957E-4	5.417417838049093E-5
54-55	5.439990412374298E-4	7.795062333637306E-4	3.0096765766939405E-6	3.867434401051713E-4	5.4926597524664414E-5
56-57	5.620571006975934E-4	8.118602565631904E-4	3.0096765766939405E-6	4.040490804211615E-4	5.56790166688379E-5
58-59	5.86134513311145E-4	8.34432830888395E-4	3.0096765766939405E-6	4.3414584618810086E-4	5.7183854957184866E-5
60-61	6.004304770504411E-4	8.502336329160381E-4	3.0096765766939405E-6	4.935869585778062E-4	5.944111238970532E-5
62-63	6.523473979984115E-4	8.825876561154981E-4	3.0096765766939405E-6	5.206740477680517E-4	6.094595067805229E-5
64-65	6.862062594862185E-4	9.021505538640087E-4	3.0096765766939405E-6	5.56790166688379E-4	6.320320811057274E-5
66-67	7.238272166948927E-4	9.442860259377238E-4	3.0096765766939405E-6	5.748482261485426E-4	6.771772297561366E-5
68-69	7.479046293084441E-4	9.548198939561526E-4	3.0096765766939405E-6	6.199933747989517E-4	6.771772297561366E-5
70-71	7.704772036336487E-4	9.781448874255306E-4	3.0096765766939405E-6	6.59119170295973E-4	6.771772297561366E-5
72-73	7.990691311122412E-4	0.0010293093892293275	3.0096765766939405E-6	6.847014211978715E-4	6.771772297561366E-5
74-75	8.231465437257928E-4	0.0010601585741404405	3.0096765766939405E-6	6.982449657929942E-4	6.847014211978714E-5
76-77	8.449666989068239E-4	0.0010789690527447777	3.0096765766939405E-6	7.110360912439434E-4	6.997498040813412E-5
78-79	8.728062072412427E-4	0.0010827311484656451	3.0096765766939405E-6	7.178078635415048E-4	7.373707612900154E-5
80-81	8.938739432781003E-4	0.0010895029207632064	3.0096765766939405E-6	7.644578504802609E-4	7.674675270569548E-5
82-83	9.375142536401624E-4	0.00110756098022337	3.0096765766939405E-6	7.832683290845981E-4	7.674675270569548E-5
84-85	9.788973065697041E-4	0.0011496964522970852	3.0096765766939405E-6	8.186320288607518E-4	7.749917184986897E-5
86-87	9.916884320206533E-4	0.0011888222477941064	3.0096765766939405E-6	9.61591666253714E-4	7.900401013821593E-5
88-89	9.924408511648268E-4	0.0012046230498217497	5.266934009214395E-6	0.0010052319766157762	8.502336329160382E-5
>>END_MODULE
