##FastQC	0.11.8
>>Basic Statistics	pass
#Measure	Value
Filename	SRR3184284_2.gz
File type	Conventional base calls
Encoding	Sanger / Illumina 1.9
Total Sequences	58908676
Sequences flagged as poor quality	0
Sequence length	20-100
%GC	48
>>END_MODULE
>>Per base sequence quality	pass
#Base	Mean	Median	Lower Quartile	Upper Quartile	10th Percentile	90th Percentile
1	32.11164377552807	33.0	33.0	33.0	33.0	33.0
2	32.09321314571728	33.0	33.0	33.0	33.0	33.0
3	32.09886144784514	33.0	33.0	33.0	33.0	33.0
4	35.89245886293557	37.0	37.0	37.0	33.0	37.0
5	35.88791009324331	37.0	37.0	37.0	33.0	37.0
6	35.84761801470466	37.0	37.0	37.0	33.0	37.0
7	35.835470245503394	37.0	37.0	37.0	33.0	37.0
8	35.827560171272566	37.0	37.0	37.0	33.0	37.0
9	35.81306004908343	37.0	37.0	37.0	33.0	37.0
10-11	35.83809968840583	37.0	37.0	37.0	33.0	37.0
12-13	35.78811969055288	37.0	37.0	37.0	33.0	37.0
14-15	37.71895517563491	40.0	37.0	40.0	33.0	40.0
16-17	37.69522906948376	40.0	37.0	40.0	33.0	40.0
18-19	37.663541911890874	40.0	37.0	40.0	33.0	40.0
20-21	37.62496258773393	40.0	37.0	40.0	33.0	40.0
22-23	37.56229693575944	40.0	37.0	40.0	33.0	40.0
24-25	37.491736949963	40.0	37.0	40.0	33.0	40.0
26-27	37.430293191868415	40.0	37.0	40.0	33.0	40.0
28-29	37.36134418769464	40.0	37.0	40.0	33.0	40.0
30-31	37.28580958118269	40.0	37.0	40.0	33.0	40.0
32-33	37.201690558852775	40.0	37.0	40.0	33.0	40.0
34-35	37.10302291060414	40.0	37.0	40.0	33.0	40.0
36-37	37.00647949359718	40.0	37.0	40.0	33.0	40.0
38-39	36.909684186919044	40.0	37.0	40.0	33.0	40.0
40-41	36.78843238474376	40.0	37.0	40.0	33.0	40.0
42-43	36.63249602520202	40.0	37.0	40.0	33.0	40.0
44-45	36.49247855623531	40.0	37.0	40.0	33.0	40.0
46-47	36.32307737113389	38.5	37.0	40.0	33.0	40.0
48-49	36.155268465447875	37.0	37.0	40.0	33.0	40.0
50-51	35.60394750820963	37.0	35.0	40.0	30.0	40.0
52-53	35.50137840208413	37.0	37.0	40.0	27.0	40.0
54-55	35.59437622606642	37.0	37.0	40.0	27.0	40.0
56-57	35.52432580424278	37.0	37.0	40.0	27.0	40.0
58-59	35.51463454304632	37.0	37.0	40.0	27.0	40.0
60-61	35.46626434827794	37.0	37.0	40.0	27.0	40.0
62-63	35.28235447332394	37.0	37.0	40.0	27.0	40.0
64-65	35.0593126667834	37.0	33.0	40.0	27.0	40.0
66-67	34.824292440093586	37.0	33.0	38.5	27.0	40.0
68-69	34.57895142877275	37.0	33.0	37.0	27.0	40.0
70-71	34.333336205146246	37.0	33.0	37.0	27.0	40.0
72-73	34.08329272331968	37.0	33.0	37.0	27.0	40.0
74-75	33.853678773902146	37.0	33.0	37.0	27.0	38.5
76-77	33.62873403536733	37.0	33.0	37.0	27.0	37.0
78-79	33.456955365219315	37.0	33.0	37.0	27.0	37.0
80-81	33.359253206748875	37.0	33.0	37.0	27.0	37.0
82-83	33.20874682523406	37.0	33.0	37.0	27.0	37.0
84-85	33.065016055852105	37.0	33.0	37.0	27.0	37.0
86-87	32.93072026776767	37.0	33.0	37.0	27.0	37.0
88-89	32.813422556463706	37.0	33.0	37.0	27.0	37.0
90-91	32.68231123708637	37.0	33.0	37.0	27.0	37.0
92-93	32.55848411316349	37.0	33.0	37.0	27.0	37.0
94-95	32.416480366177225	37.0	33.0	37.0	27.0	37.0
96-97	32.26218787861724	37.0	33.0	37.0	22.0	37.0
98-99	32.096605559754444	37.0	33.0	37.0	22.0	37.0
100	31.271632806949867	33.0	33.0	37.0	15.0	37.0
>>END_MODULE
>>Per sequence quality scores	pass
#Quality	Count
2	366617.0
3	90207.0
4	75647.0
5	70885.0
6	72374.0
7	78875.0
8	83158.0
9	90106.0
10	99367.0
11	103925.0
12	107422.0
13	109336.0
14	110618.0
15	115128.0
16	119761.0
17	121931.0
18	126097.0
19	130698.0
20	141164.0
21	157419.0
22	183252.0
23	220453.0
24	267792.0
25	325506.0
26	396111.0
27	482709.0
28	590133.0
29	734738.0
30	928463.0
31	1197259.0
32	1583396.0
33	2138437.0
34	2945582.0
35	4297319.0
36	7585806.0
37	1.6568894E7
38	1.6014438E7
39	77653.0
>>END_MODULE
>>Per base sequence content	fail
#Base	G	A	T	C
1	24.828770936974777	13.433995226201354	15.049973328002556	46.68726050882132
2	22.615833422270445	19.2850501947362	37.48542977555408	20.613686607439274
3	27.262900968950653	22.77550084473126	24.654400652291013	25.307197534027075
4	27.525989550333808	29.52032226967722	19.902803451226777	23.050884728762195
5	28.617050526707725	31.226870232864034	21.444783328741764	18.711295911686477
6	22.961346135160124	34.14803449325529	21.419310119955846	21.471309251628742
7	19.736542712316265	17.780421681858883	39.9453910659951	22.537644539829753
8	20.805276628522424	21.931382399427886	28.503380384919875	28.75996058712981
9	21.58061143367611	21.43529761340528	30.89298450773581	26.0911064451828
10-11	25.079894661668632	30.350960025648522	21.23982686722269	23.329318445460153
12-13	23.140907970839475	24.06479140695676	27.820762768458756	24.973537853745007
14-15	23.773710344466068	25.397473709984585	26.84930060217276	23.979515343376583
16-17	24.453810169824475	25.627825880416292	25.911308318942773	24.007055630816453
18-19	24.170731659289032	26.029447682714853	25.693369003913784	24.106451654082328
20-21	24.277823788889055	25.98983209139547	25.83331301933528	23.89903110038019
22-23	24.14058806116787	26.287921011839522	25.88337278426688	23.688118142725735
24-25	23.95374122112615	26.263378340536896	25.85084298247625	23.9320374558607
26-27	23.859495413687007	26.20165754825136	26.119056423433427	23.8197906146282
28-29	24.10722777704718	25.91072858787834	25.98521085451119	23.99683278056329
30-31	23.817670595727567	26.23281992735425	25.969866013137832	23.97964346378035
32-33	23.92186291492075	26.135106062171783	25.974275698034642	23.96875532487282
34-35	24.24465084682988	26.111455149040747	25.75135787178561	23.89253613234376
36-37	24.001125923280007	26.138830992158773	25.895508819024982	23.964534265536237
38-39	23.980365184059508	26.186018936114262	25.928225944317052	23.90538993550918
40-41	24.108596670497217	26.053915916738024	25.825390084919402	24.012097327845353
42-43	23.827725553357755	26.093347700309565	26.03901144396651	24.03991530236617
44-45	23.911180950523896	26.142627438335207	26.08165226596632	23.864539345174578
46-47	24.123512154316636	26.125539419466676	25.89953853210842	23.85140989410827
48-49	23.961871446648683	26.085780628565956	25.915929966585566	24.03641795819979
50-51	24.084427829311686	25.921486621430923	26.012807031260678	23.981278517996714
52-53	24.027968996255574	26.205514311525867	25.727018274434492	24.03949841778406
54-55	23.890268656131532	26.171377083622737	25.907536764192457	24.030817496053274
56-57	23.971279153569625	26.001375857877917	26.08789417915608	23.93945080939638
58-59	23.93825554771754	26.09521650489081	26.01099704929239	23.955530898099266
60-61	23.914609323522885	25.979372186718024	26.115296658075003	23.990721831684088
62-63	23.91645568135033	26.225426073374525	26.07556410404638	23.78255414122877
64-65	23.94432209912976	26.212104154323885	25.961702944896725	23.881870801649633
66-67	23.872581168760185	26.216138230535613	25.9185743832992	23.992706217405
68-69	24.040555390115223	26.283652047319656	26.026529666958208	23.649262895606913
70-71	24.02037129128673	26.117727198902784	26.017136395521995	23.84476511428849
72-73	23.956881227126523	26.179808462318626	25.90838205407798	23.954928256476876
74-75	24.10211840781707	26.249255507967316	25.95777042489585	23.69085565931977
76-77	24.022888961469874	26.131973086943557	25.98208303037868	23.863054921207898
78-79	23.91215055154623	26.020739600635917	26.153707533645047	23.913402314172803
80-81	24.027683377212345	26.212810123109666	26.039222081302615	23.72028441837538
82-83	24.118121547594857	26.079161779973187	25.985024686694203	23.817691985737756
84-85	24.08362723704114	26.04514997360628	26.005664088930867	23.865558700421712
86-87	23.910940752011435	26.21695558256093	26.05856287468798	23.81354079073966
88-89	24.06404340854052	26.116003989083797	25.94346499223962	23.876487610136063
90-91	23.862852417156734	26.177792885043377	26.05589012497893	23.90346457282096
92-93	23.91878844356595	26.287064631594546	26.07582215826021	23.71832476657929
94-95	24.03881339012045	26.174690350272638	25.90578653195138	23.880709727655532
96-97	24.021074737510208	25.812849163084284	25.977567422354575	24.188508677050933
98-99	23.377191592565882	25.494493406459302	26.78823395737498	24.340081043599834
100	25.00981195143075	24.774744039635518	25.729381239011246	24.486062769922484
>>END_MODULE
>>Per sequence GC content	pass
#GC Content	Count
0	159.0
1	135.0
2	128.0
3	177.0
4	255.0
5	335.0
6	417.0
7	518.0
8	641.5
9	765.0
10	885.0
11	1066.0
12	1262.5
13	1505.5
14	1968.0
15	2678.5
16	3929.5
17	5835.5
18	9081.0
19	14868.5
20	24140.0
21	38180.5
22	59093.5
23	89013.0
24	132419.0
25	187246.5
26	249880.5
27	325973.0
28	411639.5
29	497595.5
30	580734.5
31	667106.5
32	764708.0
33	875553.5
34	974647.5
35	1060221.0
36	1179140.5
37	1327434.0
38	1435513.0
39	1523943.5
40	1597382.5
41	1660726.5
42	1818275.5
43	1962581.0
44	1997627.5
45	2038560.0
46	2085469.0
47	2073926.0
48	2077893.5
49	2098300.5
50	2094391.0
51	2033943.0
52	1928177.5
53	1852355.5
54	1790199.0
55	1693198.0
56	1569764.5
57	1459000.5
58	1376925.0
59	1318761.5
60	1254772.0
61	1173944.5
62	1080426.0
63	989709.0
64	895898.0
65	791900.0
66	688376.5
67	597548.5
68	511473.0
69	423798.5
70	345646.5
71	278628.5
72	225923.0
73	181523.5
74	144118.5
75	115348.5
76	90423.0
77	70017.5
78	51010.5
79	35426.5
80	24496.5
81	16064.5
82	10024.0
83	6416.0
84	4255.5
85	2883.5
86	2102.5
87	1579.0
88	1203.0
89	918.0
90	737.0
91	633.5
92	506.5
93	397.0
94	316.0
95	236.0
96	203.5
97	172.5
98	133.0
99	115.5
100	218.0
>>END_MODULE
>>Per base N content	pass
#Base	N-Count
1	7.672893547972457E-4
2	1.5277885383131004E-5
3	0.0
4	0.0
5	1.5277885383131004E-5
6	0.0
7	0.0
8	0.0
9	5.228431886671498E-4
10-11	2.631191371539228E-5
12-13	0.0
14-15	0.0
16-17	4.498488473921906E-4
18-19	0.0
20-21	0.0
22-23	0.0
24-25	5.092787835774399E-6
26-27	0.0
28-29	0.0
30-31	0.0
32-33	0.0
34-35	0.0
36-37	0.0
38-39	0.0
40-41	0.0
42-43	0.0
44-45	0.0
46-47	0.0
48-49	8.404239006472257E-5
50-51	2.5467707443581832E-6
52-53	3.8456725330377866E-4
54-55	5.942616869031448E-6
56-57	1.7743224051627857E-4
58-59	0.0027769855459388033
60-61	1.1885812624561724E-5
62-63	0.0
64-65	9.356230071633233E-4
66-67	0.0
68-69	1.6726554240335183E-4
70-71	4.500173192986234E-5
72-73	0.0
74-75	0.0
76-77	3.4222132499282505E-4
78-79	3.1930884988000993E-4
80-81	0.007094880196357476
82-83	0.005411222503455929
84-85	6.200954537565896E-4
86-87	3.92497016831521E-4
88-89	2.54910900992776E-6
90-91	4.674509286375899E-5
92-93	3.434783693986755E-4
94-95	0.0
96-97	7.683470781519279E-6
98-99	4.6255648862023766E-5
100	8.256196947825374E-4
>>END_MODULE
>>Sequence Length Distribution	warn
#Length	Count
20-21	908.0
22-23	749.0
24-25	871.0
26-27	675.0
28-29	703.0
30-31	620.0
32-33	610.0
34-35	604.0
36-37	689.0
38-39	648.0
40-41	622.0
42-43	612.0
44-45	659.0
46-47	674.0
48-49	735.0
50-51	745.0
52-53	734.0
54-55	857.0
56-57	918.0
58-59	994.0
60-61	1201.0
62-63	1278.0
64-65	1326.0
66-67	1447.0
68-69	1696.0
70-71	1928.0
72-73	2171.0
74-75	2339.0
76-77	2688.0
78-79	3449.0
80-81	4677.0
82-83	6132.0
84-85	7603.0
86-87	9110.0
88-89	13006.0
90-91	18495.0
92-93	24676.0
94-95	91247.0
96-97	1409280.0
98-99	0.0
100-101	5.72903E7
>>END_MODULE
>>Sequence Duplication Levels	fail
#Total Deduplicated Percentage	36.34492218211994
#Duplication Level	Percentage of deduplicated	Percentage of total
1	71.52117311359608	25.99431471187578
2	13.49785471656612	9.811569585983124
3	5.216310983708439	5.687592503418623
4	2.7166902395641093	3.949515813995293
5	1.6218689802170574	2.947335093779159
6	1.0861015222235775	2.368456518425876
7	0.7269699573815112	1.849516657083905
8	0.5346560361867594	1.5545625623526778
9	0.3854458862272535	1.2608100666313007
>10	2.3206999790215384	15.457984108228429
>50	0.19875954112516542	5.017747873337351
>100	0.14470844513375775	10.451102432210524
>500	0.016558141134594515	4.179165450941746
>1k	0.011589480657019627	7.7355218178255605
>5k	5.193929429955382E-4	1.219473327744435
>10k+	9.358431405325012E-5	0.5153314761662775
>>END_MODULE
>>Overrepresented sequences	pass
>>END_MODULE
>>Adapter Content	pass
#Position	Illumina Universal Adapter	Illumina Small RNA 3' Adapter	Illumina Small RNA 5' Adapter	Nextera Transposase Sequence	SOLID Small RNA Adapter
1	0.0	3.904348486800145E-5	0.0	1.867297102382678E-5	6.790171281391556E-6
2	0.0	1.408960540888748E-4	0.0	1.37500968448179E-4	6.790171281391556E-6
3	0.0	1.5787148229235367E-4	0.0	1.4768622537026635E-4	8.487714101739445E-6
4	6.790171281391556E-6	1.5956902511270155E-4	0.0	1.7145182485513679E-4	1.0185256922087334E-5
5	8.487714101739445E-6	1.6466165357374523E-4	0.0	1.7145182485513679E-4	1.0185256922087334E-5
6	1.1882799742435223E-5	1.6805673921444102E-4	0.0	1.7314936767548467E-4	1.0185256922087334E-5
7	1.5277885383131E-5	2.5293388023183544E-4	0.0	1.7484691049583258E-4	1.0185256922087334E-5
8	1.5277885383131E-5	2.6651422279461856E-4	0.0	1.850321674179199E-4	1.1882799742435223E-5
9	1.697542820347889E-5	2.817921081777496E-4	0.0	1.9012479587896357E-4	1.3580342562783113E-5
10-11	2.3765599484870447E-5	2.919773650998369E-4	0.0	1.9521742434000722E-4	1.6126656793304945E-5
12-13	3.479962781713173E-5	3.0555770766262005E-4	0.0	1.9776373857052906E-4	2.0370513844174668E-5
14-15	4.0741027688349336E-5	3.301720785576644E-4	0.0	2.13890395363834E-4	2.2068056664522558E-5
16-17	4.5833656149393004E-5	3.530889066323609E-4	0.0	2.3341213779783473E-4	2.461437089504439E-5
18-19	5.0077513200262724E-5	3.760057347070574E-4	0.0	2.495387945911397E-4	2.5463142305218336E-5
20-21	6.026277012235006E-5	3.887373058596666E-4	0.0	2.631191371539228E-4	2.7160685125566222E-5
22-23	6.790171281391556E-5	4.082590482936673E-4	0.0	2.766994797167059E-4	2.9706999356088056E-5
24-25	8.742345524791629E-5	4.27780790727668E-4	1.697542820347889E-6	3.0046507920157637E-4	3.0555770766262E-5
26-27	1.0355011204122123E-4	4.506976188023645E-4	1.697542820347889E-6	3.182892788152292E-4	3.989225627817539E-5
28-29	1.1967676883452618E-4	4.6682427559566946E-4	1.697542820347889E-6	3.301720785576644E-4	4.7531198969740894E-5
30-31	1.4598868254991844E-4	4.965312749517575E-4	1.697542820347889E-6	3.327183927881862E-4	4.922874179008878E-5
32-33	1.6720796780426707E-4	5.202968744366279E-4	1.697542820347889E-6	3.378110212492299E-4	5.34725988409585E-5
34-35	1.8333462459757202E-4	5.398186168706286E-4	1.697542820347889E-6	3.395085640695778E-4	5.432137025113245E-5
36-37	2.003100528010509E-4	5.678280734063689E-4	1.697542820347889E-6	3.395085640695778E-4	5.771645589182822E-5
38-39	2.206805666452256E-4	5.915936728912393E-4	1.697542820347889E-6	3.4120610688992566E-4	5.771645589182822E-5
40-41	2.44446166130096E-4	6.051740154540224E-4	1.697542820347889E-6	3.4799627817131725E-4	6.365785576304584E-5
42-43	2.75001936896358E-4	6.238469864778492E-4	1.697542820347889E-6	3.700643348358398E-4	6.620416999356768E-5
44-45	2.9876753638122846E-4	6.654367855763726E-4	1.697542820347889E-6	3.7345942047653556E-4	6.790171281391557E-5
46-47	3.106503361236637E-4	7.121192131359394E-4	1.697542820347889E-6	3.9043484868001444E-4	6.959925563426345E-5
48-49	3.250794500966207E-4	7.392798982615057E-4	1.697542820347889E-6	4.201418480361025E-4	6.959925563426345E-5
50-51	3.386597926594039E-4	7.545577836446367E-4	3.395085640695778E-6	4.3711727623958144E-4	6.959925563426345E-5
52-53	3.4969382099166516E-4	8.26703353509422E-4	3.395085640695778E-6	4.4560499034132083E-4	7.214556986478529E-5
54-55	3.6751802060531796E-4	8.946050663233376E-4	3.395085640695778E-6	4.506976188023645E-4	7.554065550548106E-5
56-57	3.8194713457827506E-4	9.344973226015128E-4	3.395085640695778E-6	4.634291899549737E-4	7.978451255635078E-5
58-59	3.946787057308842E-4	9.616580077270792E-4	3.395085640695778E-6	4.982288177721054E-4	8.742345524791629E-5
60-61	4.0571273406314547E-4	9.718432646491665E-4	3.395085640695778E-6	5.848035016098477E-4	9.166731229878601E-5
62-63	4.209906194462765E-4	0.0010278621777206468	3.395085640695778E-6	6.314859291694147E-4	9.251608370895995E-5
64-65	4.328734191887117E-4	0.0010516277772055172	3.395085640695778E-6	6.662855569865465E-4	9.930625499035151E-5
66-67	4.498488473921906E-4	0.0011084954616871715	3.395085640695778E-6	6.88353613651069E-4	1.0185256922087334E-4
68-69	4.7361444687706104E-4	0.0011118905473278674	3.395085640695778E-6	7.477676123632451E-4	1.0355011204122123E-4
70-71	4.89741103670366E-4	0.0011271684327109981	3.395085640695778E-6	7.944500399228121E-4	1.0355011204122123E-4
72-73	5.118091603348886E-4	0.0011831873457824786	3.395085640695778E-6	8.394349246620311E-4	1.0439888345139517E-4
74-75	5.330284455892371E-4	0.0012145918879589144	3.395085640695778E-6	8.776296381198586E-4	1.0524765486156912E-4
76-77	5.533989594334118E-4	0.0012442988873150027	3.395085640695778E-6	8.963026091436854E-4	1.0609642627174306E-4
78-79	5.686768448165428E-4	0.0012587280012879597	3.395085640695778E-6	9.022440090149029E-4	1.06945197681917E-4
80-81	5.80559644558978E-4	0.001268913258210047	3.395085640695778E-6	9.64204321957601E-4	1.086427405022649E-4
82-83	6.280908435287189E-4	0.0012892837720542218	3.395085640695778E-6	9.803309787509058E-4	1.086427405022649E-4
84-85	6.459150431423718E-4	0.00134700022794605	5.092628461043667E-6	0.0010202232350290813	1.0949151191243884E-4
86-87	6.518564430135894E-4	0.001388590027044573	5.092628461043667E-6	0.0012061041738571751	1.1203782614296068E-4
88-89	6.527052144237633E-4	0.0014004728267870085	5.941399871217612E-6	0.0012875862292338737	1.1288659755313462E-4
>>END_MODULE
