##FastQC	0.11.8
>>Basic Statistics	pass
#Measure	Value
Filename	SRR3184290_2.gz
File type	Conventional base calls
Encoding	Sanger / Illumina 1.9
Total Sequences	105293121
Sequences flagged as poor quality	0
Sequence length	20-100
%GC	49
>>END_MODULE
>>Per base sequence quality	pass
#Base	Mean	Median	Lower Quartile	Upper Quartile	10th Percentile	90th Percentile
1	31.921722455163998	33.0	33.0	33.0	33.0	33.0
2	31.94299552579508	33.0	33.0	33.0	33.0	33.0
3	31.963869700471694	33.0	33.0	33.0	33.0	33.0
4	35.74935986558894	37.0	37.0	37.0	33.0	37.0
5	35.73196155900821	37.0	37.0	37.0	33.0	37.0
6	35.72014826115753	37.0	37.0	37.0	33.0	37.0
7	35.723080285558254	37.0	37.0	37.0	33.0	37.0
8	35.69311140468521	37.0	37.0	37.0	33.0	37.0
9	35.70136900966209	37.0	37.0	37.0	33.0	37.0
10-11	35.72109145192876	37.0	37.0	37.0	33.0	37.0
12-13	35.67164862080591	37.0	37.0	37.0	33.0	37.0
14-15	37.586331936157535	40.0	37.0	40.0	33.0	40.0
16-17	37.55090596564233	40.0	37.0	40.0	33.0	40.0
18-19	37.520579763230685	40.0	37.0	40.0	33.0	40.0
20-21	37.48209729975496	40.0	37.0	40.0	33.0	40.0
22-23	37.42855288850491	40.0	37.0	40.0	33.0	40.0
24-25	37.36204159088426	40.0	37.0	40.0	33.0	40.0
26-27	37.28783121530645	40.0	37.0	40.0	33.0	40.0
28-29	37.19991381958126	40.0	37.0	40.0	33.0	40.0
30-31	37.10626094058614	40.0	37.0	40.0	33.0	40.0
32-33	36.99026218088426	40.0	37.0	40.0	33.0	40.0
34-35	36.900782659382585	40.0	37.0	40.0	33.0	40.0
36-37	36.77839355717728	40.0	37.0	40.0	33.0	40.0
38-39	36.64939338630441	40.0	37.0	40.0	33.0	40.0
40-41	36.50124825815563	40.0	37.0	40.0	33.0	40.0
42-43	36.364003458642216	40.0	37.0	40.0	33.0	40.0
44-45	36.20048248457863	38.5	37.0	40.0	33.0	40.0
46-47	36.04273791006017	37.0	37.0	40.0	33.0	40.0
48-49	35.86272531430434	37.0	37.0	40.0	30.0	40.0
50-51	35.10309265400244	37.0	35.0	38.5	27.0	40.0
52-53	35.08983024651502	37.0	35.0	40.0	27.0	40.0
54-55	35.53299922945804	37.0	37.0	40.0	27.0	40.0
56-57	35.60112750407785	37.0	37.0	40.0	27.0	40.0
58-59	35.43729817529164	37.0	37.0	40.0	27.0	40.0
60-61	35.22377943961958	37.0	35.0	40.0	27.0	40.0
62-63	35.11267545066137	37.0	33.0	40.0	27.0	40.0
64-65	34.97358436409598	37.0	33.0	40.0	27.0	40.0
66-67	34.7523142429254	37.0	33.0	38.5	27.0	40.0
68-69	34.510220596598884	37.0	33.0	37.0	27.0	40.0
70-71	34.27104607347012	37.0	33.0	37.0	27.0	40.0
72-73	34.0369646800486	37.0	33.0	37.0	27.0	40.0
74-75	33.80187798406194	37.0	33.0	37.0	27.0	40.0
76-77	33.57127246189598	37.0	33.0	37.0	27.0	37.0
78-79	33.3565896349663	37.0	33.0	37.0	27.0	37.0
80-81	33.15082091215686	37.0	33.0	37.0	27.0	37.0
82-83	32.97168097388858	37.0	33.0	37.0	27.0	37.0
84-85	32.793755970935415	37.0	33.0	37.0	27.0	37.0
86-87	32.639761605732915	37.0	33.0	37.0	27.0	37.0
88-89	32.49141489364784	37.0	33.0	37.0	27.0	37.0
90-91	32.333790666089655	37.0	33.0	37.0	22.0	37.0
92-93	32.1801962912822	37.0	33.0	37.0	22.0	37.0
94-95	32.02949566028434	37.0	33.0	37.0	22.0	37.0
96-97	31.847155141458316	37.0	33.0	37.0	22.0	37.0
98-99	31.64949474874169	37.0	33.0	37.0	22.0	37.0
100	30.845315628326137	33.0	33.0	37.0	15.0	37.0
>>END_MODULE
>>Per sequence quality scores	pass
#Quality	Count
2	799405.0
3	173282.0
4	144043.0
5	136545.0
6	140012.0
7	152702.0
8	165270.0
9	180446.0
10	197352.0
11	203244.0
12	205881.0
13	205897.0
14	210701.0
15	217645.0
16	223270.0
17	230577.0
18	239121.0
19	251179.0
20	272193.0
21	306497.0
22	355360.0
23	424967.0
24	512740.0
25	620907.0
26	753693.0
27	915763.0
28	1112750.0
29	1369804.0
30	1709164.0
31	2182056.0
32	2876383.0
33	3907404.0
34	5426243.0
35	7984400.0
36	1.3937532E7
37	2.9170709E7
38	2.7153812E7
39	224172.0
>>END_MODULE
>>Per base sequence content	fail
#Base	G	A	T	C
1	25.871979968167118	13.537994981476947	12.65876692073054	47.93125812962539
2	22.45995338773078	19.35485651507736	38.73510638055311	19.45008371663875
3	26.049932729261542	22.452973659245067	25.194710834626466	26.302382776866924
4	26.838580941686303	30.797843490213157	19.585738289644226	22.777837278456317
5	28.37487251658169	31.576121795899336	20.8937890776781	19.15521660984087
6	21.99815123724939	33.91170255082476	21.70708948783083	22.383056724095017
7	19.483475088557782	16.531555750921278	40.50207610428795	23.48289305623299
8	20.587953699273477	20.392755762268646	28.399360486237274	30.6199300522206
9	21.50428516597965	19.984050050145253	30.809828497723036	27.701836286152066
10-11	25.46438195140972	29.682880707847954	20.847084112930798	24.00565322781153
12-13	23.357838352991738	23.418532726368703	27.81022038467261	25.41340853596694
14-15	24.03865169487777	24.78045166456803	26.75469972217398	24.42619691838022
16-17	24.782895152278453	25.15981512264389	25.46374901614944	24.593540708928217
18-19	24.614393256186435	25.429738253147082	25.252982379041562	24.70288611162492
20-21	24.64434745389438	25.45860587044481	25.43154461897578	24.46550205668503
22-23	24.62280276086072	25.7473526558582	25.43289714628339	24.196947436997693
24-25	24.56235357793529	25.744060735615175	25.37651808680935	24.317067599640183
26-27	24.3244142714488	25.752848293392727	25.589434608891526	24.333302826266948
28-29	24.402743306298685	25.5071298558285	25.5205030162318	24.56962382164102
30-31	24.31663522072599	25.60912400425574	25.494974315904578	24.57926645911369
32-33	24.323607016011948	25.734389841491716	25.56632497239496	24.375678170101374
34-35	24.55067511501723	25.70733289276259	25.303543023123808	24.43844896909637
36-37	24.411142273586336	25.539112185485468	25.393357458488396	24.656388082439797
38-39	24.325620803864496	25.64852452861312	25.533392681112066	24.492461986410323
40-41	24.566299239488025	25.625931533300385	25.37043312699047	24.43733610022112
42-43	24.387410744151527	25.495571307840414	25.55808036469338	24.558937583314677
44-45	24.33927995680053	25.67357572691132	25.61666780535704	24.37047651093111
46-47	24.482232900886	25.62020933386437	25.434453272650327	24.463104492599307
48-49	24.393349305806606	25.53954047774901	25.482114124781102	24.58499609166328
50-51	24.349356081089585	25.63199904243973	25.538337678215573	24.48030719825511
52-53	24.46016345920755	25.734437722950116	25.31295077934023	24.492448038502097
54-55	24.33020608396089	25.54838919970997	25.45499324652688	24.666411469802267
56-57	24.30416852004778	25.60842849918952	25.569092490596535	24.51831049016616
58-59	24.547491520781673	25.622585024673672	25.397967600519877	24.431955854024782
60-61	24.39523357356785	25.62644193569615	25.401528831349378	24.57679565938662
62-63	24.25149234076085	25.712587411839717	25.609102770769542	24.426817476629886
64-65	24.478686236007135	25.685391488456283	25.413112541248754	24.42280973428783
66-67	24.399850792882436	25.590736293143422	25.445994379405075	24.563418534569067
68-69	24.40472148680562	25.675417334894362	25.553201994185827	24.366659184114194
70-71	24.421893689859317	25.671441098774018	25.370726298004353	24.53593891336231
72-73	24.36744775606699	25.691071540970395	25.378691783432267	24.562788919530345
74-75	24.439068071237312	25.77646553911101	25.426402372446095	24.35806401720558
76-77	24.55642183313855	25.648031958860372	25.361402743341788	24.434143464659293
78-79	24.45915205502339	25.484972354857188	25.540780446536765	24.51509514358266
80-81	24.4360525523798	25.6774513256031	25.528784883281364	24.35771123873574
82-83	24.493045453991254	25.631306018664656	25.466557004911817	24.409091522432277
84-85	24.476514767271116	25.571453793337877	25.52110452521386	24.430926914177146
86-87	24.407878280454494	25.72631146290266	25.55808863715602	24.30772161948683
88-89	24.533087511714402	25.659444284365208	25.391915188960684	24.41555301495971
90-91	24.413691805644945	25.6074603057739	25.44324185850651	24.535606030074646
92-93	24.434947232214636	25.68805540580502	25.56287459531303	24.314122766667314
94-95	24.630749441988716	25.608272351479844	25.27809122623324	24.4828869802982
96-97	24.520010686707337	25.37615921803806	25.44658402643552	24.65724606881907
98-99	23.79915509371123	25.07379329910289	26.095050369335805	25.032001237850082
100	25.348860858643903	24.22743067853583	25.30776754228985	25.115940920530416
>>END_MODULE
>>Per sequence GC content	pass
#GC Content	Count
0	167.0
1	189.5
2	232.0
3	285.0
4	366.5
5	472.5
6	572.5
7	705.5
8	900.0
9	1103.5
10	1308.0
11	1546.5
12	1886.0
13	2336.5
14	3114.5
15	4461.0
16	6900.5
17	10716.5
18	17125.0
19	27633.5
20	45568.0
21	72000.5
22	111998.5
23	169026.5
24	240940.5
25	336534.0
26	459998.0
27	599358.5
28	750872.5
29	912429.5
30	1073593.5
31	1247848.5
32	1419336.0
33	1570479.5
34	1721887.5
35	1882401.5
36	2048863.5
37	2224001.0
38	2383228.0
39	2543866.0
40	2676820.5
41	2770100.0
42	2886429.0
43	3013300.5
44	3111455.0
45	3205541.0
46	3302674.5
47	3327428.0
48	3333670.5
49	3326405.5
50	3330443.0
51	3373658.0
52	3370542.5
53	3311905.5
54	3260693.0
55	3216425.0
56	3123654.5
57	2958030.0
58	2817006.0
59	2730015.5
60	2594325.5
61	2436666.0
62	2236697.0
63	2035892.0
64	1856373.5
65	1654437.0
66	1457147.5
67	1275907.5
68	1096045.5
69	918178.5
70	748469.5
71	602608.5
72	519459.0
73	443270.0
74	364909.5
75	305659.0
76	250588.0
77	209566.0
78	169101.0
79	125099.5
80	92032.5
81	67006.0
82	46131.5
83	31026.0
84	19658.5
85	12727.0
86	9006.0
87	6785.0
88	5190.5
89	4037.0
90	3173.5
91	2571.0
92	2120.0
93	1637.5
94	1193.0
95	912.0
96	728.0
97	557.0
98	375.0
99	255.0
100	167.5
>>END_MODULE
>>Per base N content	pass
#Base	N-Count
1	0.2161090846571069
2	0.03160795281203603
3	0.03029732588133654
4	0.026796622354845007
5	0.01863939430573057
6	0.0
7	0.0
8	0.0
9	0.0
10-11	0.0
12-13	0.0
14-15	2.355329556619373E-4
16-17	0.005619075532959081
18-19	9.544783082268023E-4
20-21	0.0
22-23	1.8995052952152957E-6
24-25	0.0
26-27	0.0
28-29	0.0
30-31	0.0
32-33	0.0
34-35	0.0
36-37	0.0
38-39	0.0
40-41	0.0
42-43	0.0
44-45	0.0
46-47	0.0
48-49	0.0
50-51	0.0
52-53	0.0
54-55	0.0
56-57	0.0
58-59	0.0
60-61	0.0
62-63	0.0
64-65	0.0
66-67	0.0
68-69	0.0
70-71	0.0
72-73	0.0
74-75	0.0
76-77	0.0
78-79	0.0
80-81	0.0
82-83	0.0
84-85	0.0
86-87	0.0
88-89	0.0
90-91	0.0
92-93	0.0
94-95	0.0
96-97	0.0
98-99	0.0
100	1.0083496900257426E-4
>>END_MODULE
>>Sequence Length Distribution	warn
#Length	Count
20-21	2057.0
22-23	1918.0
24-25	1682.0
26-27	1557.0
28-29	1471.0
30-31	1263.0
32-33	1238.0
34-35	1282.0
36-37	1448.0
38-39	1505.0
40-41	1387.0
42-43	1456.0
44-45	1652.0
46-47	2054.0
48-49	2806.0
50-51	3490.0
52-53	3898.0
54-55	4640.0
56-57	7404.0
58-59	11390.0
60-61	14758.0
62-63	17383.0
64-65	19579.0
66-67	25994.0
68-69	37726.0
70-71	51784.0
72-73	65110.0
74-75	73801.0
76-77	87733.0
78-79	113868.0
80-81	151659.0
82-83	195379.0
84-85	222385.0
86-87	246364.0
88-89	295160.0
90-91	365654.0
92-93	439300.0
94-95	601713.0
96-97	3040228.0
98-99	0.0
100-101	9.9171945E7
>>END_MODULE
>>Sequence Duplication Levels	fail
#Total Deduplicated Percentage	34.43677517478434
#Duplication Level	Percentage of deduplicated	Percentage of total
1	66.04600856122298	22.744115480147173
2	14.866104560556723	10.238814009534558
3	6.232950225099358	6.43928116732104
4	3.378442198939284	4.653706177835046
5	2.1275811953478696	3.6633517645146747
6	1.394413855679643	2.881146986918642
7	0.9976293600752542	2.4048596586472852
8	0.7276271078741349	2.0045704899952104
9	0.5606982354768985	1.7377775168414618
>10	3.248389981556113	20.478613900086824
>50	0.24934658319504624	5.933421848267393
>100	0.15352913185149777	10.114712008649764
>500	0.011540136481265579	2.713895781797005
>1k	0.005520942406716609	3.361328092444042
>5k	1.8482182117922455E-4	0.42052118154887097
>10k+	3.310241573359245E-5	0.20988393545128986
>>END_MODULE
>>Overrepresented sequences	pass
>>END_MODULE
>>Adapter Content	pass
#Position	Illumina Universal Adapter	Illumina Small RNA 3' Adapter	Illumina Small RNA 5' Adapter	Nextera Transposase Sequence	SOLID Small RNA Adapter
1	9.497296599271666E-7	1.614540421876183E-5	0.0	1.1396755919126E-5	0.0
2	9.497296599271666E-7	8.642539905337216E-5	0.0	8.262648041366349E-5	0.0
3	9.497296599271666E-7	9.212377701293515E-5	0.0	8.642539905337216E-5	0.0
4	1.2346485579053165E-5	9.402323633278948E-5	0.0	9.687242531257099E-5	0.0
5	1.7095133878689E-5	9.782215497249816E-5	0.0	9.782215497249816E-5	0.0
6	1.899459319854333E-5	1.0067134395227966E-4	0.0	9.782215497249816E-5	0.0
7	1.99443228584705E-5	1.3771080068943916E-4	0.0	9.782215497249816E-5	0.0
8	2.469297115810633E-5	1.4910755660856514E-4	0.0	1.0257080327213399E-4	0.0
9	2.8491889797814997E-5	1.59554582867764E-4	0.0	1.1016864055155131E-4	0.0
10-11	3.798918639708667E-5	1.7190106844681714E-4	0.0	1.1159323504144207E-4	3.324053809745083E-6
12-13	4.843621265628549E-5	1.8519728368579746E-4	4.748648299635833E-7	1.1634188334107791E-4	7.597837279417333E-6
14-15	6.885540034471958E-5	2.1511376797350322E-4	9.497296599271666E-7	1.25364315110386E-4	8.072702109380916E-6
16-17	8.737512871329932E-5	2.5120349505073557E-4	9.497296599271666E-7	1.391353951793299E-4	1.1396755919125998E-5
18-19	1.0352053293206115E-4	2.640248454597523E-4	9.497296599271666E-7	1.4863269177860158E-4	1.3771080068943914E-5
20-21	1.282135040901675E-4	2.758964662088419E-4	9.497296599271666E-7	1.6097917735765472E-4	1.4720809728871083E-5
22-23	1.4958242143852873E-4	2.8586862763807714E-4	9.497296599271666E-7	1.7949890572623449E-4	1.5195674558834666E-5
24-25	1.7712458157641655E-4	3.015391670268754E-4	9.497296599271666E-7	1.9516944511503272E-4	1.614540421876183E-5
26-27	2.0609133620419514E-4	3.13410787775965E-4	9.497296599271666E-7	2.0561647137423158E-4	1.8519728368579748E-5
28-29	2.2888484804244714E-4	3.2528240852505453E-4	9.497296599271666E-7	2.1131484933379456E-4	2.1368917348361247E-5
30-31	2.554772785204078E-4	3.3620429961421695E-4	9.497296599271666E-7	2.2033728110310263E-4	2.2318647008288416E-5
32-33	2.768461958687691E-4	3.580480817925418E-4	9.497296599271666E-7	2.2888484804244714E-4	2.5167835988069912E-5
34-35	2.99639707707021E-4	3.775175398210487E-4	9.497296599271666E-7	2.3458322600201014E-4	2.7067295307924246E-5
36-37	3.210086250553823E-4	4.1693132070802616E-4	9.497296599271666E-7	2.3885700947168237E-4	2.896675462777858E-5
38-39	3.4285240723370714E-4	4.373505083964602E-4	1.42459448989075E-6	2.440805226012818E-4	2.9916484287705745E-5
40-41	3.675453783918135E-4	4.492221291455498E-4	2.3743241498179167E-6	2.5120349505073557E-4	3.13410787775965E-5
42-43	3.8796456608024754E-4	4.596691554047486E-4	2.8491889797815E-6	2.687734937593881E-4	3.3240538097450834E-5
44-45	4.083837537686816E-4	4.8151293758307343E-4	2.8491889797815E-6	2.758964662088419E-4	3.4190267757378E-5
46-47	4.3640077873653303E-4	5.085802328909977E-4	2.8491889797815E-6	2.834943034882592E-4	3.4665132587341586E-5
48-49	4.625183443845301E-4	5.27574826089541E-4	2.8491889797815E-6	2.948910594073852E-4	3.6564591907195916E-5
50-51	4.805632079231463E-4	5.427705006483758E-4	2.8491889797815E-6	3.115113284561106E-4	3.7514321567123075E-5
52-53	5.062059087411798E-4	5.864580650050254E-4	2.8491889797815E-6	3.262321381849817E-4	3.798918639708666E-5
54-55	5.380218523487398E-4	6.177991437826219E-4	2.8491889797815E-6	3.3620429961421695E-4	3.8938916057013826E-5
56-57	5.707875256162271E-4	6.453413039205096E-4	2.8491889797815E-6	3.5045024451312446E-4	4.178810503679533E-5
58-59	6.163745492927311E-4	6.681348157587617E-4	3.324053809745083E-6	3.7561808050119434E-4	4.416242918661324E-5
60-61	6.633861674591257E-4	6.842802199775235E-4	3.7989186397086664E-6	4.21679969007662E-4	4.4637294016576825E-5
62-63	7.512361610023887E-4	7.208448118847194E-4	3.7989186397086664E-6	4.435237511859868E-4	4.748648299635833E-5
64-65	8.333877765860887E-4	7.336661622937362E-4	3.7989186397086664E-6	4.5919429057478505E-4	5.033567197613983E-5
66-67	9.37858039178077E-4	7.678564300511142E-4	3.7989186397086664E-6	4.753396947935469E-4	5.1285401636066996E-5
68-69	0.001034730464490648	7.759291321604951E-4	5.223513129599416E-6	5.043064494213254E-4	5.1760266466030575E-5
70-71	0.0011135580262646029	7.982477791687835E-4	5.698377959563E-6	5.294742854093954E-4	5.318486095592133E-5
72-73	0.0012232518019861904	8.27214533796562E-4	5.698377959563E-6	5.475191489480115E-4	5.603404993570283E-5
74-75	0.0013828063848539546	8.50008045634814E-4	5.698377959563E-6	5.736367145960086E-4	5.983296857541149E-5
76-77	0.0015266904283329202	8.604550718940129E-4	5.698377959563E-6	5.945307671144063E-4	6.173242789526582E-5
78-79	0.0016439820413339254	8.690026388333574E-4	5.698377959563E-6	5.997542802440056E-4	6.220729272522941E-5
80-81	0.0017911901386226362	8.803993947524834E-4	5.698377959563E-6	6.377434666410924E-4	6.2682157555193E-5
82-83	0.0021083998450383097	8.989191231210632E-4	5.698377959563E-6	6.491402225602184E-4	6.2682157555193E-5
84-85	0.002337284693080757	9.407072281578585E-4	6.173242789526583E-6	6.752577882082155E-4	6.315702238515657E-5
86-87	0.0024265592811139104	9.658750641459283E-4	6.648107619490166E-6	7.640575114114055E-4	6.458161687504732E-5
88-89	0.002427983875603801	9.815456035347267E-4	7.122972449453749E-6	7.968231846788927E-4	6.695594102486523E-5
>>END_MODULE
