##FastQC	0.11.8
>>Basic Statistics	pass
#Measure	Value
Filename	SRR3184286_2.gz
File type	Conventional base calls
Encoding	Sanger / Illumina 1.9
Total Sequences	85396438
Sequences flagged as poor quality	0
Sequence length	20-100
%GC	48
>>END_MODULE
>>Per base sequence quality	pass
#Base	Mean	Median	Lower Quartile	Upper Quartile	10th Percentile	90th Percentile
1	32.11073492315921	33.0	33.0	33.0	33.0	33.0
2	32.14639451355102	33.0	33.0	33.0	33.0	33.0
3	32.16380402189609	33.0	33.0	33.0	33.0	33.0
4	35.983872781672694	37.0	37.0	37.0	37.0	37.0
5	35.96700898695564	37.0	37.0	37.0	37.0	37.0
6	35.96902451598742	37.0	37.0	37.0	37.0	37.0
7	35.95386814611635	37.0	37.0	37.0	37.0	37.0
8	35.93496266202579	37.0	37.0	37.0	33.0	37.0
9	35.94699607962571	37.0	37.0	37.0	37.0	37.0
10-11	35.96911127019139	37.0	37.0	37.0	37.0	37.0
12-13	35.92914820990543	37.0	37.0	37.0	35.0	37.0
14-15	37.96321373498037	40.0	37.0	40.0	37.0	40.0
16-17	37.938035079402255	40.0	37.0	40.0	37.0	40.0
18-19	37.918087391420244	40.0	37.0	40.0	37.0	40.0
20-21	37.89322449024723	40.0	37.0	40.0	35.0	40.0
22-23	37.85526676138975	40.0	37.0	40.0	33.0	40.0
24-25	37.80249518434384	40.0	37.0	40.0	33.0	40.0
26-27	37.744575823509	40.0	37.0	40.0	33.0	40.0
28-29	37.67475741165932	40.0	37.0	40.0	33.0	40.0
30-31	37.59843561864264	40.0	37.0	40.0	33.0	40.0
32-33	37.50438376151381	40.0	37.0	40.0	33.0	40.0
34-35	37.43460106952671	40.0	37.0	40.0	33.0	40.0
36-37	37.33209209163814	40.0	37.0	40.0	33.0	40.0
38-39	37.22654349910468	40.0	37.0	40.0	33.0	40.0
40-41	37.102575270233714	40.0	37.0	40.0	33.0	40.0
42-43	36.98798818669505	40.0	37.0	40.0	33.0	40.0
44-45	36.84533503583283	40.0	37.0	40.0	33.0	40.0
46-47	36.704417223647255	40.0	37.0	40.0	33.0	40.0
48-49	36.54690973960332	40.0	37.0	40.0	33.0	40.0
50-51	35.80273633840625	37.0	35.0	38.5	33.0	40.0
52-53	35.79900769577792	37.0	37.0	40.0	33.0	40.0
54-55	36.24691533627534	37.0	37.0	40.0	33.0	40.0
56-57	36.32104327828125	37.0	37.0	40.0	33.0	40.0
58-59	36.169879472154335	37.0	37.0	40.0	33.0	40.0
60-61	35.967335526388354	37.0	37.0	40.0	33.0	40.0
62-63	35.862840738056406	37.0	37.0	40.0	33.0	40.0
64-65	35.72423084558368	37.0	37.0	40.0	33.0	40.0
66-67	35.50530058078719	37.0	37.0	40.0	33.0	40.0
68-69	35.272493605325565	37.0	37.0	38.5	33.0	40.0
70-71	35.03499340175836	37.0	33.0	37.0	33.0	40.0
72-73	34.80775301659966	37.0	33.0	37.0	33.0	40.0
74-75	34.582918938461454	37.0	33.0	37.0	30.0	40.0
76-77	34.36015349852789	37.0	33.0	37.0	27.0	37.0
78-79	34.15760128502686	37.0	33.0	37.0	27.0	37.0
80-81	33.9634877103273	37.0	33.0	37.0	27.0	37.0
82-83	33.795802453483546	37.0	33.0	37.0	27.0	37.0
84-85	33.6331462800812	37.0	33.0	37.0	27.0	37.0
86-87	33.494691886181094	37.0	33.0	37.0	27.0	37.0
88-89	33.367109331294344	37.0	33.0	37.0	27.0	37.0
90-91	33.23208755818197	37.0	33.0	37.0	27.0	37.0
92-93	33.104732462773526	37.0	33.0	37.0	27.0	37.0
94-95	32.973891898677536	37.0	33.0	37.0	27.0	37.0
96-97	32.81983467598637	37.0	33.0	37.0	27.0	37.0
98-99	32.65644826389876	37.0	33.0	37.0	27.0	37.0
100	31.864208268689097	33.0	33.0	37.0	22.0	37.0
>>END_MODULE
>>Per sequence quality scores	pass
#Quality	Count
2	869228.0
3	81998.0
4	64516.0
5	62128.0
6	62489.0
7	66693.0
8	70198.0
9	76228.0
10	85920.0
11	90980.0
12	94799.0
13	96145.0
14	99134.0
15	103205.0
16	105361.0
17	108999.0
18	113997.0
19	120181.0
20	132252.0
21	149977.0
22	173570.0
23	210229.0
24	257757.0
25	318942.0
26	394093.0
27	492363.0
28	618615.0
29	789814.0
30	1021623.0
31	1361082.0
32	1871661.0
33	2682740.0
34	3928929.0
35	6080969.0
36	1.1169119E7
37	2.4866369E7
38	2.5881228E7
39	622907.0
>>END_MODULE
>>Per base sequence content	fail
#Base	G	A	T	C
1	24.427253468111356	12.944161802157478	19.66131452623823	42.967270203492944
2	23.720256910476046	19.8992184918718	34.79409928055729	21.58642531709487
3	28.112676549950667	22.622508064618337	24.681797835639845	24.58301754979115
4	27.474851161897895	28.861714549905738	20.115910317684797	23.54752397051157
5	28.43870067108485	30.93572349899304	21.63720449504937	18.988371334872742
6	23.098914266189887	34.07904905822887	20.939486960802746	21.882549714778502
7	20.06367174237408	17.069775205378004	40.49382715471106	22.37272589753685
8	21.4686917035111	22.116046573277448	27.467233469386628	28.948028253824827
9	21.839392176989865	21.432692543920858	30.193956099199358	26.533959179889916
10-11	25.270503085854706	30.46829775265334	21.071298079200915	23.189901082291044
12-13	23.391560547291213	24.009802961570834	27.984154912878218	24.61448157825974
14-15	23.943312614526768	25.199357852345912	27.010101936856184	23.847227596271136
16-17	24.59864578593548	25.44910695051929	26.00950628083099	23.942740982714238
18-19	24.543632662831826	25.750481739814436	25.833134630858734	23.872750966495005
20-21	24.420845674934007	25.859100120779253	25.87987815745708	23.840176046829654
22-23	24.48378495009683	26.012055564838615	25.914446925844903	23.589712559219656
24-25	24.394319717702167	26.12222989315668	25.853553300997905	23.62989708814325
26-27	23.967786872746533	26.45734437584356	25.912195920175634	23.66267283123427
28-29	24.187014526441754	26.04115775679212	25.95025941494651	23.821568301819624
30-31	24.236415520050105	26.12136984059149	25.935252454755737	23.706962184602666
32-33	24.248884198751323	26.127816876052606	25.97775418185062	23.64554474334545
34-35	24.3323519732021	26.146156040799728	25.806656329193046	23.714835656805132
36-37	23.999975870058627	26.23659067824053	25.99117394683202	23.77225950486883
38-39	23.876093031306304	26.13591202317481	26.18871446629506	23.799280479223828
40-41	24.241815342119867	25.938413628007968	25.919681716944908	23.900089312927257
42-43	24.26061573400152	25.9561284268335	26.006573249586296	23.776682589578687
44-45	24.386691696772015	26.047645761042755	25.90489201192191	23.660770530263324
46-47	24.38777365607737	25.949680129886254	25.88121944711735	23.781326766919022
48-49	24.0649634526312	25.989277141842905	25.941424962168387	24.00433444335751
50-51	24.135248693040776	25.91799070764342	25.894923015790276	24.051837583525526
52-53	24.12069109942329	26.062916844609283	25.890703343665166	23.92568871230226
54-55	23.78480035189744	26.094781649459804	26.10878657849593	24.011631420146827
56-57	23.75596823996487	25.987098642034347	26.403935948975665	23.852997169025127
58-59	23.801926000745883	26.217211307200394	26.23279649361192	23.7480661984418
60-61	23.7128830647565	26.569665409808724	25.97588227695788	23.741569248476896
62-63	23.70509908357484	26.713860510915417	25.901053644528805	23.67998676098094
64-65	23.804347700388988	26.629701463234028	25.887670757699745	23.67828007867724
66-67	23.715080418131965	26.67182846708037	25.852899188469973	23.760191926317685
68-69	23.824007730216305	26.69372246326115	25.851276759572727	23.630993046949815
70-71	23.881162692702116	26.52108138783793	25.874824317725185	23.722931601734768
72-73	23.881251509699247	26.518543678137263	25.855518670887207	23.744686141276286
74-75	23.99853008438124	26.563422192550767	25.80628395541761	23.631763767650384
76-77	23.98094153041007	26.336080894262913	25.91156570409108	23.771411871235937
78-79	23.903925715504702	26.25552689835778	26.012612599895018	23.8279347862425
80-81	24.01099104480988	26.462277235670673	25.873763813779615	23.65296790573983
82-83	24.07373023767866	26.27346143922588	25.824223162876603	23.828585160218854
84-85	24.003834900694162	26.277315728205476	25.944037656594315	23.774811714506047
86-87	23.978755054852616	26.367172542180946	25.910647481644517	23.743424921321925
88-89	24.076232845179963	26.231963982507935	25.864943181853135	23.826859990458967
90-91	23.985549875476504	26.287500708893546	25.88248336609908	23.84446604953087
92-93	24.037227607463592	26.352350294725035	25.89273631238182	23.717685785429552
94-95	24.12015719427019	26.2666931648994	25.806428966408834	23.806720674421577
96-97	24.10017573823077	25.983975358167495	25.997287426147793	23.918561477453945
98-99	23.37832346289944	25.79019521843086	26.510604546723542	24.320876771946153
100	25.083035692767453	25.074387073895426	25.691248437774355	24.151328795562762
>>END_MODULE
>>Per sequence GC content	pass
#GC Content	Count
0	314.0
1	242.5
2	198.5
3	231.5
4	289.0
5	397.0
6	484.0
7	585.0
8	732.5
9	928.5
10	1141.5
11	1345.0
12	1653.5
13	2160.0
14	2921.0
15	3994.5
16	6118.5
17	9469.5
18	14730.5
19	23510.0
20	39617.5
21	64302.0
22	99590.0
23	148423.5
24	217747.0
25	305815.5
26	412434.5
27	539897.5
28	686737.5
29	845782.0
30	1000171.5
31	1148689.5
32	1295619.0
33	1421407.0
34	1541612.5
35	1701407.5
36	1853976.5
37	1996305.5
38	2125797.5
39	2255409.5
40	2376386.5
41	2499950.5
42	2658715.5
43	2780002.5
44	2837824.0
45	2864261.0
46	2858539.0
47	2815017.5
48	2813927.0
49	2838607.0
50	2844063.5
51	2806050.0
52	2736468.5
53	2659762.5
54	2565646.5
55	2495256.0
56	2415745.5
57	2300312.0
58	2215987.5
59	2140317.0
60	2034688.0
61	1914854.0
62	1762529.5
63	1584461.5
64	1411015.5
65	1234706.5
66	1065937.5
67	924913.0
68	786286.0
69	648585.0
70	519927.5
71	409215.5
72	324039.0
73	252756.0
74	196524.0
75	153328.5
76	118403.0
77	90504.5
78	67865.5
79	49866.5
80	35134.5
81	23598.0
82	15646.0
83	10669.5
84	7101.5
85	4916.5
86	3766.0
87	2984.0
88	2373.0
89	1970.5
90	1616.5
91	1327.5
92	1129.0
93	923.5
94	719.5
95	556.5
96	428.0
97	346.5
98	263.5
99	174.0
100	103.5
>>END_MODULE
>>Per base N content	pass
#Base	N-Count
1	0.21005442873390104
2	0.029534018737409167
3	0.028268157976331518
4	0.024734052724775243
5	0.01667399757352877
6	0.0
7	0.0
8	0.0
9	0.0
10-11	0.0
12-13	0.0
14-15	2.2307722015290615E-4
16-17	0.005237923389732017
18-19	8.852828264335802E-4
20-21	0.0
22-23	3.5132293138349886E-6
24-25	0.0
26-27	0.0
28-29	0.0
30-31	0.0
32-33	0.0
34-35	0.0
36-37	0.0
38-39	0.0
40-41	0.0
42-43	0.0
44-45	0.0
46-47	0.0
48-49	0.0
50-51	0.0
52-53	0.0
54-55	0.0
56-57	0.0
58-59	0.0
60-61	0.0
62-63	0.0
64-65	0.0
66-67	0.0
68-69	0.0
70-71	0.0
72-73	0.0
74-75	0.0
76-77	0.0
78-79	0.0
80-81	0.0
82-83	0.0
84-85	0.0
86-87	0.0
88-89	0.0
90-91	0.0
92-93	0.0
94-95	0.0
96-97	0.0
98-99	0.0
100	9.089304565739469E-5
>>END_MODULE
>>Sequence Length Distribution	warn
#Length	Count
20-21	3969.0
22-23	3684.0
24-25	3384.0
26-27	3033.0
28-29	2831.0
30-31	2606.0
32-33	2423.0
34-35	2663.0
36-37	2927.0
38-39	3076.0
40-41	3312.0
42-43	3959.0
44-45	4909.0
46-47	8246.0
48-49	15350.0
50-51	21481.0
52-53	24441.0
54-55	32528.0
56-57	60410.0
58-59	106888.0
60-61	144766.0
62-63	155932.0
64-65	165033.0
66-67	217878.0
68-69	310888.0
70-71	390363.0
72-73	441352.0
74-75	439048.0
76-77	450312.0
78-79	522848.0
80-81	630933.0
82-83	744577.0
84-85	739329.0
86-87	707163.0
88-89	749717.0
90-91	846834.0
92-93	967631.0
94-95	1065531.0
96-97	2781367.0
98-99	0.0
100-101	7.2612816E7
>>END_MODULE
>>Sequence Duplication Levels	fail
#Total Deduplicated Percentage	28.622626813773376
#Duplication Level	Percentage of deduplicated	Percentage of total
1	48.96755878902084	14.01580161199652
2	20.870698327728043	11.947484191548078
3	11.11853598318122	9.547251184863208
4	5.9933687300949945	6.861838260753915
5	3.4251054745355947	4.901775789772225
6	2.1145490344376383	3.6314368735280005
7	1.4253036521447886	2.8557154172153982
8	0.970967058425591	2.2233302209426387
9	0.7522528549176196	1.937830746231237
>10	3.891858950967247	19.954454943255083
>50	0.27466292637735307	5.432922593949685
>100	0.17215508429097642	9.540807302731524
>500	0.015251161064728066	2.978758669472271
>1k	0.007535678493122285	3.7296648898231797
>5k	1.553996701534717E-4	0.28988205482474727
>10k+	4.089465004038729E-5	0.15104524909226194
>>END_MODULE
>>Overrepresented sequences	pass
>>END_MODULE
>>Adapter Content	pass
#Position	Illumina Universal Adapter	Illumina Small RNA 3' Adapter	Illumina Small RNA 5' Adapter	Nextera Transposase Sequence	SOLID Small RNA Adapter
1	1.171009029674048E-6	7.026054178044288E-6	0.0	1.171009029674048E-6	0.0
2	1.8736144474784768E-5	3.8643297979243584E-5	0.0	6.08924695430505E-5	0.0
3	2.1078162534132865E-5	4.684036118696192E-5	0.0	6.08924695430505E-5	1.171009029674048E-6
4	3.981430700891763E-5	4.8011370216635965E-5	0.0	6.323448760239859E-5	2.342018059348096E-6
5	4.332733409793978E-5	5.3866415365006207E-5	0.0	6.323448760239859E-5	2.342018059348096E-6
6	5.035338827598406E-5	5.3866415365006207E-5	0.0	6.440549663207264E-5	2.342018059348096E-6
7	5.152439730565811E-5	7.143155081011693E-5	0.0	6.674751469142074E-5	2.342018059348096E-6
8	5.3866415365006207E-5	8.54836591662055E-5	0.0	6.674751469142074E-5	2.342018059348096E-6
9	6.674751469142074E-5	9.01676952849017E-5	0.0	6.908953275076884E-5	2.342018059348096E-6
10-11	9.192420882941277E-5	9.192420882941277E-5	0.0	7.026054178044288E-5	2.342018059348096E-6
12-13	1.2061393005642694E-4	1.0363429912615325E-4	0.0	7.026054178044288E-5	4.684036118696192E-6
14-15	1.5925722803567053E-4	1.241269571454491E-4	0.0	7.435907338430205E-5	7.026054178044288E-6
16-17	1.8911795829235875E-4	1.610137415801816E-4	0.0	8.489815465136848E-5	9.953576752229408E-6
18-19	2.2600474272709128E-4	1.680397957582259E-4	0.0	9.01676952849017E-5	1.0539081267066432E-5
20-21	2.640625361914978E-4	1.7623685896594424E-4	0.0	9.543723591843491E-5	1.6979630930273695E-5
22-23	3.056333567449265E-4	1.856049312033366E-4	0.0	9.836475849262003E-5	2.342018059348096E-5
24-25	3.618417901692808E-4	1.9965703955942518E-4	4.684036118696192E-6	1.1358787587838266E-4	2.342018059348096E-5
26-27	3.934590339704801E-4	2.096106163116546E-4	4.684036118696192E-6	1.247124616602861E-4	2.8104216712177152E-5
28-29	4.2390526874200535E-4	2.2014969757872102E-4	4.684036118696192E-6	1.323240203531674E-4	3.337375734571037E-5
30-31	4.6430508026576E-4	2.242482291825802E-4	4.684036118696192E-6	1.3759356098670065E-4	3.981430700891763E-5
32-33	4.941658105224482E-4	2.3127428336062447E-4	8.197063207718335E-6	1.416920925905598E-4	4.215632506826573E-5
34-35	5.257830543236475E-4	2.5703648201345355E-4	8.197063207718335E-6	1.487181467686041E-4	4.3912838612776805E-5
36-37	5.597423161841949E-4	2.7928565357726045E-4	8.197063207718335E-6	1.4930365128344112E-4	4.5669352157287874E-5
38-39	5.83162496777676E-4	2.845551942107937E-4	8.197063207718335E-6	1.4988915579827814E-4	4.8011370216635965E-5
40-41	6.241478128162677E-4	2.950942754778601E-4	8.197063207718335E-6	1.5223117385762625E-4	5.093889279082108E-5
42-43	6.551795521026299E-4	3.003638161113933E-4	8.197063207718335E-6	1.6394126415436672E-4	5.210990182049514E-5
44-45	6.914808320225253E-4	3.138304199526449E-4	8.197063207718335E-6	1.6511227318404076E-4	5.269540633533216E-5
46-47	7.225125713088876E-4	3.2085647413068914E-4	8.197063207718335E-6	1.6921080478789994E-4	5.269540633533216E-5
48-49	7.699384370106865E-4	3.2378399670487425E-4	8.197063207718335E-6	1.7448034542143315E-4	5.269540633533216E-5
50-51	8.132657711086263E-4	3.390071140906369E-4	8.197063207718335E-6	1.8209190411431445E-4	5.269540633533216E-5
52-53	8.964074122154836E-4	3.647693127434659E-4	8.78256772255536E-6	1.826774086291515E-4	5.3866415365006207E-5
54-55	0.0010111662971235406	3.8467646624792474E-4	9.368072237392384E-6	1.826774086291515E-4	5.4451919879843234E-5
56-57	0.0011124585781903456	4.0399811523754653E-4	9.368072237392384E-6	1.856049312033366E-4	5.5037424394680255E-5
58-59	0.0012828403920079195	4.1805022359363514E-4	9.368072237392384E-6	1.973150215000771E-4	5.737944245402835E-5
60-61	0.0015580275139813209	4.285893048607015E-4	9.368072237392384E-6	2.1312364340067672E-4	5.913595599853943E-5
62-63	0.0020328716755141476	4.678181073547822E-4	9.368072237392384E-6	2.265902472419283E-4	5.972146051337645E-5
64-65	0.0025223534499178996	4.842122337702188E-4	9.368072237392384E-6	2.3303079690513553E-4	6.030696502821347E-5
66-67	0.0030657016396866575	4.953368195521223E-4	9.368072237392384E-6	2.5059593235024627E-4	6.08924695430505E-5
68-69	0.003683994407354555	4.982643421263074E-4	9.368072237392384E-6	2.640625361914978E-4	6.147797405788752E-5
70-71	0.004266571399617393	5.12316450482396E-4	9.368072237392384E-6	2.7635813100307534E-4	6.323448760239859E-5
72-73	0.004980301403203727	5.263685588384845E-4	9.368072237392384E-6	2.880682212998158E-4	6.323448760239859E-5
74-75	0.005813474327816811	5.515452529764766E-4	9.368072237392384E-6	2.9919280708171926E-4	6.440549663207264E-5
76-77	0.006533644881066351	5.591568116693579E-4	9.368072237392384E-6	3.1265941092297085E-4	6.499100114690966E-5
78-79	0.007025468673529451	5.638408477880541E-4	9.368072237392384E-6	3.196854651010151E-4	7.143155081011692E-5
80-81	0.007630880341870934	5.667683703622392E-4	9.368072237392384E-6	3.331520689422667E-4	7.494457789913907E-5
82-83	0.008795448821881775	5.761364425996316E-4	9.368072237392384E-6	3.384216095757999E-4	7.494457789913907E-5
84-85	0.009592320466574964	6.013131367376236E-4	9.368072237392384E-6	3.583287630802587E-4	7.494457789913907E-5
86-87	0.009858139516310973	6.124377225195271E-4	9.368072237392384E-6	4.2097774616782024E-4	7.553008241397609E-5
88-89	0.009859310525340647	6.212202902420824E-4	9.953576752229408E-6	4.6020654866190086E-4	7.904310950299824E-5
>>END_MODULE
