##FastQC	0.11.8
>>Basic Statistics	pass
#Measure	Value
Filename	SRR3184306_1.gz
File type	Conventional base calls
Encoding	Sanger / Illumina 1.9
Total Sequences	62205275
Sequences flagged as poor quality	0
Sequence length	27-100
%GC	50
>>END_MODULE
>>Per base sequence quality	pass
#Base	Mean	Median	Lower Quartile	Upper Quartile	10th Percentile	90th Percentile
1	32.05622145388796	33.0	33.0	33.0	33.0	33.0
2	32.00144344671734	33.0	33.0	33.0	27.0	33.0
3	31.998665257890107	33.0	33.0	33.0	27.0	33.0
4	35.78365148293292	37.0	37.0	37.0	33.0	37.0
5	35.78415705098965	37.0	37.0	37.0	33.0	37.0
6	35.76138719746838	37.0	37.0	37.0	33.0	37.0
7	35.7430464217062	37.0	37.0	37.0	33.0	37.0
8	35.7169224474934	37.0	37.0	37.0	33.0	37.0
9	35.69684027600553	37.0	37.0	37.0	33.0	37.0
10-11	35.629035961982325	37.0	37.0	37.0	33.0	37.0
12-13	35.56322065934119	37.0	37.0	37.0	33.0	37.0
14-15	37.50402486766596	40.0	37.0	40.0	33.0	40.0
16-17	37.4778846006227	40.0	37.0	40.0	33.0	40.0
18-19	37.46309001929499	40.0	37.0	40.0	33.0	40.0
20-21	37.425036333333466	40.0	37.0	40.0	33.0	40.0
22-23	37.36014010065867	40.0	37.0	40.0	33.0	40.0
24-25	37.29930697999487	40.0	37.0	40.0	33.0	40.0
26-27	37.20681803914539	40.0	37.0	40.0	33.0	40.0
28-29	37.14412267944328	40.0	37.0	40.0	33.0	40.0
30-31	37.040023836398625	40.0	37.0	40.0	33.0	40.0
32-33	36.94029646310993	40.0	37.0	40.0	33.0	40.0
34-35	36.80592278314627	40.0	37.0	40.0	33.0	40.0
36-37	36.71418271698911	40.0	37.0	40.0	33.0	40.0
38-39	36.61269955828179	40.0	37.0	40.0	33.0	40.0
40-41	36.52585819391784	40.0	37.0	40.0	33.0	40.0
42-43	36.38955607864586	40.0	37.0	40.0	27.0	40.0
44-45	36.28989587715543	40.0	37.0	40.0	27.0	40.0
46-47	36.15103611646728	40.0	37.0	40.0	27.0	40.0
48-49	35.97954330753163	37.0	37.0	40.0	27.0	40.0
50-51	34.74252008628799	37.0	35.0	38.5	24.5	40.0
52-53	34.90873070326033	37.0	33.0	38.5	27.0	40.0
54-55	35.39737135379549	37.0	37.0	40.0	27.0	40.0
56-57	35.31829794788014	37.0	33.0	40.0	27.0	40.0
58-59	35.14572707192998	37.0	33.0	40.0	27.0	40.0
60-61	34.928459226843685	37.0	33.0	40.0	27.0	40.0
62-63	34.6906317508559	37.0	33.0	40.0	27.0	40.0
64-65	34.456955284909135	37.0	33.0	37.0	27.0	40.0
66-67	34.23547756655799	37.0	33.0	37.0	27.0	40.0
68-69	33.99464431771124	37.0	33.0	37.0	27.0	40.0
70-71	33.773471656701474	37.0	33.0	37.0	27.0	40.0
72-73	33.53429159282973	37.0	33.0	37.0	24.5	38.5
74-75	33.289156816833376	37.0	33.0	37.0	22.0	37.0
76-77	33.10198438992275	37.0	33.0	37.0	22.0	37.0
78-79	32.90935456198177	37.0	33.0	37.0	22.0	37.0
80-81	32.71003028924649	37.0	33.0	37.0	22.0	37.0
82-83	32.60074954709714	37.0	33.0	37.0	22.0	37.0
84-85	32.477742168768415	37.0	33.0	37.0	22.0	37.0
86-87	32.3656318791881	37.0	33.0	37.0	22.0	37.0
88-89	32.24846542327492	37.0	33.0	37.0	22.0	37.0
90-91	32.13255397577008	37.0	33.0	37.0	22.0	37.0
92-93	32.0346640872869	37.0	33.0	37.0	22.0	37.0
94-95	31.95490561520873	37.0	33.0	37.0	22.0	37.0
96-97	31.82149682970409	35.0	33.0	37.0	22.0	37.0
98-99	31.66118505118559	33.0	33.0	37.0	15.0	37.0
100	28.705613723910044	33.0	27.0	37.0	15.0	37.0
>>END_MODULE
>>Per sequence quality scores	pass
#Quality	Count
6	387.0
7	4595.0
8	16307.0
9	34549.0
10	59226.0
11	88833.0
12	121524.0
13	154284.0
14	185849.0
15	218003.0
16	251867.0
17	287158.0
18	324779.0
19	360099.0
20	389338.0
21	419647.0
22	454768.0
23	495885.0
24	546126.0
25	601433.0
26	665164.0
27	739410.0
28	848500.0
29	996215.0
30	1190060.0
31	1455187.0
32	1836625.0
33	2340205.0
34	3058265.0
35	4237972.0
36	7316776.0
37	1.7216767E7
38	1.5186098E7
39	103374.0
>>END_MODULE
>>Per base sequence content	fail
#Base	G	A	T	C
1	33.44250455170812	15.18988489585333	12.784179097969814	38.58343145446874
2	23.57591538659704	27.110659023692126	28.03019036568844	21.283235224022402
3	24.896885352568574	27.158613156199372	20.85986598403431	27.084635507197742
4	27.09321516543412	31.304665078644856	18.148118467445084	23.454001288475936
5	27.59214712900152	31.479968539645554	19.687735485455214	21.240148845897718
6	23.456459279377835	34.767625414404165	19.34938315118774	22.42653215503026
7	22.721926717629653	20.054980867780102	31.76813381180294	25.454958602787304
8	23.899227195764347	23.61064877536511	24.121922136024637	28.368201892845907
9	24.277251406733594	22.369443748942512	26.404744613700366	26.94856023062353
10-11	25.959197994060794	29.93037889471592	19.504484949226573	24.60593816199671
12-13	26.140051627454426	24.1000622535629	23.07195812573773	26.687927993244948
14-15	25.068751002226097	26.632739747553565	24.053894143221775	24.244615106998562
16-17	25.66702100424763	26.18449721506737	23.326291861903993	24.822189918781003
18-19	25.27688447643709	26.56389510375125	23.628803184295865	24.5304172355158
20-21	25.240585304059827	26.56961809107025	23.64191541633728	24.547881188532646
22-23	25.312623406937757	26.67181440802247	23.45381963185598	24.561742553183795
24-25	25.156176063846676	26.520062808178245	23.683206930601948	24.64055419737313
26-27	25.067545316695412	26.633515405244975	23.7029825846763	24.595956693383318
28-29	25.543396868355465	26.267050162565	23.57595510554154	24.613597863537997
30-31	25.109242153660986	26.37924792495671	23.77304263223299	24.73846728914931
32-33	25.017555792132573	26.43916080174804	23.81968590482474	24.723597501294645
34-35	25.475280394103493	26.32314917545851	23.40889684443749	24.792673586000507
36-37	25.221423761294233	26.355916007331842	23.578248110317695	24.844412121056227
38-39	25.04705920361847	26.456357380216666	23.640620395703987	24.85596302046087
40-41	25.508091564068287	26.028667387856185	23.532911971848367	24.930329076227164
42-43	25.18096875553722	26.239971906706856	23.604825994271362	24.974233343484563
44-45	25.19618069737271	26.364822852460346	23.667619463556484	24.77137698661046
46-47	25.435140687307666	26.22341701788862	23.43587439252351	24.905567902280207
48-49	25.25649182139868	26.274736540818594	23.58680095213563	24.881970685647097
50-51	25.133683048788917	26.394854553825688	23.615182617364674	24.856279780020724
52-53	25.36914692668671	26.232205206665583	23.414449682299914	24.984198184347793
54-55	25.13638741210563	26.35751478655885	23.642914800363556	24.86318300097196
56-57	25.211984560744977	26.452552829390868	23.58853354313983	24.746929066724324
58-59	25.499000149422663	26.283196301928296	23.232462921231914	24.98534062741712
60-61	25.231876769268506	26.329644203288073	23.62400290400949	24.81447612343393
62-63	25.335962705364658	26.519015021978298	23.510226963535562	24.63479530912148
64-65	25.458013696971264	26.378071232765283	23.32794353560171	24.83597153466174
66-67	25.295720540303584	26.566437975561954	23.357034056616403	24.780807427518063
68-69	25.31420066298342	26.71633902655282	23.43892124607766	24.5305390643861
70-71	25.560471862222233	26.442128095351386	23.26711787198957	24.73028217043681
72-73	25.393041511561794	26.619127330790555	23.465469232145956	24.522361925501702
74-75	25.30780714456778	26.817510868633093	23.454534033032537	24.420147953766588
76-77	25.478428055368123	26.633086284175032	23.310111760300096	24.578373900156745
78-79	25.27488671806718	26.613036556720683	23.528520090773952	24.583556634438185
80-81	25.308572521131474	26.721770879735118	23.55611609544343	24.41354050368998
82-83	25.564424918410424	26.549814557447142	23.369842034083767	24.51591849005867
84-85	25.408442162799993	26.731961246246783	23.36792107504904	24.49167551590418
86-87	25.2966429315447	26.83930039898334	23.421754904847976	24.442301764623984
88-89	25.47398240450218	26.60048047367225	23.293666791790706	24.631870330034868
90-91	25.288375823704435	26.720621337331522	23.444113574220502	24.546889264743545
92-93	25.226983480310917	26.963348565807326	23.319805745633502	24.489862208248255
94-95	25.55303593737027	26.417456098826715	23.206617851471087	24.822890112331926
96-97	25.27631933646787	25.97267800488115	23.568684454291965	25.18231820435901
98-99	25.46628690801631	22.738954651520793	25.100640168883594	26.694118271579303
100	27.913387427976144	0.0	34.01768747621312	38.068925095810734
>>END_MODULE
>>Per sequence GC content	pass
#GC Content	Count
0	17331.0
1	10872.5
2	4518.5
3	5343.5
4	6503.5
5	7626.0
6	10487.0
7	14421.5
8	19279.5
9	24567.5
10	29127.0
11	35183.0
12	39971.5
13	40927.0
14	40112.5
15	38641.0
16	37030.5
17	36291.0
18	36910.0
19	38807.0
20	43084.0
21	50819.5
22	62204.5
23	77378.0
24	99087.0
25	131235.0
26	178012.0
27	236325.5
28	297250.0
29	357677.5
30	431832.0
31	525235.0
32	633059.0
33	746150.5
34	862533.5
35	1001828.0
36	1137252.5
37	1267508.0
38	1366583.0
39	1461204.0
40	1581830.0
41	1629974.0
42	1662817.0
43	1757563.5
44	1817086.5
45	1862794.5
46	1911189.5
47	1915256.0
48	1941571.0
49	1974467.0
50	1993445.5
51	2000558.0
52	1981897.0
53	1970136.0
54	1932202.0
55	1891923.0
56	1859433.5
57	1781454.5
58	1731090.5
59	1720805.5
60	1655946.5
61	1551447.5
62	1413736.5
63	1250104.0
64	1116751.5
65	1010806.5
66	925702.0
67	854393.0
68	737837.0
69	594105.5
70	484092.5
71	405385.0
72	345431.0
73	286782.0
74	240912.0
75	200754.5
76	168967.0
77	150740.0
78	137911.5
79	123042.5
80	106371.0
81	91888.0
82	80511.5
83	72405.5
84	66363.5
85	61338.5
86	66835.0
87	72417.5
88	61282.5
89	47383.5
90	40381.5
91	38803.5
92	34522.5
93	25794.5
94	19807.0
95	15949.0
96	13953.0
97	11976.0
98	9468.5
99	6777.0
100	4089.5
>>END_MODULE
>>Per base N content	pass
#Base	N-Count
1	0.01068558896331541
2	0.0
3	0.0
4	0.0
5	0.0
6	0.0
7	0.0
8	0.0
9	0.0
10-11	0.0
12-13	0.0
14-15	0.0
16-17	0.0
18-19	0.0
20-21	0.0
22-23	0.0
24-25	0.0
26-27	0.0
28-29	0.0
30-31	0.0
32-33	0.0
34-35	0.00202635709438912
36-37	1.125378960312056E-5
38-39	6.430966544448023E-6
40-41	5.70773002459493E-5
42-43	3.7464015451381974E-4
44-45	5.1456151190521674E-5
46-47	0.01486956135019155
48-49	0.016007164673742767
50-51	0.0
52-53	0.0
54-55	0.0
56-57	0.0
58-59	0.0
60-61	2.5761887287524608E-5
62-63	0.0
64-65	0.0
66-67	7.900154239225586E-5
68-69	0.0010954123782744168
70-71	2.4216889171713454E-6
72-73	0.0
74-75	4.407858125653526E-4
76-77	0.0011603917249251334
78-79	0.0038908327690152637
80-81	0.003658598468744948
82-83	0.004435063535805365
84-85	0.002129450312507848
86-87	3.6574266351104657E-4
88-89	9.383393719672418E-4
90-91	4.1783837915894027E-4
92-93	1.1840240773862903E-4
94-95	0.0011885715131598079
96-97	0.0010688006685479765
98-99	0.003149663286366353
100	0.0
>>END_MODULE
>>Sequence Length Distribution	warn
#Length	Count
26-27	2.0
28-29	4.0
30-31	10.0
32-33	27.0
34-35	3461.0
36-37	2097.0
38-39	2573.0
40-41	3158.0
42-43	3987.0
44-45	4619.0
46-47	5348.0
48-49	6660.0
50-51	8055.0
52-53	9723.0
54-55	11809.0
56-57	13861.0
58-59	17422.0
60-61	21863.0
62-63	25925.0
64-65	31897.0
66-67	36606.0
68-69	43471.0
70-71	51793.0
72-73	62011.0
74-75	72087.0
76-77	84972.0
78-79	100103.0
80-81	117339.0
82-83	140798.0
84-85	167332.0
86-87	196239.0
88-89	226155.0
90-91	271755.0
92-93	332663.0
94-95	754558.0
96-97	2452822.0
98-99	1.8171714E7
100-101	3.8750356E7
>>END_MODULE
>>Sequence Duplication Levels	fail
#Total Deduplicated Percentage	37.84565447947737
#Duplication Level	Percentage of deduplicated	Percentage of total
1	72.1159226697536	27.29274291828204
2	13.206769178883807	9.996376462684951
3	5.101173543213896	5.791717540689733
4	2.659080001791731	4.025384919243917
5	1.6079662477425611	3.0427267513363336
6	1.0583816683231617	2.4033088156062723
7	0.7503520539018156	1.9878295198954004
8	0.5223702226384648	1.5815554365074405
9	0.410773022236594	1.399137648215113
>10	2.223780066803093	15.234971036544472
>50	0.17371477801691143	4.597445145051177
>100	0.14363665308854195	11.017604984571538
>500	0.017121136597936692	4.44339441746591
>1k	0.008536753649990318	5.549837486732493
>5k	3.111741931906492E-4	0.7676401452999746
>10k+	1.1082916469803943E-4	0.8683267718732077
>>END_MODULE
>>Overrepresented sequences	pass
>>END_MODULE
>>Adapter Content	pass
#Position	Illumina Universal Adapter	Illumina Small RNA 3' Adapter	Illumina Small RNA 5' Adapter	Nextera Transposase Sequence	SOLID Small RNA Adapter
1	0.0	6.4303228303387455E-6	0.0	0.0	0.0
2	1.6075807075846864E-6	2.250612990618561E-5	0.0	1.6075807075846864E-6	0.0
3	1.6075807075846864E-6	2.5721291321354982E-5	0.0	3.2151614151693728E-6	1.6075807075846864E-6
4	1.6075807075846864E-6	2.732887202893967E-5	0.0	3.2151614151693728E-6	3.2151614151693728E-6
5	1.6075807075846864E-6	2.732887202893967E-5	0.0	4.822742122754059E-6	3.2151614151693728E-6
6	1.6075807075846864E-6	2.732887202893967E-5	0.0	8.037903537923431E-6	3.2151614151693728E-6
7	1.6075807075846864E-6	3.2151614151693725E-5	0.0	8.037903537923431E-6	3.2151614151693728E-6
8	3.2151614151693728E-6	3.858193698203247E-5	0.0	8.037903537923431E-6	3.2151614151693728E-6
9	4.822742122754059E-6	3.858193698203247E-5	0.0	8.037903537923431E-6	4.822742122754059E-6
10-11	4.822742122754059E-6	3.938572733582482E-5	8.037903537923432E-7	1.2860645660677491E-5	1.1253064953092804E-5
12-13	6.4303228303387455E-6	4.501225981237122E-5	1.6075807075846864E-6	1.9290968491016236E-5	1.2860645660677491E-5
14-15	6.4303228303387455E-6	4.7423630873748244E-5	1.6075807075846864E-6	2.0898549198600922E-5	1.6879597429639206E-5
16-17	6.4303228303387455E-6	5.224637299650231E-5	1.6075807075846864E-6	2.0898549198600922E-5	1.8487178137223892E-5
18-19	8.841693891715775E-6	5.787290547304871E-5	1.6075807075846864E-6	2.1702339552393266E-5	2.0898549198600922E-5
20-21	1.1253064953092804E-5	6.349943794959511E-5	1.6075807075846864E-6	2.250612990618561E-5	2.4113710613770295E-5
22-23	1.1253064953092804E-5	7.555629325648025E-5	1.6075807075846864E-6	2.4113710613770295E-5	2.5721291321354982E-5
24-25	1.2860645660677491E-5	9.163210033232713E-5	1.6075807075846864E-6	2.6525081675147325E-5	2.5721291321354982E-5
26-27	1.2860645660677491E-5	9.323968103991181E-5	1.6075807075846864E-6	2.8936452736524355E-5	2.5721291321354982E-5
28-29	1.6075807075846863E-5	9.645484245508117E-5	1.6075807075846864E-6	2.97402430903167E-5	2.732887202893967E-5
30-31	2.250612990618561E-5	1.0127758457783523E-4	1.6075807075846864E-6	3.054403344410904E-5	2.732887202893967E-5
32-33	3.054403344410904E-5	1.0449274599300461E-4	1.6075807075846864E-6	3.054403344410904E-5	2.8936452736524355E-5
34-35	4.7423630873748244E-5	1.0770790740817398E-4	1.6075807075846864E-6	3.938572733582482E-5	2.8936452736524355E-5
36-37	7.234113184131089E-5	1.2780266625298257E-4	1.6075807075846864E-6	4.260088875099419E-5	2.8936452736524355E-5
38-39	1.3503677943711365E-4	1.4548605403641413E-4	1.6075807075846864E-6	4.501225981237122E-5	3.295540450548607E-5
40-41	1.9290968491016236E-4	1.5030879615916817E-4	1.6075807075846864E-6	4.6619840519955904E-5	3.6974356274447785E-5
42-43	2.9338347913420527E-4	1.527201672205452E-4	1.6075807075846864E-6	4.6619840519955904E-5	3.6974356274447785E-5
44-45	4.227937260947725E-4	1.6075807075846863E-4	1.6075807075846864E-6	4.983500193512528E-5	3.6974356274447785E-5
46-47	5.923934907449569E-4	1.655808128812227E-4	1.6075807075846864E-6	5.305016335029465E-5	4.09933080434095E-5
48-49	8.078093055613049E-4	1.7361871641914612E-4	1.6075807075846864E-6	5.5461534411671684E-5	4.260088875099419E-5
50-51	0.0011068193171720566	1.8004903924948487E-4	1.6075807075846864E-6	5.94804861806334E-5	4.340467910478653E-5
52-53	0.0014677211860248188	1.8567557172603126E-4	1.6075807075846864E-6	6.269564759580276E-5	4.340467910478653E-5
54-55	0.0018511291847837664	1.953210559715394E-4	1.6075807075846864E-6	6.430322830338745E-5	4.6619840519955904E-5
56-57	0.0024258392877452915	2.0335895950946282E-4	1.6075807075846864E-6	6.430322830338745E-5	4.6619840519955904E-5
58-59	0.0030029607617681944	2.1621960517014032E-4	1.6075807075846864E-6	6.91259704261415E-5	4.903121158133294E-5
60-61	0.0036009807849896975	2.2425750870806374E-4	1.6075807075846864E-6	7.234113184131089E-5	5.1442582642709964E-5
62-63	0.004481131222392314	2.3149162189219484E-4	1.6075807075846864E-6	7.63600836102726E-5	5.1442582642709964E-5
64-65	0.005570267151780939	2.3551057366115656E-4	1.6075807075846864E-6	8.118282573302667E-5	5.224637299650231E-5
66-67	0.006828199055465955	2.4676363861424937E-4	1.6075807075846864E-6	8.761314856336542E-5	6.832218007234918E-5
68-69	0.008099795395165442	2.4997880002941873E-4	1.6075807075846864E-6	9.002451962474244E-5	7.07335511337262E-5
70-71	0.009146330435803072	2.6203565533630387E-4	1.6075807075846864E-6	9.323968103991181E-5	7.153734148751854E-5
72-73	0.010246719430144791	2.781114624121507E-4	1.6075807075846864E-6	9.967000387025056E-5	7.475250290268792E-5
74-75	0.011577796256024911	2.8775694665765885E-4	1.6075807075846864E-6	1.0368895563921227E-4	7.555629325648026E-5
76-77	0.012975587681269794	2.909721080728282E-4	1.6075807075846864E-6	1.0529653634679695E-4	7.877145467164964E-5
78-79	0.014169216356651426	2.9418726948799757E-4	1.6075807075846864E-6	1.1092306882334335E-4	8.279040644061135E-5
80-81	0.015694810448149292	3.0142138267212864E-4	1.6075807075846864E-6	1.1654960129988976E-4	8.520177750198838E-5
82-83	0.01760863528052886	3.1187065727142913E-4	1.6075807075846864E-6	1.2217613377643615E-4	8.841693891715776E-5
84-85	0.019007230496127542	3.343767871776148E-4	1.6075807075846864E-6	1.2378371448402086E-4	9.002451962474244E-5
86-87	0.019696078829327578	3.520601749610463E-4	2.4113710613770295E-6	1.2941024696056725E-4	9.323968103991181E-5
88-89	0.019696882619681368	3.6009807849896974E-4	4.018951768961716E-6	1.3262540837573664E-4	9.967000387025056E-5
>>END_MODULE
