##FastQC	0.11.8
>>Basic Statistics	pass
#Measure	Value
Filename	SRR3184279_2.gz
File type	Conventional base calls
Encoding	Sanger / Illumina 1.9
Total Sequences	82424812
Sequences flagged as poor quality	0
Sequence length	20-100
%GC	50
>>END_MODULE
>>Per base sequence quality	pass
#Base	Mean	Median	Lower Quartile	Upper Quartile	10th Percentile	90th Percentile
1	31.859551017234956	33.0	33.0	33.0	27.0	33.0
2	31.87838042020648	33.0	33.0	33.0	27.0	33.0
3	31.92942299947254	33.0	33.0	33.0	33.0	33.0
4	35.71982930334133	37.0	37.0	37.0	33.0	37.0
5	35.72068094010333	37.0	37.0	37.0	33.0	37.0
6	35.70795095049777	37.0	37.0	37.0	33.0	37.0
7	35.65481517871099	37.0	37.0	37.0	33.0	37.0
8	35.64069417592363	37.0	37.0	37.0	33.0	37.0
9	35.64570715672363	37.0	37.0	37.0	33.0	37.0
10-11	35.67291414022273	37.0	37.0	37.0	33.0	37.0
12-13	35.62926226025241	37.0	37.0	37.0	33.0	37.0
14-15	37.51015509747235	40.0	37.0	40.0	33.0	40.0
16-17	37.483051250392904	40.0	37.0	40.0	33.0	40.0
18-19	37.43520153858525	40.0	37.0	40.0	33.0	40.0
20-21	37.3757610729879	40.0	37.0	40.0	33.0	40.0
22-23	37.262923747857855	40.0	37.0	40.0	33.0	40.0
24-25	37.21541595626004	40.0	37.0	40.0	33.0	40.0
26-27	37.1409476859627	40.0	37.0	40.0	33.0	40.0
28-29	37.04900354820457	40.0	37.0	40.0	33.0	40.0
30-31	36.9608143190368	40.0	37.0	40.0	33.0	40.0
32-33	36.853467274317154	40.0	37.0	40.0	33.0	40.0
34-35	36.71495945801211	40.0	37.0	40.0	33.0	40.0
36-37	36.582569362151276	40.0	37.0	40.0	33.0	40.0
38-39	36.447017783900364	40.0	37.0	40.0	33.0	40.0
40-41	36.27647656833675	40.0	37.0	40.0	33.0	40.0
42-43	36.34776226075614	40.0	37.0	40.0	33.0	40.0
44-45	36.24136015003576	40.0	37.0	40.0	33.0	40.0
46-47	36.04416181264878	37.0	37.0	40.0	33.0	40.0
48-49	35.885851396815326	37.0	37.0	40.0	30.0	40.0
50-51	35.22443377291059	37.0	35.0	38.5	30.0	40.0
52-53	35.37353411429757	37.0	35.0	40.0	27.0	40.0
54-55	35.685465908181826	37.0	37.0	40.0	30.0	40.0
56-57	35.599025885496175	37.0	37.0	40.0	27.0	40.0
58-59	35.43733765738522	37.0	37.0	40.0	27.0	40.0
60-61	35.22944131606806	37.0	37.0	40.0	27.0	40.0
62-63	34.981246714653054	37.0	33.0	40.0	27.0	40.0
64-65	34.72954938646065	37.0	33.0	40.0	27.0	40.0
66-67	34.48576130782874	37.0	33.0	37.0	27.0	40.0
68-69	34.25028254924031	37.0	33.0	37.0	27.0	40.0
70-71	34.0225156679248	37.0	33.0	37.0	27.0	40.0
72-73	33.77303870329811	37.0	33.0	37.0	27.0	40.0
74-75	33.527266447926294	37.0	33.0	37.0	27.0	37.0
76-77	33.31765445652648	37.0	33.0	37.0	27.0	37.0
78-79	33.115489145821826	37.0	33.0	37.0	27.0	37.0
80-81	32.93201443135708	37.0	33.0	37.0	27.0	37.0
82-83	32.76040123110208	37.0	33.0	37.0	27.0	37.0
84-85	32.59220216730375	37.0	33.0	37.0	27.0	37.0
86-87	32.40834796751731	37.0	33.0	37.0	24.5	37.0
88-89	32.23468791385267	37.0	33.0	37.0	22.0	37.0
90-91	32.06646399113784	37.0	33.0	37.0	22.0	37.0
92-93	31.896389702134705	37.0	33.0	37.0	22.0	37.0
94-95	31.69482677148088	37.0	33.0	37.0	22.0	37.0
96-97	31.456558917512567	35.0	33.0	37.0	18.5	37.0
98-99	31.23963378205636	33.0	33.0	37.0	15.0	37.0
100	29.477023302947632	33.0	27.0	37.0	2.0	37.0
>>END_MODULE
>>Per sequence quality scores	pass
#Quality	Count
2	708273.0
3	142575.0
4	116132.0
5	113668.0
6	115827.0
7	123154.0
8	131092.0
9	139947.0
10	150920.0
11	155391.0
12	156790.0
13	160310.0
14	165985.0
15	173335.0
16	181552.0
17	189165.0
18	197462.0
19	206449.0
20	223820.0
21	251078.0
22	291427.0
23	347981.0
24	419411.0
25	508466.0
26	615054.0
27	748022.0
28	911776.0
29	1126692.0
30	1413298.0
31	1811936.0
32	2380662.0
33	3199996.0
34	4373530.0
35	6390875.0
36	1.1350204E7
37	2.3836878E7
38	1.8826116E7
39	69563.0
>>END_MODULE
>>Per base sequence content	warn
#Base	G	A	T	C
1	29.376699586506238	11.335029674443726	13.250041310552717	46.03822942849732
2	23.37785253304551	17.58693243971245	31.251629667047343	27.783585360194696
3	26.912487225327247	19.386818862262007	22.489740103987135	31.210953808423607
4	29.748736339246975	24.140245536744445	18.7703503648877	27.340667759120883
5	31.324684125454844	26.861332725878707	21.27063510924356	20.543348039422888
6	26.38386970175922	31.144712832344705	20.500653371220306	21.97076409467576
7	22.61153837997228	18.784991587241958	36.591262106852	22.012207925933758
8	22.99421926494658	21.956298790223507	28.23691487461324	26.81256707021667
9	22.638434407348118	20.604470411166968	31.0713647730249	25.685730408460017
10-11	25.80838279619006	28.543787882706965	22.205793444818532	23.442035876284436
12-13	24.82053340928457	23.651558950477195	26.339364292392926	25.188543347845304
14-15	25.047486914498513	24.681641979359323	25.868025031103496	24.402846075038667
16-17	25.65453169534556	24.5469153319866	24.999176357765656	24.79937661490218
18-19	25.39545781392654	24.64811574651779	24.950484590404166	25.005941849151505
20-21	25.241441881248882	24.723014839743623	25.070322515826472	24.965220763181026
22-23	25.4625807511786	24.705448845777685	24.967228212012415	24.8647421910313
24-25	25.27171787876065	24.86560575791464	24.99901544679655	24.86366091652816
26-27	25.068128925890036	25.064506172978056	25.006839371685558	24.86052552944635
28-29	25.203656824458392	24.731981102033192	24.805949396317985	25.258412677190428
30-31	25.044575229145348	24.70233472402358	24.907336403202176	25.345753643628893
32-33	25.051600835368	24.892387966456795	25.025002469748575	25.031008728426627
34-35	25.368849350759554	24.77912461864366	24.736110580474282	25.115915450122507
36-37	25.13556680412421	24.77368285060311	24.855808317226938	25.234942028045747
38-39	25.09366526529088	24.885323409911102	24.91131495647376	25.109696368324258
40-41	25.333583974705533	24.674191998546576	24.69393222086079	25.298291805887104
42-43	25.07456237947342	24.73930041866265	24.931334277607338	25.25480292425659
44-45	25.13034742573973	24.863655210115766	24.986125559714047	25.019871804430455
46-47	25.282714503303293	24.823633664384857	24.734017956228605	25.15963387608324
48-49	25.132094994671867	24.799236361903525	24.839311042841075	25.229357600583533
50-51	25.07819463165732	24.88122081783481	24.969734789444576	25.070849761063297
52-53	25.24438879222274	24.844655214136864	24.694859772593272	25.216096221047124
54-55	24.994385082391364	24.80092045032983	24.879305130884745	25.32538933639406
56-57	24.977068399319368	24.84018982440334	24.99091708772597	25.19182468855133
58-59	25.23991762930186	24.741219241062012	24.774700507472303	25.244162622163817
60-61	24.988372506070835	24.8431905924639	24.880627419032457	25.28780948243281
62-63	24.87171296466315	25.093485962776658	24.922066085993343	25.11273498656685
64-65	25.050807248582096	24.930026386484464	24.782405939532115	25.23676042540132
66-67	25.002485505465287	24.951443604508967	24.870678176825162	25.17539271320058
68-69	25.110522852695503	25.007754837352653	24.899044222629335	24.982678087322512
70-71	25.17747143205996	24.871952366940693	24.76535179009528	25.185224410904066
72-73	24.97645933079624	24.988757829703978	24.837663546384515	25.19711929311527
74-75	25.014403711121357	25.149742638886114	24.821857780015293	25.013995869977236
76-77	25.24180730318196	24.941151759252893	24.644656720790707	25.172384216774436
78-79	25.07737838366195	24.892146276918847	24.900663784044095	25.129811555375102
80-81	25.11595258848	24.962104787030103	24.9484241652793	24.973518459210595
82-83	25.222710138939092	24.742828980592716	24.8469886200423	25.187472260425892
84-85	25.03960602638056	24.862192655230533	24.91270879170801	25.185492526680896
86-87	25.01552404259125	25.065555817615664	24.957283202955526	24.961636936837564
88-89	25.184415871931236	24.902247732417255	24.669936079049776	25.243400316601733
90-91	25.0309625400503	24.88239299430407	24.77538340249096	25.31126106315467
92-93	24.96689625907432	25.03393933383388	24.84602235103152	25.153142056060275
94-95	25.280645554242575	24.840062982444525	24.632348256384045	25.24694320692885
96-97	25.130691036362823	24.62362868345968	24.9012605427056	25.344419737471895
98-99	24.488971478950127	24.335872285503747	25.39024622004686	25.784910015499268
100	26.02728609522697	23.300058446471642	24.61868082135164	26.05397463694975
>>END_MODULE
>>Per sequence GC content	pass
#GC Content	Count
0	159.0
1	145.5
2	146.5
3	184.5
4	248.0
5	325.5
6	420.5
7	511.5
8	613.5
9	754.5
10	877.5
11	1053.5
12	1281.0
13	1524.5
14	1891.0
15	2455.0
16	3342.0
17	4726.5
18	7009.5
19	10690.5
20	16850.0
21	26907.0
22	43095.5
23	65722.5
24	96780.0
25	139222.5
26	194004.5
27	264568.5
28	347549.5
29	442661.0
30	544945.5
31	657007.5
32	774670.0
33	891788.5
34	1015039.0
35	1157547.0
36	1303170.0
37	1458463.0
38	1614852.5
39	1766068.0
40	1907235.0
41	2013420.5
42	2126634.0
43	2252426.0
44	2370439.0
45	2514225.0
46	2609680.5
47	2628858.0
48	2653319.5
49	2663976.0
50	2679013.0
51	2733035.5
52	2775908.5
53	2765738.0
54	2741162.5
55	2736869.0
56	2685058.0
57	2580704.5
58	2521694.5
59	2474933.0
60	2371859.0
61	2239246.0
62	2080709.0
63	1893949.5
64	1708011.5
65	1512545.0
66	1314076.5
67	1149406.5
68	984637.0
69	815912.0
70	662279.5
71	521207.5
72	424088.0
73	349923.0
74	287187.0
75	233676.5
76	187906.5
77	151916.5
78	115475.0
79	84379.0
80	61107.5
81	42464.0
82	28264.0
83	19337.0
84	12931.5
85	8748.0
86	6627.5
87	5105.0
88	3852.5
89	3118.5
90	2576.5
91	2148.5
92	1811.5
93	1480.0
94	1176.0
95	928.5
96	768.0
97	618.0
98	448.5
99	314.5
100	236.0
>>END_MODULE
>>Per base N content	pass
#Base	N-Count
1	4.2705587244772845E-4
2	0.0
3	0.0
4	0.0
5	0.0
6	0.0
7	0.0
8	0.0
9	0.0
10-11	0.0
12-13	0.0
14-15	0.0
16-17	0.0015559635125403743
18-19	0.0011841094645141563
20-21	0.0015292742367172991
22-23	0.007552991505720493
24-25	8.705000297152919E-4
26-27	0.0
28-29	0.0
30-31	0.0
32-33	0.0
34-35	0.0
36-37	4.428456919594971E-5
38-39	0.0
40-41	4.246513532009785E-6
42-43	6.327339939031742E-4
44-45	1.2618350879817547E-4
46-47	5.459893536079968E-5
48-49	6.794576304690447E-5
50-51	1.577323906194121E-5
52-53	0.0
54-55	0.0
56-57	0.0
58-59	0.0
60-61	0.0
62-63	0.0
64-65	1.207376390215798E-4
66-67	1.9415603677533762E-4
68-69	3.962121727956402E-4
70-71	0.001655300633055407
72-73	9.660542317723453E-4
74-75	0.006296864945331002
76-77	4.976823902175161E-5
78-79	0.0
80-81	0.0
82-83	0.0
84-85	0.0
86-87	2.1273260045777382E-4
88-89	0.0016853109537986629
90-91	2.3557869556545627E-4
92-93	1.3164684942759949E-4
94-95	0.0010410142392308847
96-97	0.008657862108375327
98-99	0.002491903516012934
100	1.2585371292994616E-5
>>END_MODULE
>>Sequence Length Distribution	warn
#Length	Count
20-21	413.0
22-23	418.0
24-25	386.0
26-27	340.0
28-29	417.0
30-31	368.0
32-33	426.0
34-35	455.0
36-37	438.0
38-39	490.0
40-41	445.0
42-43	448.0
44-45	476.0
46-47	468.0
48-49	586.0
50-51	659.0
52-53	767.0
54-55	827.0
56-57	975.0
58-59	1148.0
60-61	1473.0
62-63	1774.0
64-65	2087.0
66-67	2441.0
68-69	3136.0
70-71	4422.0
72-73	6391.0
74-75	8020.0
76-77	9675.0
78-79	12784.0
80-81	19017.0
82-83	28942.0
84-85	39144.0
86-87	49274.0
88-89	65462.0
90-91	92818.0
92-93	130549.0
94-95	270867.0
96-97	2208256.0
98-99	0.0
100-101	7.945733E7
>>END_MODULE
>>Sequence Duplication Levels	fail
#Total Deduplicated Percentage	36.0509646407754
#Duplication Level	Percentage of deduplicated	Percentage of total
1	68.1234810100038	24.559172050981815
2	14.000808108546353	10.094852761269719
3	5.901155362546751	6.382270299446851
4	3.1691108815920943	4.569980173398925
5	1.9769121779191827	3.5634795512041366
6	1.2870036042287472	2.7838632857160635
7	0.9111674654156139	2.2993926254266266
8	0.6804492151933014	1.9624680477421659
9	0.514135117046535	1.6681560232702997
>10	3.025751662397046	20.105240129386537
>50	0.24525896746246473	6.108969037622323
>100	0.14942645569843255	10.189595637644466
>500	0.01079181114795873	2.628665124000491
>1k	0.00440006868426307	2.609590602254968
>5k	1.2116627802497586E-4	0.2810195842159203
>10k+	2.6925839561105743E-5	0.19328506641886273
>>END_MODULE
>>Overrepresented sequences	pass
>>END_MODULE
>>Adapter Content	pass
#Position	Illumina Universal Adapter	Illumina Small RNA 3' Adapter	Illumina Small RNA 5' Adapter	Nextera Transposase Sequence	SOLID Small RNA Adapter
1	0.0	1.5771949834717245E-5	0.0	7.27936146217719E-6	0.0
2	0.0	9.70581528290292E-5	0.0	4.2462941862700274E-5	0.0
3	3.639680731088595E-6	1.0555074120156925E-4	0.0	4.731584950415173E-5	1.213226910362865E-6
4	1.213226910362865E-5	1.1283010266374644E-4	0.0	5.21687571456032E-5	4.85290764145146E-6
5	1.213226910362865E-5	1.2010946412592363E-4	0.0	5.21687571456032E-5	6.066134551814325E-6
6	1.455872292435438E-5	1.2738882558810082E-4	0.0	5.580843787669179E-5	8.492588372540055E-6
7	1.455872292435438E-5	1.7227822127152684E-4	0.0	5.580843787669179E-5	9.70581528290292E-6
8	1.5771949834717245E-5	2.0260889403059845E-4	0.0	5.823489169741752E-5	9.70581528290292E-6
9	1.941163056580584E-5	2.2808665914821863E-4	0.0	6.066134551814325E-5	1.0919042193265785E-5
10-11	2.183808438653157E-5	2.4749828971402444E-4	0.0	6.248118588368754E-5	1.1525655648447217E-5
12-13	2.183808438653157E-5	2.7176282792128176E-4	0.0	6.430102624923184E-5	1.2738882558810083E-5
14-15	2.9724059303890194E-5	3.263580388876107E-4	6.066134551814325E-7	6.490763970441328E-5	1.3345496013991516E-5
16-17	3.5790193855704514E-5	3.7731356912285106E-4	1.213226910362865E-6	7.27936146217719E-5	1.3345496013991516E-5
18-19	4.4282782228244574E-5	3.8944583822647964E-4	1.8198403655442976E-6	7.946636262876766E-5	1.3345496013991516E-5
20-21	5.03489167800589E-5	3.979384265990197E-4	2.42645382072573E-6	8.249942990467482E-5	1.3952109469172948E-5
22-23	6.0054732062961816E-5	4.0764424188192267E-4	2.42645382072573E-6	9.705815282902921E-5	1.455872292435438E-5
24-25	6.672748006995757E-5	4.1916989753036985E-4	2.42645382072573E-6	1.1707639685001647E-4	1.698517674508011E-5
26-27	7.27936146217719E-5	4.276624859029099E-4	2.42645382072573E-6	1.2799543904328225E-4	1.8805017110624407E-5
28-29	8.128620299431195E-5	4.3615507427544997E-4	2.42645382072573E-6	1.3770125432618517E-4	2.0624857476168704E-5
30-31	9.88779931945735E-5	4.4343443573762717E-4	2.42645382072573E-6	1.4558722924354383E-4	2.1231470931350137E-5
32-33	1.1707639685001647E-4	4.579931586619815E-4	2.42645382072573E-6	1.4983352342981383E-4	2.3051311296894434E-5
34-35	1.2981527940882656E-4	4.925701256073232E-4	2.42645382072573E-6	1.5225997725053957E-4	2.487115166243873E-5
36-37	1.4983352342981383E-4	5.332132271044791E-4	2.42645382072573E-6	1.546864310712653E-4	2.851083239352733E-5
38-39	1.6560547326453106E-4	5.489851769391965E-4	2.42645382072573E-6	1.5953933871271675E-4	3.0330672759071626E-5
40-41	1.8744355765106264E-4	5.605108325876436E-4	2.42645382072573E-6	1.625724059886239E-4	3.3363740034978784E-5
42-43	2.001824402098727E-4	5.768893958775423E-4	2.42645382072573E-6	1.7470467509225255E-4	3.397035349016022E-5
44-45	2.1777423041013428E-4	5.859885977052638E-4	2.42645382072573E-6	1.7652451545779687E-4	3.5183580400523085E-5
46-47	2.317263398793072E-4	6.090399090021583E-4	2.42645382072573E-6	1.8259065000961118E-4	3.8216647676430243E-5
48-49	2.481049031692059E-4	6.442234894026813E-4	2.42645382072573E-6	1.9168985183733267E-4	3.882326113161168E-5
50-51	2.6266362609356025E-4	6.666681872443943E-4	2.42645382072573E-6	1.9714937293396556E-4	4.0036488041974544E-5
52-53	2.784355759282775E-4	7.255096923969933E-4	2.42645382072573E-6	2.0442873439614274E-4	4.064310149715597E-5
54-55	2.990604334044462E-4	8.280273663226554E-4	2.42645382072573E-6	2.1049486894795708E-4	4.124971495233741E-5
56-57	3.208985177909778E-4	8.8504903110971E-4	3.639680731088595E-6	2.2020068423086E-4	4.2462941862700274E-5
58-59	3.3849030799123933E-4	9.778608897524693E-4	3.639680731088595E-6	2.3657924752075866E-4	4.4889395683426E-5
60-61	3.566887116466823E-4	0.0010282098065325282	3.639680731088595E-6	2.808620297490033E-4	4.610262259378887E-5
62-63	3.797400229435768E-4	0.0011204150517201059	3.639680731088595E-6	3.14225769783982E-4	4.610262259378887E-5
64-65	4.088574687922855E-4	0.0011671242877690762	3.639680731088595E-6	3.494093501845051E-4	4.974230332487746E-5
66-67	4.3190878008917994E-4	0.0011962417336177848	3.639680731088595E-6	3.748871153021253E-4	5.702166478705466E-5
68-69	4.5981299902752583E-4	0.001210193843086958	3.639680731088595E-6	3.9854504005420115E-4	5.823489169741752E-5
70-71	4.7558494886224304E-4	0.0012332451543838523	3.639680731088595E-6	4.2887571281327277E-4	6.551425315959471E-5
72-73	5.028825543454075E-4	0.001272068415515464	3.639680731088595E-6	4.695188143104288E-4	6.672748006995757E-5
74-75	5.441322692977449E-4	0.001303005701729717	3.639680731088595E-6	4.828643103244203E-4	6.794070698032044E-5
76-77	5.702166478705466E-4	0.0013454686435924173	3.639680731088595E-6	4.913568986969603E-4	7.158038771140904E-5
78-79	5.908415053467153E-4	0.0013569942992408645	3.639680731088595E-6	4.943899659728675E-4	7.27936146217719E-5
80-81	6.272383126576012E-4	0.0013697331817996746	3.639680731088595E-6	5.016693274350447E-4	7.400684153213477E-5
82-83	7.200501713003604E-4	0.0013855051316343917	3.639680731088595E-6	5.047023947109517E-4	7.46134549873162E-5
84-85	7.989099204739466E-4	0.0014267548465867292	3.639680731088595E-6	5.198677310904877E-4	7.522006844249763E-5
86-87	8.30453820143381E-4	0.0014637582673527967	4.2462941862700275E-6	5.841687573397195E-4	7.643329535286049E-5
88-89	8.31667047053744E-4	0.001475283923001244	5.459521096632892E-6	6.07220068636614E-4	7.82531357184048E-5
>>END_MODULE
