##FastQC	0.11.8
>>Basic Statistics	pass
#Measure	Value
Filename	SRR3184301_1.gz
File type	Conventional base calls
Encoding	Sanger / Illumina 1.9
Total Sequences	61551489
Sequences flagged as poor quality	0
Sequence length	20-100
%GC	49
>>END_MODULE
>>Per base sequence quality	pass
#Base	Mean	Median	Lower Quartile	Upper Quartile	10th Percentile	90th Percentile
1	32.165035877523614	33.0	33.0	33.0	33.0	33.0
2	32.136803546702176	33.0	33.0	33.0	33.0	33.0
3	32.138586135584795	33.0	33.0	33.0	33.0	33.0
4	35.945363450102725	37.0	37.0	37.0	33.0	37.0
5	35.95337732609523	37.0	37.0	37.0	33.0	37.0
6	35.912396497832894	37.0	37.0	37.0	33.0	37.0
7	35.905563763047226	37.0	37.0	37.0	33.0	37.0
8	35.9009204310232	37.0	37.0	37.0	33.0	37.0
9	35.886693707767165	37.0	37.0	37.0	33.0	37.0
10-11	35.90663736014575	37.0	37.0	37.0	33.0	37.0
12-13	35.85562141315542	37.0	37.0	37.0	33.0	37.0
14-15	37.80453649139179	40.0	37.0	40.0	33.0	40.0
16-17	37.78037251056591	40.0	37.0	40.0	33.0	40.0
18-19	37.74722788590866	40.0	37.0	40.0	33.0	40.0
20-21	37.708794823040336	40.0	37.0	40.0	33.0	40.0
22-23	37.644202555849404	40.0	37.0	40.0	33.0	40.0
24-25	37.57233871729579	40.0	37.0	40.0	33.0	40.0
26-27	37.512848700905494	40.0	37.0	40.0	33.0	40.0
28-29	37.44228663650182	40.0	37.0	40.0	33.0	40.0
30-31	37.3677447875454	40.0	37.0	40.0	33.0	40.0
32-33	37.28334467432518	40.0	37.0	40.0	33.0	40.0
34-35	37.18036945807694	40.0	37.0	40.0	33.0	40.0
36-37	37.07899649529432	40.0	37.0	40.0	33.0	40.0
38-39	36.980625156943006	40.0	37.0	40.0	33.0	40.0
40-41	36.85718741079826	40.0	37.0	40.0	33.0	40.0
42-43	36.69614897205225	40.0	37.0	40.0	33.0	40.0
44-45	36.551086920451056	40.0	37.0	40.0	33.0	40.0
46-47	36.37999774856017	38.5	37.0	40.0	33.0	40.0
48-49	36.205606411204116	37.0	37.0	40.0	33.0	40.0
50-51	35.64650406017914	37.0	35.0	40.0	30.0	40.0
52-53	35.546020475137084	37.0	37.0	40.0	27.0	40.0
54-55	35.64379817849859	37.0	37.0	40.0	27.0	40.0
56-57	35.569355052098345	37.0	37.0	40.0	27.0	40.0
58-59	35.563458910526506	37.0	37.0	40.0	27.0	40.0
60-61	35.51711191917397	37.0	37.0	40.0	27.0	40.0
62-63	35.33747740852652	37.0	37.0	40.0	27.0	40.0
64-65	35.11835281990257	37.0	33.0	40.0	27.0	40.0
66-67	34.886122554538794	37.0	33.0	38.5	27.0	40.0
68-69	34.64250855723485	37.0	33.0	37.0	27.0	40.0
70-71	34.400260341435654	37.0	33.0	37.0	27.0	40.0
72-73	34.14866605162228	37.0	33.0	37.0	27.0	40.0
74-75	33.920230602342464	37.0	33.0	37.0	27.0	38.5
76-77	33.698268479204785	37.0	33.0	37.0	27.0	37.0
78-79	33.52986990528943	37.0	33.0	37.0	27.0	37.0
80-81	33.43805482236954	37.0	33.0	37.0	27.0	37.0
82-83	33.28991245462213	37.0	33.0	37.0	27.0	37.0
84-85	33.15057159677445	37.0	33.0	37.0	27.0	37.0
86-87	33.01798357335971	37.0	33.0	37.0	27.0	37.0
88-89	32.900139616867435	37.0	33.0	37.0	27.0	37.0
90-91	32.770229231806724	37.0	33.0	37.0	27.0	37.0
92-93	32.644467523876365	37.0	33.0	37.0	27.0	37.0
94-95	32.504240693532424	37.0	33.0	37.0	27.0	37.0
96-97	32.349616601273	37.0	33.0	37.0	24.5	37.0
98-99	32.18256728595085	37.0	33.0	37.0	22.0	37.0
100	31.35350847119448	33.0	33.0	37.0	22.0	37.0
>>END_MODULE
>>Per sequence quality scores	pass
#Quality	Count
2	338672.0
3	85967.0
4	75226.0
5	70718.0
6	72262.0
7	77658.0
8	82489.0
9	89331.0
10	98922.0
11	103070.0
12	107503.0
13	109197.0
14	110747.0
15	114239.0
16	117785.0
17	120309.0
18	124648.0
19	131010.0
20	140988.0
21	158715.0
22	185392.0
23	222084.0
24	272462.0
25	331978.0
26	406540.0
27	496069.0
28	610839.0
29	760216.0
30	963469.0
31	1247534.0
32	1656699.0
33	2245206.0
34	3095034.0
35	4523997.0
36	8000533.0
37	1.7586485E7
38	1.6547054E7
39	70442.0
>>END_MODULE
>>Per base sequence content	fail
#Base	G	A	T	C
1	26.29913046439396	12.899442634708095	14.131670872825236	46.66975602807271
2	23.914880752509557	19.25870057007886	36.549862875767545	20.276555801644037
3	28.276683932049153	22.576535882015786	23.321960578402905	25.824819607532156
4	28.294231842222374	29.972954837859405	18.803532112764973	22.929281207153252
5	29.31987184124741	31.27238888336596	20.250009288973477	19.15772998641316
6	23.031772635102296	33.84164597545317	20.79054821890661	22.336033170537924
7	19.99449923949037	16.946698072568157	39.72453046586736	23.334272222074105
8	21.01811379412771	20.954350917489585	28.00413650431755	30.023398784065158
9	21.94674562317525	20.581852323395562	30.432002243336175	27.039399810093013
10-11	25.59853741934952	29.729380582293903	20.875765329922423	23.79631666843416
12-13	23.54715659275115	23.49411725847932	27.49501397114861	25.463712177620916
14-15	24.24694145092087	24.733861434286343	26.431202176116326	24.587994938676463
16-17	25.026474099062007	24.979021732274177	25.36390132783363	24.63060284083019
18-19	24.69776807511513	25.342606252791057	25.20509048936249	24.75453518273132
20-21	24.72894538222848	25.419702294257302	25.3816023356667	24.469749987847525
22-23	24.57507326661933	25.703336068824083	25.51596461938328	24.205626045173307
24-25	24.508547180912565	25.64592378068884	25.43398625658772	24.411542781810873
26-27	24.28120178283229	25.694856879853724	25.631522127690232	24.392419209623757
28-29	24.403491717912885	25.462425595437566	25.56524298342796	24.56883970322159
30-31	24.264218411189294	25.636456080688223	25.52332152987035	24.576003978252132
32-33	24.31100978640911	25.65788371060988	25.54000485410766	24.49110164887335
34-35	24.696915149597956	25.613192604137403	25.234855165221305	24.455037081043336
36-37	24.420047412923566	25.594247600023273	25.38815341149056	24.597551575562605
38-39	24.331788170188588	25.631005122820806	25.535871351277585	24.501335355713024
40-41	24.480229494659234	25.584956735969943	25.410028089278075	24.524785680092748
42-43	24.267629202249246	25.501806622867196	25.595359359200643	24.63520481568292
44-45	24.28921328113198	25.64921793754527	25.664567072102535	24.397001709220216
46-47	24.47958596483622	25.620894881087835	25.438885876128193	24.460633277947753
48-49	24.377032283711976	25.564894110324314	25.464722096231952	24.593351509731757
50-51	24.420386518864998	25.524786954844696	25.52822384520545	24.526602681084857
52-53	24.38348920038601	25.793007751276253	25.2851449768792	24.53835807145854
54-55	24.32767926826893	25.624688896795544	25.469394562460586	24.578237272474937
56-57	24.27299633341517	25.58825327772955	25.603262675056985	24.53548771379829
58-59	24.38676866510602	25.63125573823699	25.47433458309518	24.507641013561813
60-61	24.28191279300503	25.611869683882688	25.547704113389702	24.558513409722583
62-63	24.273965176656834	25.72359945063452	25.62034111047437	24.38209426223427
64-65	24.40839381575445	25.696626072152174	25.456167796221923	24.438812315871452
66-67	24.293446559561644	25.67681044285422	25.45779064755658	24.571952350027555
68-69	24.35951693662255	25.75369814729896	25.545072144658633	24.341712771419857
70-71	24.39707838536275	25.671602598968384	25.493982180093095	24.43733683557577
72-73	24.373767296815945	25.733709559697743	25.418290991801978	24.474232151684337
74-75	24.423981790467728	25.826524448688314	25.455143819387537	24.294349941456414
76-77	24.465766233577906	25.665887045501208	25.48161610471026	24.386730616210635
78-79	24.372479659738783	25.51831020208765	25.648195844777995	24.461014293395568
80-81	24.420733305140335	25.74246753979757	25.57583891530485	24.260960239757246
82-83	24.487895465587105	25.642628301114133	25.50812751134452	24.361348721954244
84-85	24.433891183694183	25.647278886467795	25.512172314516064	24.406657615321958
86-87	24.34111883035431	25.791581637485777	25.565323482234863	24.301976049925045
88-89	24.445970964980575	25.64039965157059	25.46615809661098	24.447471286837853
90-91	24.334311745396214	25.66256800083758	25.501770136606723	24.501350117159486
92-93	24.364014626800536	25.79623174849453	25.58770326276603	24.252050361938903
94-95	24.513935792830985	25.701830490929993	25.339890170283397	24.444343545955626
96-97	24.445951278563964	25.384088368008328	25.500322608736646	24.669637744691062
98-99	23.79073748014165	25.045074173396443	26.20572995086195	24.958458395599955
100	25.263530875210407	24.273860054051877	25.39059037441883	25.07201869631889
>>END_MODULE
>>Per sequence GC content	pass
#GC Content	Count
0	166.0
1	146.5
2	141.0
3	163.5
4	212.5
5	283.0
6	347.5
7	412.0
8	511.5
9	629.0
10	736.0
11	882.0
12	1050.5
13	1301.0
14	1707.5
15	2321.5
16	3292.0
17	4706.0
18	7412.5
19	12198.0
20	20278.5
21	32534.0
22	50797.5
23	75013.0
24	107923.0
25	150479.5
26	203786.0
27	267399.0
28	336532.5
29	414992.0
30	491682.5
31	568378.0
32	661439.5
33	753430.5
34	841349.0
35	951018.0
36	1086270.0
37	1242751.0
38	1386835.5
39	1520758.5
40	1620340.5
41	1688943.5
42	1823905.5
43	1978028.5
44	2044863.0
45	2105851.5
46	2172259.0
47	2176624.0
48	2170269.5
49	2162875.0
50	2176236.0
51	2169463.5
52	2097109.5
53	1994987.5
54	1898707.0
55	1854151.0
56	1779199.5
57	1669449.0
58	1599338.0
59	1534687.0
60	1453574.0
61	1349774.5
62	1233694.5
63	1128447.0
64	1028052.0
65	912186.5
66	799569.0
67	705934.0
68	605086.5
69	498129.5
70	404076.0
71	324664.0
72	268694.0
73	219633.5
74	176943.5
75	146745.0
76	119738.5
77	98293.5
78	77487.5
79	56863.5
80	41457.0
81	29015.0
82	19140.5
83	12403.5
84	7974.0
85	5459.5
86	4039.0
87	2969.0
88	2153.0
89	1642.0
90	1297.5
91	1042.5
92	830.5
93	621.5
94	457.5
95	371.0
96	297.0
97	231.0
98	173.0
99	134.0
100	255.0
>>END_MODULE
>>Per base N content	pass
#Base	N-Count
1	7.684623194087148E-4
2	8.123280332016013E-6
3	0.0
4	0.0
5	2.5994497062451243E-5
6	0.0
7	0.0
8	0.0
9	4.938954441865736E-4
10-11	1.868354476363683E-5
12-13	0.0
14-15	0.0
16-17	4.7358724335653363E-4
18-19	0.0
20-21	0.0
22-23	0.0
24-25	4.874143640379443E-6
26-27	0.0
28-29	0.0
30-31	0.0
32-33	0.0
34-35	0.0
36-37	0.0
38-39	0.0
40-41	0.0
42-43	0.0
44-45	0.0
46-47	0.0
48-49	7.149915595246398E-5
50-51	0.0
52-53	3.851332989004664E-4
54-55	7.31278597563656E-6
56-57	1.9338618751181392E-4
58-59	0.0028943518900536314
60-61	1.137615253223323E-5
62-63	8.126034997841358E-7
64-65	9.605236638494177E-4
66-67	0.0
68-69	1.3327913098625858E-4
70-71	5.7702445005384454E-5
72-73	0.0
74-75	0.0
76-77	3.2595085269149487E-4
78-79	3.576782829517459E-4
80-81	0.0070892122238115675
82-83	0.005398897457325821
84-85	6.009760534219731E-4
86-87	3.554576751828415E-4
88-89	7.322611565479158E-6
90-91	4.883660741953251E-5
92-93	3.290109626697077E-4
94-95	0.0
96-97	7.365402305884863E-6
98-99	3.684992379435759E-5
100	7.570984343204379E-4
>>END_MODULE
>>Sequence Length Distribution	warn
#Length	Count
20-21	1066.0
22-23	931.0
24-25	933.0
26-27	857.0
28-29	875.0
30-31	832.0
32-33	729.0
34-35	847.0
36-37	879.0
38-39	835.0
40-41	742.0
42-43	842.0
44-45	814.0
46-47	899.0
48-49	958.0
50-51	1046.0
52-53	1081.0
54-55	1102.0
56-57	1271.0
58-59	1343.0
60-61	1578.0
62-63	1646.0
64-65	1810.0
66-67	1991.0
68-69	2368.0
70-71	2922.0
72-73	3283.0
74-75	3643.0
76-77	4328.0
78-79	5476.0
80-81	7201.0
82-83	10020.0
84-85	12603.0
86-87	15424.0
88-89	21635.0
90-91	31158.0
92-93	41460.0
94-95	117589.0
96-97	1544856.0
98-99	0.0
100-101	5.9701616E7
>>END_MODULE
>>Sequence Duplication Levels	fail
#Total Deduplicated Percentage	39.89347064104883
#Duplication Level	Percentage of deduplicated	Percentage of total
1	73.03906587248764	29.13781830033717
2	13.253600039649735	10.574642081399405
3	5.118423059571888	6.125749801664953
4	2.4735765512677985	3.9471821410555497
5	1.4806492629863153	2.953411895131758
6	0.9106264044884748	2.1796828639454895
7	0.6527795034655411	1.8229147969606698
8	0.46552406965789045	1.48570966444789
9	0.3655326047561787	1.3124127812568047
>10	1.8929878437479988	13.923187650721777
>50	0.1786469479990228	4.969304776085069
>100	0.14547869053137574	11.648420513821785
>500	0.015221336415759698	4.13368532771009
>1k	0.007679663405874024	5.171683752605535
>5k	1.8774274808056228E-4	0.5004119352807855
>10k+	2.0406820443539378E-5	0.11378171757524007
>>END_MODULE
>>Overrepresented sequences	pass
>>END_MODULE
>>Adapter Content	pass
#Position	Illumina Universal Adapter	Illumina Small RNA 3' Adapter	Illumina Small RNA 5' Adapter	Nextera Transposase Sequence	SOLID Small RNA Adapter
1	1.6246560664032027E-6	1.787121673043523E-5	0.0	1.4621904597628825E-5	1.6246560664032027E-6
2	1.6246560664032027E-6	6.01122744569185E-5	0.0	6.17369305233217E-5	1.6246560664032027E-6
3	3.2493121328064054E-6	6.33615865897249E-5	0.0	6.66108987225313E-5	3.2493121328064054E-6
4	1.1372592464822418E-5	6.33615865897249E-5	0.0	7.635883512095053E-5	4.873968199209608E-6
5	1.2997248531225621E-5	6.49862426561281E-5	0.0	7.635883512095053E-5	4.873968199209608E-6
6	1.2997248531225621E-5	6.823555478893452E-5	0.0	7.798349118735373E-5	6.498624265612811E-6
7	1.4621904597628825E-5	1.0397798824980497E-4	0.0	7.798349118735373E-5	8.123280332016013E-6
8	1.4621904597628825E-5	1.1210126858182098E-4	0.0	8.610677151936975E-5	9.747936398419216E-6
9	1.787121673043523E-5	1.185998928474338E-4	0.0	8.935608365217615E-5	9.747936398419216E-6
10-11	2.6806825095652846E-5	1.299724853122562E-4	0.0	9.179306775178094E-5	1.2997248531225621E-5
12-13	3.086846526166085E-5	1.4784370204269144E-4	0.0	9.829169201739376E-5	1.7058888697233626E-5
14-15	4.467804182608808E-5	1.746505271383443E-4	0.0	1.0560264431620818E-4	1.787121673043523E-5
16-17	5.767529035731369E-5	1.9820804010119072E-4	0.0	1.226615330134418E-4	1.787121673043523E-5
18-19	8.204513135336173E-5	2.1201761666561793E-4	0.0	1.3890809367747382E-4	1.787121673043523E-5
20-21	1.0803962841581297E-4	2.2501486519684358E-4	1.6246560664032027E-6	1.4946835810909464E-4	1.787121673043523E-5
22-23	1.36471109577869E-4	2.371997856948676E-4	1.6246560664032027E-6	1.5921629450751386E-4	1.8683544763636833E-5
24-25	1.640902627067235E-4	2.493847061928916E-4	1.6246560664032027E-6	1.746505271383443E-4	2.0308200830040033E-5
26-27	1.9170941583557792E-4	2.5425867439210124E-4	1.6246560664032027E-6	1.7952449533755388E-4	2.2745184929644836E-5
28-29	2.1120528863241637E-4	2.599449706245124E-4	1.6246560664032027E-6	1.843984635367635E-4	2.8431481162056046E-5
30-31	2.3476280159526278E-4	2.721298911225364E-4	2.436984099604804E-6	1.8846010370277152E-4	2.924380919525765E-5
32-33	2.5100936225929484E-4	2.8187782752095566E-4	3.2493121328064054E-6	1.8927243173597313E-4	3.330544936126565E-5
34-35	2.6888057898973006E-4	2.8756412375336685E-4	3.2493121328064054E-6	1.9577105600158593E-4	3.493010542766886E-5
36-37	2.900011078529717E-4	3.029983563841973E-4	3.2493121328064054E-6	2.0308200830040034E-4	3.655476149407206E-5
38-39	3.143709488490197E-4	3.1518327688222133E-4	3.2493121328064054E-6	2.1039296059921476E-4	3.8991745593676866E-5
40-41	3.379284618118661E-4	3.3386682164585817E-4	3.2493121328064054E-6	2.1689158486482756E-4	3.9804073626878466E-5
42-43	3.60673646741511E-4	3.4361475804427737E-4	3.2493121328064054E-6	2.2745184929644837E-4	4.1428729693281666E-5
44-45	3.8504348773755906E-4	3.6392295887431743E-4	3.2493121328064054E-6	2.331381455288596E-4	4.305338575968487E-5
46-47	3.988530643019863E-4	3.7773253543874465E-4	3.2493121328064054E-6	2.40449097827674E-4	4.386571379288647E-5
48-49	4.329708416964535E-4	3.9072978396997025E-4	3.2493121328064054E-6	2.5425867439210124E-4	4.549036985928967E-5
50-51	4.459680902276791E-4	3.988530643019863E-4	3.2493121328064054E-6	2.6238195472411726E-4	4.873968199209608E-5
52-53	4.703379312237272E-4	4.3540782579605834E-4	3.2493121328064054E-6	2.7456687522214125E-4	4.873968199209608E-5
54-55	4.955201002529769E-4	4.7602422745613836E-4	3.2493121328064054E-6	2.843148116205605E-4	5.1176666091700886E-5
56-57	5.125789889502104E-4	5.003940684521864E-4	3.2493121328064054E-6	2.997490442513909E-4	5.1988994124902486E-5
58-59	5.377611579794601E-4	5.166406291162184E-4	3.2493121328064054E-6	3.1599560491542294E-4	5.1988994124902486E-5
60-61	5.572570307762985E-4	5.247639094482345E-4	3.2493121328064054E-6	3.557996785423014E-4	5.523830625770889E-5
62-63	5.816268717723466E-4	5.442597822450729E-4	3.2493121328064054E-6	3.7854486347194626E-4	5.84876183905153E-5
64-65	6.084336968679994E-4	5.564447027430969E-4	4.061640166008007E-6	4.0129004840159106E-4	6.01122744569185E-5
66-67	6.344281939304507E-4	5.694419512743225E-4	4.873968199209608E-6	4.167242810324215E-4	6.25492585565233E-5
68-69	6.466131144284746E-4	5.767529035731369E-4	4.873968199209608E-6	4.4515576219447754E-4	6.41739146229265E-5
70-71	6.604226909929019E-4	5.92999464237169E-4	4.873968199209608E-6	4.5896533875890475E-4	6.57985706893297E-5
72-73	6.807308918229419E-4	6.279295696648378E-4	4.873968199209608E-6	4.7602422745613836E-4	6.66108987225313E-5
74-75	7.026637487193852E-4	6.490500985280795E-4	4.873968199209608E-6	4.938954441865736E-4	6.66108987225313E-5
76-77	7.197226374166187E-4	6.652966591921115E-4	4.873968199209608E-6	5.077050207510009E-4	6.986021085533772E-5
78-79	7.359691980806508E-4	6.742322675573291E-4	4.873968199209608E-6	5.117666609170089E-4	7.392185102134572E-5
80-81	7.514034307114812E-4	6.823555478893452E-4	4.873968199209608E-6	5.377611579794601E-4	7.879581922055533E-5
82-83	7.952691445043678E-4	6.88854172154958E-4	4.873968199209608E-6	5.450721102782745E-4	7.960814725375693E-5
84-85	8.277622658324317E-4	7.107870290514011E-4	4.873968199209608E-6	5.621309989755081E-4	8.448211545296653E-5
86-87	8.448211545296654E-4	7.2540893364903E-4	5.68629623241121E-6	6.328035378640475E-4	8.610677151936975E-5
88-89	8.45633482562867E-4	7.343445420142476E-4	7.3109522988144115E-6	6.628596750925067E-4	8.691909955257135E-5
>>END_MODULE
