##FastQC	0.11.8
>>Basic Statistics	pass
#Measure	Value
Filename	SRR3184287_1.gz
File type	Conventional base calls
Encoding	Sanger / Illumina 1.9
Total Sequences	92647144
Sequences flagged as poor quality	0
Sequence length	0-100
%GC	50
>>END_MODULE
>>Per base sequence quality	pass
#Base	Mean	Median	Lower Quartile	Upper Quartile	10th Percentile	90th Percentile
1	32.61771380610881	33.0	33.0	33.0	33.0	33.0
2	32.67309891575465	33.0	33.0	33.0	33.0	33.0
3	32.300157595072186	33.0	33.0	33.0	33.0	33.0
4	36.40312950369103	37.0	37.0	37.0	37.0	37.0
5	36.44771032912811	37.0	37.0	37.0	37.0	37.0
6	36.43535043799103	37.0	37.0	37.0	37.0	37.0
7	36.412566824640926	37.0	37.0	37.0	37.0	37.0
8	36.394784730218596	37.0	37.0	37.0	37.0	37.0
9	36.391081791283774	37.0	37.0	37.0	37.0	37.0
10-11	36.39791280298202	37.0	37.0	37.0	37.0	37.0
12-13	36.360077863820464	37.0	37.0	37.0	37.0	37.0
14-15	38.34911388387768	40.0	37.0	40.0	37.0	40.0
16-17	38.335451057759556	40.0	37.0	40.0	37.0	40.0
18-19	38.29307998138303	40.0	37.0	40.0	37.0	40.0
20-21	38.23946171092497	40.0	37.0	40.0	35.0	40.0
22-23	38.17997805078552	40.0	37.0	40.0	33.0	40.0
24-25	38.11947256063894	40.0	37.0	40.0	33.0	40.0
26-27	37.974771272653776	40.0	37.0	40.0	33.0	40.0
28-29	37.86496360960845	40.0	37.0	40.0	33.0	40.0
30-31	37.66004995332416	40.0	37.0	40.0	33.0	40.0
32-33	37.600496157442635	40.0	37.0	40.0	33.0	40.0
34-35	37.52730166198175	40.0	37.0	40.0	33.0	40.0
36-37	37.557313621011915	40.0	37.0	40.0	33.0	40.0
38-39	37.651212213527984	40.0	37.0	40.0	33.0	40.0
40-41	37.600519610072936	40.0	37.0	40.0	33.0	40.0
42-43	37.49168561957453	40.0	37.0	40.0	33.0	40.0
44-45	37.36207366441445	40.0	37.0	40.0	33.0	40.0
46-47	37.210389482861	40.0	37.0	40.0	33.0	40.0
48-49	37.05254067841399	40.0	37.0	40.0	33.0	40.0
50-51	36.88757376540756	37.0	37.0	40.0	33.0	40.0
52-53	36.7166748595606	37.0	37.0	40.0	33.0	40.0
54-55	36.51683956118006	37.0	37.0	40.0	33.0	40.0
56-57	36.25394903881454	37.0	37.0	40.0	33.0	40.0
58-59	36.076389773955825	37.0	37.0	40.0	33.0	40.0
60-61	35.84220818273785	37.0	37.0	40.0	33.0	40.0
62-63	35.590628765243835	37.0	35.0	40.0	33.0	40.0
64-65	35.34164851663749	37.0	33.0	38.5	30.0	40.0
66-67	35.07391469506034	37.0	33.0	37.0	27.0	40.0
68-69	34.81334939741394	37.0	33.0	37.0	27.0	40.0
70-71	34.552771715804596	37.0	33.0	37.0	27.0	40.0
72-73	34.29455350745404	37.0	33.0	37.0	27.0	38.5
74-75	34.03237902890764	37.0	33.0	37.0	27.0	37.0
76-77	33.06880341526839	35.0	33.0	37.0	27.0	37.0
78-79	33.50106753409918	37.0	33.0	37.0	27.0	37.0
80-81	33.431329043434005	37.0	33.0	37.0	27.0	37.0
82-83	33.29178589574231	37.0	33.0	37.0	27.0	37.0
84-85	33.083355845073015	37.0	33.0	37.0	27.0	37.0
86-87	32.931541979588346	37.0	33.0	37.0	27.0	37.0
88-89	32.783649835770234	37.0	33.0	37.0	27.0	37.0
90-91	32.60764278998286	37.0	33.0	37.0	27.0	37.0
92-93	32.40870679194212	35.0	33.0	37.0	27.0	37.0
94-95	32.18880262433419	33.0	33.0	37.0	24.5	37.0
96-97	31.934948967459196	33.0	33.0	37.0	22.0	37.0
98-99	31.626390553310557	33.0	33.0	37.0	22.0	37.0
100	29.238883068658815	33.0	27.0	37.0	15.0	37.0
>>END_MODULE
>>Per sequence quality scores	pass
#Quality	Count
2	291.0
3	205.0
4	459.0
5	1090.0
6	3002.0
7	8434.0
8	21682.0
9	42135.0
10	62361.0
11	75770.0
12	90114.0
13	104047.0
14	117846.0
15	134891.0
16	151323.0
17	169317.0
18	188970.0
19	206470.0
20	229724.0
21	257501.0
22	296271.0
23	353206.0
24	428141.0
25	534532.0
26	670039.0
27	841600.0
28	1057217.0
29	1324911.0
30	1671318.0
31	2128565.0
32	2756430.0
33	3658484.0
34	5034199.0
35	7583966.0
36	1.40692E7
37	2.9214845E7
38	1.9018151E7
39	40789.0
>>END_MODULE
>>Per base sequence content	warn
#Base	G	A	T	C
1	29.801834399346966	12.915584699563285	14.314199459968751	42.968381441121004
2	22.386499968227092	19.55211663057363	31.00335820358081	27.05802519761847
3	24.8054462557397	21.25056609279833	23.317871295717367	30.6261163557446
4	27.33357438560925	26.462861192258764	20.06216365268301	26.141400769448982
5	31.311629710010113	27.580508871168668	21.16235423252833	19.945507186292886
6	25.940313945906023	32.10077720376333	20.38463544934163	21.574273400989018
7	21.98444472997054	18.8654368857744	37.27049121775123	21.87962716650383
8	23.009458561370057	22.17012962644704	27.918523822369373	26.901887989813535
9	22.616060433278566	20.905255690094158	30.7337999433277	25.744883933299572
10-11	25.72345181351348	29.085603721437796	21.92983710146275	23.26110736358597
12-13	24.69712692959672	23.744366660247792	26.412922581455717	25.14558382869977
14-15	24.95438007570756	24.80955652292249	25.83068491727297	24.40537848409698
16-17	25.534400816483327	24.68129352526887	25.018631563790866	24.76567409445694
18-19	25.258417027338908	24.81130987750813	24.92354375239822	25.006729342754735
20-21	25.150645591080846	24.84394603661186	24.9356943992366	25.069713973070694
22-23	25.38190543637074	24.826790037362763	24.86842620468994	24.922878321576565
24-25	25.19623037422728	24.979067086937018	24.879708184566798	24.9449943542689
26-27	25.203936265817	25.000187352155578	24.875959500358736	24.919916881668687
28-29	25.357883126314523	24.632111629894926	24.763292033239466	25.246713210551086
30-31	25.09647285062347	24.753447464297246	24.881504655899896	25.26857502917939
32-33	25.11567545139303	24.822478117872347	24.967207275838614	25.094639154896004
34-35	25.362472895588194	24.689673240850958	24.78096423576557	25.166889627795275
36-37	25.15853942505362	24.783065425601453	24.820263773591503	25.23813137575343
38-39	25.14778543518486	24.90206236675747	24.755276816211694	25.19487538184598
40-41	25.411827935393227	24.65254745382785	24.737940571864534	25.197684038914385
42-43	25.06346489636672	24.79877958668806	24.944791508223037	25.19296400872218
44-45	25.100091363045507	24.945023878816926	24.97792382589398	24.97696093224359
46-47	25.218029395213186	24.826307305599165	24.785559601603413	25.170103697584235
48-49	25.033533949213783	24.761122164977927	24.94779331600444	25.257550569803854
50-51	25.154825334357838	24.700739574348272	25.038472660180027	25.105962431113866
52-53	25.194171331225263	24.772465871089725	24.762703680294596	25.27065911739042
54-55	24.968740498634883	24.796457543627696	24.919697203054245	25.315104754683176
56-57	25.031515175226126	24.78041508102806	24.96836053866249	25.219709205083323
58-59	25.17717399681432	24.779925674446893	24.82337449017594	25.219525838562845
60-61	25.03590700683711	24.834492943066603	24.953447855681095	25.176152194415195
62-63	24.951532829293132	25.004147844111618	24.944961559096107	25.099357767499143
64-65	25.109483655641334	24.85129639878065	24.815389185949808	25.223830759628207
66-67	24.96258146629052	24.938906412585123	24.883595265726402	25.214916855397956
68-69	25.09197921050179	25.09797598366928	24.927129018634503	24.882915787194428
70-71	25.2068801551008	24.90050991895819	24.807358964830144	25.085250961110873
72-73	24.977179306813152	24.989732329822964	24.90466472226781	25.128423641096077
74-75	25.00853900203538	25.09092120287462	24.873868471082343	25.026671324007665
76-77	25.154447886407333	24.940021137080798	24.80021763189283	25.105313344619034
78-79	24.89906807670857	24.970945873845885	24.98868568203764	25.141300367407908
80-81	24.976188309392057	25.077785288598857	24.935664376437348	25.010362025571737
82-83	25.08248977412591	24.868804718651326	24.83011377159088	25.21859173563188
84-85	24.93802313937336	24.89099786177173	24.986559549566707	25.184419449288203
86-87	24.918563033887033	25.100769872636004	24.996303867844652	24.984363225632315
88-89	25.089399320198574	24.996380235282565	24.781913068358776	25.132307376160085
90-91	24.889801669073822	25.001249004928695	24.89113820461479	25.217811121382695
92-93	24.90888293310235	25.126965684265713	24.86693883005695	25.097212552574987
94-95	25.080816205478364	24.99418514961759	24.7988850700853	25.12611357481875
96-97	24.93750407432537	24.77324169264819	24.978050591749735	25.311203641276702
98-99	24.34323380488108	24.376757994385834	25.51292323289058	25.767084967842507
100	25.21035389554126	23.746025042115768	24.7279341331622	26.31568692918077
>>END_MODULE
>>Per sequence GC content	pass
#GC Content	Count
0	102.0
1	90.5
2	77.5
3	78.0
4	90.5
5	106.5
6	125.0
7	145.0
8	191.5
9	292.0
10	383.0
11	446.0
12	589.5
13	810.0
14	1100.5
15	1602.5
16	2441.0
17	3881.0
18	6405.0
19	10425.0
20	17006.5
21	28035.5
22	45526.5
23	68136.5
24	98709.0
25	140646.5
26	194251.0
27	264054.0
28	344098.0
29	435036.0
30	538198.0
31	659241.5
32	791135.0
33	924737.0
34	1084244.0
35	1279645.0
36	1476278.5
37	1680233.0
38	1866422.5
39	2055941.0
40	2249074.5
41	2395671.5
42	2604372.5
43	2827189.0
44	2892366.5
45	2967835.5
46	3073872.0
47	3073415.5
48	3080458.5
49	3113489.0
50	3161304.5
51	3168693.5
52	3139026.5
53	3126860.0
54	3068653.0
55	3020696.5
56	2932840.5
57	2779480.0
58	2668159.0
59	2581658.5
60	2473216.0
61	2331725.5
62	2201126.0
63	2054201.5
64	1870454.0
65	1662731.0
66	1446593.0
67	1263581.5
68	1088299.0
69	912187.5
70	748124.5
71	600736.5
72	488077.0
73	398034.0
74	325476.0
75	258252.0
76	198594.0
77	155311.5
78	116799.0
79	80766.5
80	53569.0
81	34724.5
82	21830.5
83	14158.0
84	9005.0
85	6242.5
86	4604.5
87	3534.5
88	2681.5
89	2038.5
90	1607.5
91	1262.5
92	1019.0
93	831.0
94	647.0
95	504.0
96	430.0
97	385.5
98	335.0
99	311.5
100	307.5
>>END_MODULE
>>Per base N content	pass
#Base	N-Count
1	0.13233637353084085
2	1.5127381575266326E-5
3	6.980213687464282E-4
4	0.0
5	0.0
6	0.0
7	0.0
8	0.0
9	0.0
10-11	0.0
12-13	0.0
14-15	0.0
16-17	0.0
18-19	0.0
20-21	0.0
22-23	7.456153965040849E-5
24-25	4.862745312466155E-5
26-27	1.6209270587578278E-6
28-29	0.0
30-31	0.0
32-33	0.0
34-35	0.0
36-37	0.0
38-39	0.0
40-41	7.564706759032529E-6
42-43	8.213170594977531E-5
44-45	6.808334306808065E-5
46-47	1.4265188316209902E-4
48-49	2.3559368525276957E-4
50-51	0.0011482590970948547
52-53	1.0807251953533723E-6
54-55	5.403683966948151E-7
56-57	0.0
58-59	0.0
60-61	0.0
62-63	0.0
64-65	0.0
66-67	0.0
68-69	0.0
70-71	0.0
72-73	0.0
74-75	0.0
76-77	0.0
78-79	1.6219500095111148E-6
80-81	0.005743147310263116
82-83	0.0
84-85	0.0
86-87	0.0
88-89	0.0
90-91	0.0
92-93	0.0
94-95	0.0
96-97	0.0
98-99	0.0
100	0.0
>>END_MODULE
>>Sequence Length Distribution	fail
#Length	Count
0-1	99733.0
2-3	404.0
4-5	363.0
6-7	329.0
8-9	624.0
10-11	702.0
12-13	757.0
14-15	816.0
16-17	741.0
18-19	771.0
20-21	738.0
22-23	683.0
24-25	678.0
26-27	676.0
28-29	624.0
30-31	645.0
32-33	651.0
34-35	651.0
36-37	722.0
38-39	679.0
40-41	682.0
42-43	653.0
44-45	696.0
46-47	739.0
48-49	784.0
50-51	900.0
52-53	995.0
54-55	998.0
56-57	1127.0
58-59	1354.0
60-61	1771.0
62-63	2097.0
64-65	2340.0
66-67	2803.0
68-69	3413.0
70-71	4730.0
72-73	6524.0
74-75	8236.0
76-77	10044.0
78-79	13243.0
80-81	19150.0
82-83	28563.0
84-85	38544.0
86-87	47303.0
88-89	63452.0
90-91	88096.0
92-93	120526.0
94-95	267588.0
96-97	2439941.0
98-99	0.0
100-101	8.9357865E7
>>END_MODULE
>>Sequence Duplication Levels	fail
#Total Deduplicated Percentage	33.01829456934381
#Duplication Level	Percentage of deduplicated	Percentage of total
1	67.118703589477	22.16145126229825
2	14.128523127797163	9.32999476926787
3	5.980747691268952	5.924222670457236
4	3.263198958092333	4.309810577466738
5	2.051521103934516	3.386886406246762
6	1.3656206653389413	2.7054279238886667
7	0.9954024890000345	2.3006544817802803
8	0.7115052489021053	1.8794151916707202
9	0.5672182879752939	1.6855722465738427
>10	3.339878642112008	20.529971357892776
>50	0.28304691446603414	6.474751112754359
>100	0.17216078301046914	10.781744363852171
>500	0.014620473271237692	3.2999297606805977
>1k	0.007561214280653575	4.3571937162725884
>5k	2.516005914067795E-4	0.5684747598580511
>10k+	3.9210481777679924E-5	0.30449939903956286
>>END_MODULE
>>Overrepresented sequences	warn
#Sequence	Count	Percentage	Possible Source
	99648	0.10755647254490652	No Hit
>>END_MODULE
>>Adapter Content	pass
#Position	Illumina Universal Adapter	Illumina Small RNA 3' Adapter	Illumina Small RNA 5' Adapter	Nextera Transposase Sequence	SOLID Small RNA Adapter
1	0.0	3.0222194436992036E-5	0.0	4.317456348141719E-6	1.0793640870354297E-6
2	0.0	1.6514270531642076E-4	0.0	4.317456348141719E-5	1.0793640870354297E-6
3	0.0	1.921268074923065E-4	0.0	5.288884026473606E-5	1.0793640870354297E-6
4	4.317456348141719E-6	1.986029920145191E-4	0.0	6.260311704805493E-5	2.1587281740708595E-6
5	5.396820435177149E-6	2.0507917653673168E-4	0.0	6.260311704805493E-5	5.396820435177149E-6
6	6.476184522212579E-6	2.1047599697190882E-4	0.0	6.584120930916123E-5	5.396820435177149E-6
7	6.476184522212579E-6	2.903489394125306E-4	0.0	6.692057339619664E-5	5.396820435177149E-6
8	8.634912696283438E-6	3.475552360254084E-4	0.0	6.692057339619664E-5	5.396820435177149E-6
9	1.0793640870354297E-5	3.9828534811607363E-4	0.0	7.23173938313738E-5	6.476184522212579E-6
10-11	1.0793640870354297E-5	4.3282499890120736E-4	0.0	7.447612200544466E-5	7.015866565730294E-6
12-13	1.2952369044425157E-5	4.5765037290302225E-4	0.0	8.095230652765724E-5	7.555548609248009E-6
14-15	1.5111097218496018E-5	5.202534899510771E-4	5.396820435177149E-7	8.742849104986981E-5	7.555548609248009E-6
16-17	1.5650779262013733E-5	5.742216943028487E-4	3.2380922611062897E-6	9.282531148504696E-5	9.174594739801153E-6
18-19	2.0507917653673168E-5	5.850153351732029E-4	3.2380922611062897E-6	1.0199990622484812E-4	1.0253958826836584E-5
20-21	2.2666645827744026E-5	5.995867503481812E-4	3.2380922611062897E-6	1.1063481892113156E-4	1.1333322913872013E-5
22-23	2.3746009914779456E-5	6.157772116537126E-4	3.2380922611062897E-6	1.160316393563087E-4	1.1873004957389728E-5
24-25	2.4825374001814887E-5	6.287295806981379E-4	3.2380922611062897E-6	1.3222210066184015E-4	1.1873004957389728E-5
26-27	2.5365056045332602E-5	6.427613138295985E-4	3.2380922611062897E-6	1.4733319788033617E-4	1.1873004957389728E-5
28-29	2.6984102175885745E-5	6.600311392221653E-4	3.7777743046240045E-6	1.5380938240254873E-4	1.1873004957389728E-5
30-31	2.8063466262921175E-5	6.68126369874931E-4	4.317456348141719E-6	1.629839771423499E-4	1.1873004957389728E-5
32-33	3.130155852402747E-5	6.924120618332283E-4	4.317456348141719E-6	1.6514270531642076E-4	1.2412687000907443E-5
34-35	3.346028669809832E-5	7.28570758748915E-4	4.317456348141719E-6	1.6514270531642076E-4	1.3492051087942872E-5
36-37	3.723806100272233E-5	7.636500915775665E-4	4.317456348141719E-6	1.667617514469739E-4	1.5111097218496018E-5
38-39	4.2095199394381766E-5	7.900945117099347E-4	4.317456348141719E-6	1.726982539256688E-4	1.619046130553145E-5
40-41	4.3714245524934905E-5	8.030468807543598E-4	4.317456348141719E-6	1.802538025349168E-4	1.619046130553145E-5
42-43	4.749201982955891E-5	8.106024293636078E-4	4.317456348141719E-6	1.9104744340527107E-4	1.619046130553145E-5
44-45	5.180947617770063E-5	8.203167061469267E-4	4.317456348141719E-6	2.023807663191431E-4	1.8349189479602307E-5
46-47	5.6666614569360066E-5	8.354278033654227E-4	4.317456348141719E-6	2.099363149283911E-4	1.8349189479602307E-5
48-49	6.260311704805493E-5	8.624119055413084E-4	4.317456348141719E-6	2.2504741214688712E-4	1.8888871523120022E-5
50-51	6.638089135267893E-5	8.937134640653359E-4	4.857138391659434E-6	2.3638073506075912E-4	1.9428553566637737E-5
52-53	7.28570758748915E-5	0.0010102847854651623	5.396820435177149E-6	2.477140579746311E-4	2.0507917653673168E-5
54-55	8.580944491931667E-5	0.0011765068548686185	5.396820435177149E-6	2.5419024249684374E-4	2.1587281740708595E-5
56-57	8.958721922394067E-5	0.001289300401963821	5.396820435177149E-6	2.6552356541071574E-4	2.1587281740708595E-5
58-59	9.714276783318869E-5	0.0014771097531079856	5.396820435177149E-6	2.7739657036810546E-4	2.3746009914779456E-5
60-61	1.0307927031188356E-4	0.001567236654375444	5.396820435177149E-6	3.4215841559023124E-4	2.5904738088850317E-5
62-63	1.0469831644243669E-4	0.0017361571339964887	5.396820435177149E-6	3.837139329410953E-4	2.644442013236803E-5
64-65	1.1009513687761384E-4	0.001821426896872288	5.396820435177149E-6	4.3282499890120736E-4	2.6984102175885745E-5
66-67	1.1819036753037956E-4	0.0018619030501361164	5.396820435177149E-6	4.6196782925116397E-4	2.6984102175885745E-5
68-69	1.2358718796555673E-4	0.0018770141473546127	5.396820435177149E-6	4.889519314270497E-4	2.6984102175885745E-5
70-71	1.3114273657480473E-4	0.001913712526313817	6.476184522212579E-6	5.191741258640417E-4	2.8063466262921175E-5
72-73	1.45714151749783E-4	0.002003299745537758	6.476184522212579E-6	5.58570915040835E-4	2.8063466262921175E-5
74-75	1.6082524896827904E-4	0.0020605060421506356	6.476184522212579E-6	5.839359710861675E-4	2.9142830349956606E-5
76-77	1.7161888983863334E-4	0.0021204107489811016	6.476184522212579E-6	6.03904206696323E-4	3.0222194436992036E-5
78-79	1.8942839727471795E-4	0.002133902800069045	6.476184522212579E-6	6.109200732620533E-4	3.23809226110629E-5
80-81	2.023807663191431E-4	0.002154410717722718	7.015866565730294E-6	6.233327602629608E-4	3.453965078513375E-5
82-83	2.4717437593111346E-4	0.002176537681506944	7.555548609248009E-6	6.362851293073859E-4	3.561901487216918E-5
84-85	2.973648059782609E-4	0.0022628868084697785	7.555548609248009E-6	6.616501853527185E-4	3.7777743046240044E-5
86-87	3.1625367750138096E-4	0.0023589502122159317	7.555548609248009E-6	7.442215380109289E-4	3.7777743046240044E-5
88-89	3.1679335954489863E-4	0.0023913311348269946	8.095230652765723E-6	7.89554829666417E-4	3.9936471220310905E-5
>>END_MODULE
