##FastQC	0.11.8
>>Basic Statistics	pass
#Measure	Value
Filename	reverse.gz
File type	Conventional base calls
Encoding	Sanger / Illumina 1.9
Total Sequences	61680455
Sequences flagged as poor quality	0
Sequence length	100
%GC	49
>>END_MODULE
>>Per base sequence quality	pass
#Base	Mean	Median	Lower Quartile	Upper Quartile	10th Percentile	90th Percentile
1	32.124060222966904	33.0	33.0	33.0	33.0	33.0
2	32.09589129976425	33.0	33.0	33.0	33.0	33.0
3	32.097688870810046	33.0	33.0	33.0	33.0	33.0
4	35.90017943285276	37.0	37.0	37.0	33.0	37.0
5	35.90578749783866	37.0	37.0	37.0	33.0	37.0
6	35.86018674797389	37.0	37.0	37.0	33.0	37.0
7	35.85234022673795	37.0	37.0	37.0	33.0	37.0
8	35.84736797093991	37.0	37.0	37.0	33.0	37.0
9	35.83192705047328	37.0	37.0	37.0	33.0	37.0
10-11	35.851455440787525	37.0	37.0	37.0	33.0	37.0
12-13	35.80147231404178	37.0	37.0	37.0	33.0	37.0
14-15	37.74827314422373	40.0	37.0	40.0	33.0	40.0
16-17	37.723389159499554	40.0	37.0	40.0	33.0	40.0
18-19	37.69059730509446	40.0	37.0	40.0	33.0	40.0
20-21	37.65205501483412	40.0	37.0	40.0	33.0	40.0
22-23	37.58790578798421	40.0	37.0	40.0	33.0	40.0
24-25	37.51673763593346	40.0	37.0	40.0	33.0	40.0
26-27	37.457808628357235	40.0	37.0	40.0	33.0	40.0
28-29	37.38740544310187	40.0	37.0	40.0	33.0	40.0
30-31	37.3128160046809	40.0	37.0	40.0	33.0	40.0
32-33	37.2282297933762	40.0	37.0	40.0	33.0	40.0
34-35	37.124308462056575	40.0	37.0	40.0	33.0	40.0
36-37	37.02290411930328	40.0	37.0	40.0	33.0	40.0
38-39	36.924601253346786	40.0	37.0	40.0	33.0	40.0
40-41	36.79971088896799	40.0	37.0	40.0	33.0	40.0
42-43	36.638021647213854	40.0	37.0	40.0	33.0	40.0
44-45	36.4935384798961	40.0	37.0	40.0	33.0	40.0
46-47	36.323260480163455	38.5	37.0	40.0	33.0	40.0
48-49	36.14814017665726	37.0	37.0	40.0	33.0	40.0
50-51	35.58998081320898	37.0	35.0	40.0	30.0	40.0
52-53	35.489408330402235	37.0	37.0	40.0	27.0	40.0
54-55	35.587185251794914	37.0	37.0	40.0	27.0	40.0
56-57	35.51275014913557	37.0	37.0	40.0	27.0	40.0
58-59	35.50633934201685	37.0	37.0	40.0	27.0	40.0
60-61	35.4604193338068	37.0	37.0	40.0	27.0	40.0
62-63	35.280971403340004	37.0	37.0	40.0	27.0	40.0
64-65	35.06159058003058	37.0	33.0	40.0	27.0	40.0
66-67	34.82977592334557	37.0	33.0	38.5	27.0	40.0
68-69	34.58635315676578	37.0	33.0	37.0	27.0	40.0
70-71	34.3442246008075	37.0	33.0	37.0	27.0	40.0
72-73	34.09274991567426	37.0	33.0	37.0	27.0	40.0
74-75	33.86444860855842	37.0	33.0	37.0	27.0	38.5
76-77	33.64229257874314	37.0	33.0	37.0	27.0	37.0
78-79	33.47329414966215	37.0	33.0	37.0	27.0	37.0
80-81	33.380566899190356	37.0	33.0	37.0	27.0	37.0
82-83	33.23201718437389	37.0	33.0	37.0	27.0	37.0
84-85	33.09259701472695	37.0	33.0	37.0	27.0	37.0
86-87	32.95981309638523	37.0	33.0	37.0	27.0	37.0
88-89	32.84182513731457	37.0	33.0	37.0	27.0	37.0
90-91	32.711812218311294	37.0	33.0	37.0	27.0	37.0
92-93	32.585999138625034	37.0	33.0	37.0	27.0	37.0
94-95	32.44587919301179	37.0	33.0	37.0	27.0	37.0
96-97	32.292653483181994	37.0	33.0	37.0	22.0	37.0
98-99	32.13309733204789	37.0	33.0	37.0	22.0	37.0
100	31.290814245776883	33.0	33.0	37.0	22.0	37.0
>>END_MODULE
>>Per sequence quality scores	pass
#Quality	Count
2	418070.0
3	97688.0
4	75903.0
5	71299.0
6	72675.0
7	78263.0
8	83274.0
9	90164.0
10	99832.0
11	103784.0
12	108561.0
13	110143.0
14	111779.0
15	115183.0
16	118514.0
17	121147.0
18	125957.0
19	131838.0
20	141907.0
21	159824.0
22	187071.0
23	224161.0
24	274662.0
25	334690.0
26	409406.0
27	499141.0
28	614280.0
29	763890.0
30	966866.0
31	1251027.0
32	1660204.0
33	2250059.0
34	3100646.0
35	4531586.0
36	8013516.0
37	1.761261E7
38	1.6487244E7
39	63591.0
>>END_MODULE
>>Per base sequence content	fail
#Base	G	A	T	C
1	26.300341056628252	12.898807753761755	14.130904227541535	46.66994696206846
2	23.9153216786777	19.25844018639438	36.54873818860621	20.277499946321715
3	28.277816066194976	22.57633358784342	23.32092531081586	25.824925035145746
4	28.29499825926626	29.97333277405623	18.802920939358913	22.928748027318587
5	29.32146565444639	31.27164231247009	20.249519312251255	19.15737272083227
6	23.032044584192874	33.84241665910453	20.78989934050846	22.33563941619414
7	19.99523607682971	16.946786377420434	39.72401719526215	23.333960350487708
8	21.018627714387225	20.95467310235253	28.00300457429404	30.02369460896621
9	21.948195191268656	20.58196127218814	30.431237248815755	27.038606287727447
10-11	25.599882082791048	29.729226804016996	20.874991317976086	23.79589979521587
12-13	23.548259726699534	23.495027526130844	27.493750024762182	25.46296272240744
14-15	24.248341672493375	24.734465575003515	26.429828367818782	24.587364384684328
16-17	25.028274634146875	24.97944834657376	25.36246191332392	24.629815105955437
18-19	24.6991015873613	25.343420780893293	25.203877985429934	24.75359964631547
20-21	24.730574327108243	25.42078512653605	25.380407180190147	24.468233366165563
22-23	24.5771981054168	25.7038991484481	25.51451746304137	24.204385283093732
24-25	24.511025673755995	25.646657097962876	25.432406057073276	24.409911171207852
26-27	24.284581676700476	25.695222006019662	25.629699351655066	24.390496965624795
28-29	24.40648518491961	25.46347622088391	25.563358849865164	24.566679744331317
30-31	24.267541156827704	25.637269510521314	25.52146756661512	24.57372176603586
32-33	24.315118552318395	25.658454099323023	25.53826705857573	24.488160289782847
34-35	24.701172073630957	25.613911910405402	25.233062080933365	24.451853935030275
36-37	24.423987376432336	25.595734512540957	25.386244748406728	24.59403336261998
38-39	24.336058250827662	25.63311575250036	25.533418659330593	24.497407337341386
40-41	24.48473126866742	25.58593356582439	25.408126512392883	24.521208653115306
42-43	24.271725028113224	25.503190143855882	25.5936342435542	24.631450584476696
44-45	24.294737741154457	25.65059194911532	25.66220181916109	24.392468490569133
46-47	24.484527576803153	25.622232890569848	25.437203279816263	24.45603625281074
48-49	24.381935699050427	25.565661895487313	25.46337234806343	24.589030057398833
50-51	24.425743379314298	25.525259489051077	25.526346609230348	24.522650522404277
52-53	24.38881547137938	25.793080413801956	25.283290965086696	24.534813149731967
54-55	24.33331539322375	25.624501533757588	25.468104318687207	24.574078754331456
56-57	24.278882273765838	25.588216126045843	25.60172537805669	24.531176222131627
58-59	24.39266557332337	25.63079534115848	25.472353177707994	24.50418590781016
60-61	24.287820703533807	25.611431309081638	25.546531394779436	24.554216592605112
62-63	24.27976700953416	25.724214434468678	25.61820686413936	24.377811691857797
64-65	24.413605087809135	25.6980234165813	25.4538443345463	24.434527161063265
66-67	24.2990499718086	25.678071663070817	25.45571902538993	24.567159339730658
68-69	24.364829876507482	25.75664300427548	25.542426477361474	24.33610064185556
70-71	24.402084147151392	25.67615361546472	25.490635167549947	24.43112706983394
72-73	24.378942264366984	25.739432174694333	25.41438035809584	24.467245202842843
74-75	24.42919434268539	25.833212229186092	25.450854908679894	24.286738519448622
76-77	24.471750332816715	25.67390523569441	25.476113374957393	24.378231056531487
78-79	24.379422023518483	25.52792137712656	25.641573373277303	24.451083226077653
80-81	24.42869456130456	25.753699997231998	25.567795703998662	24.24980973746478
82-83	24.4971984036049	25.655811842313607	25.49851621827251	24.348473535808978
84-85	24.445254359355236	25.662368280341752	25.500328467746776	24.39204889255624
86-87	24.355094398567978	25.80847934130142	25.551290494803336	24.285135765327265
88-89	24.46332729151255	25.66020307698098	25.449521866470974	24.426947765035496
90-91	24.357213877928015	25.689061583714135	25.478901321159412	24.474823217198434
92-93	24.393270559312807	25.830337603392067	25.558126524567438	24.21826531272769
94-95	24.550001088316332	25.74688925215895	25.301605092440354	24.401504567084366
96-97	24.46997244312167	25.62409969987682	25.369679490436358	24.536248366565147
98-99	24.469493354632156	25.70985338949957	25.543306253771515	24.277347002096754
100	24.687690989157822	25.673979967996353	25.148875026007854	24.48945401683797
>>END_MODULE
>>Per sequence GC content	pass
#GC Content	Count
0	47429.0
1	35588.0
2	15428.0
3	6000.0
4	3991.5
5	2295.5
6	1255.5
7	984.0
8	977.5
9	1047.0
10	1114.0
11	1243.5
12	1406.5
13	1621.5
14	2014.5
15	2588.0
16	3527.0
17	4914.0
18	7526.0
19	12244.0
20	20189.0
21	32333.0
22	50490.0
23	74380.5
24	106686.0
25	149252.0
26	202486.0
27	265453.0
28	334532.0
29	413053.5
30	489244.0
31	565183.0
32	658462.0
33	751753.0
34	840443.5
35	950025.5
36	1085384.0
37	1241787.5
38	1385636.0
39	1520175.5
40	1620272.5
41	1688760.0
42	1824017.5
43	1978593.5
44	2045698.5
45	2106807.5
46	2173411.0
47	2178118.5
48	2171725.0
49	2164118.0
50	2177609.5
51	2172006.5
52	2097411.5
53	1993317.5
54	1898618.5
55	1854223.5
56	1778654.0
57	1668529.5
58	1598481.0
59	1533703.5
60	1452299.5
61	1348152.5
62	1231477.5
63	1126461.0
64	1025358.5
65	909033.5
66	797269.5
67	702475.5
68	601463.5
69	494458.0
70	399865.5
71	321598.5
72	266311.5
73	217519.0
74	175401.5
75	145321.0
76	118465.5
77	97041.0
78	76196.5
79	55904.5
80	40646.0
81	28310.0
82	18528.0
83	11881.5
84	7541.0
85	5159.0
86	3825.0
87	2796.5
88	2015.0
89	1533.5
90	1224.0
91	992.5
92	787.0
93	593.5
94	444.0
95	361.5
96	287.0
97	221.5
98	166.0
99	128.0
100	249.0
>>END_MODULE
>>Per base N content	pass
#Base	N-Count
1	0.06430724286972267
2	0.1027262201616379
3	0.11443495350350447
4	0.1250347456094479
5	0.1316705591747013
6	0.14710332470796464
7	0.15006374385532661
8	0.15082249312201085
9	0.15560682877582535
10-11	0.15381290556303454
12-13	0.15338894630397912
14-15	0.1478888247500768
16-17	0.15365888594693408
18-19	0.14770562246987318
20-21	0.15177903600095038
22-23	0.14509296340307476
24-25	0.14492273119580587
26-27	0.14393619502320468
28-29	0.1429358781481103
30-31	0.14513511614011276
32-33	0.14422072599821126
34-35	0.14895399198984507
36-37	0.148388983187624
38-39	0.14655290723779518
40-41	0.15518935455323735
42-43	0.15565141340153862
44-45	0.15389802166666897
46-47	0.15123996734459885
48-49	0.15637044181986012
50-51	0.1551990821079384
52-53	0.15661200942827025
54-55	0.15550874259925612
56-57	0.156831690038603
58-59	0.1610056216349247
60-61	0.1537885866762818
62-63	0.15362889265327243
64-65	0.1575377483839897
66-67	0.15575760587369208
68-69	0.1541882270485845
70-71	0.1552258328833664
72-73	0.1535907930640265
74-75	0.15295769137889792
76-77	0.15362402887592186
78-79	0.15487401965501066
80-81	0.1649250155499015
82-83	0.16043655968491152
84-85	0.1519743977245304
86-87	0.15365483279914197
88-89	0.15400583539793927
90-91	0.1529811996360922
92-93	0.15427658567045266
94-95	0.15320979717156757
96-97	0.15360133124828604
98-99	0.15334922545561638
100	0.1590422768444234
>>END_MODULE
>>Sequence Length Distribution	pass
#Length	Count
100	6.1680455E7
>>END_MODULE
>>Sequence Duplication Levels	fail
#Total Deduplicated Percentage	39.89858451496286
#Duplication Level	Percentage of deduplicated	Percentage of total
1	73.03452405601028	29.139741305588153
2	13.263154230934429	10.583621600358493
3	5.115511005450717	6.123049445645942
4	2.4696273856485953	3.9413854786706906
5	1.4838990528013054	2.9602735884933113
6	0.9094979329916095	2.177260808738986
7	0.6521358147084182	1.821350714286459
8	0.46697133986018646	1.4905196375581677
9	0.36579470232484546	1.3135221761250175
>10	1.8918270984520271	13.92025807251271
>50	0.1784669910018682	4.966624115816899
>100	0.14550118465787562	11.64962409140848
>500	0.015195814393043482	4.126226021509592
>1k	0.007685673593769704	5.173398733810227
>5k	1.8735274245381238E-4	0.4995550496726396
>10k+	2.0364428527588303E-5	0.113589159804425
>>END_MODULE
>>Overrepresented sequences	pass
>>END_MODULE
>>Adapter Content	pass
#Position	Illumina Universal Adapter	Illumina Small RNA 3' Adapter	Illumina Small RNA 5' Adapter	Nextera Transposase Sequence	SOLID Small RNA Adapter
1	4.863777350539973E-5	1.783385028531323E-5	0.0	1.4591332051619917E-5	1.6212591168466575E-6
2	7.295666025809959E-5	5.998658732332633E-5	0.0	6.160784644017298E-5	1.6212591168466575E-6
3	2.3832509017645865E-4	6.322910555701964E-5	0.0	6.647162379071295E-5	3.242518233693315E-6
4	9.37087769537368E-4	6.322910555701964E-5	0.0	7.61991784917929E-5	4.863777350539973E-6
5	0.0010911073856378006	6.48503646738663E-5	0.0	7.61991784917929E-5	4.863777350539973E-6
6	0.0014234655045913653	6.809288290755961E-5	0.0	7.782043760863956E-5	6.48503646738663E-6
7	0.0015353323836537847	1.0376058347818608E-4	0.0	7.782043760863956E-5	8.106295584233288E-6
8	0.0018579629479062694	1.1186687906241936E-4	0.0	8.592673319287285E-5	9.727554701079945E-6
9	0.002130334479536508	1.18351915529806E-4	0.0	8.916925142656616E-5	9.727554701079945E-6
10-11	0.0031946910897463383	1.297007293477326E-4	0.0	9.160114010183616E-5	1.297007293477326E-5
12-13	0.004529797972469561	1.4753457963304583E-4	0.0	9.808617656922278E-5	1.7023220726889904E-5
14-15	0.0060327051737864125	1.7428535506101568E-4	0.0	1.0538184259503274E-4	1.783385028531323E-5
16-17	0.007640994217698297	1.9779361225529224E-4	0.0	1.2240506332192265E-4	1.783385028531323E-5
18-19	0.009393575323009534	2.115743147484888E-4	0.0	1.3861765449038922E-4	1.783385028531323E-5
20-21	0.010959711629883405	2.2454438768326206E-4	1.6212591168466575E-6	1.491558387498925E-4	1.783385028531323E-5
22-23	0.012621502224651228	2.36703831059612E-4	1.6212591168466575E-6	1.5888339345097245E-4	1.8644479843736563E-5
24-25	0.01408063542981322	2.488632744359619E-4	1.6212591168466575E-6	1.7428535506101568E-4	2.0265738960583218E-5
26-27	0.015508964711755125	2.537270517865019E-4	1.6212591168466575E-6	1.7914913241155565E-4	2.2697627635853205E-5
28-29	0.016912975106944332	2.594014586954652E-4	1.6212591168466575E-6	1.8401290976209563E-4	2.8372034544816506E-5
30-31	0.01824483947143386	2.7156090207181515E-4	2.4318886752699863E-6	1.8806605755421226E-4	2.9182664103239834E-5
32-33	0.01953049795109326	2.812884567728951E-4	3.242518233693315E-6	1.888766871126356E-4	3.3235811895356476E-5
34-35	0.020719691513300283	2.869628636818584E-4	3.242518233693315E-6	1.9536172358002222E-4	3.485707101220314E-5
36-37	0.022098572392178363	3.023648252919016E-4	3.242518233693315E-6	2.026573896058322E-4	3.6478330129049794E-5
38-39	0.023469346975472212	3.1452426866825155E-4	3.242518233693315E-6	2.0995305563164214E-4	3.891021880431978E-5
40-41	0.024757437343806882	3.331687485119881E-4	3.242518233693315E-6	2.1643809209902877E-4	3.972084836274311E-5
42-43	0.025968517904091337	3.428963032130681E-4	3.242518233693315E-6	2.2697627635853205E-4	4.134210747958976E-5
44-45	0.027284980306970824	3.631620421736513E-4	3.242518233693315E-6	2.3265068326749536E-4	4.296336659643642E-5
46-47	0.028604685228084	3.769427446668479E-4	3.242518233693315E-6	2.3994634929330532E-4	4.3773996154859754E-5
48-49	0.030039499546493292	3.8991281760162113E-4	3.242518233693315E-6	2.537270517865019E-4	4.539525527170641E-5
50-51	0.03162346970365248	3.9801911318585446E-4	3.242518233693315E-6	2.618333473707352E-4	4.863777350539973E-5
52-53	0.03330633666693931	4.344974433149042E-4	3.242518233693315E-6	2.7399279074708514E-4	4.863777350539973E-5
54-55	0.03503378825593942	4.7502892123607067E-4	3.242518233693315E-6	2.837203454481651E-4	5.106966218066971E-5
56-57	0.036872296094443535	4.993478079887705E-4	3.242518233693315E-6	2.991223070582083E-4	5.188029173909304E-5
58-59	0.03886482354904807	5.155603991572371E-4	3.242518233693315E-6	3.153348982266749E-4	5.188029173909304E-5
60-61	0.04111350994411439	5.236666947414704E-4	3.242518233693315E-6	3.5505574658941795E-4	5.512280997278636E-5
62-63	0.043674288719173684	5.431218041436303E-4	3.242518233693315E-6	3.777533742252712E-4	5.836532820647967E-5
64-65	0.04635504066887963	5.552812475199802E-4	4.053147792116644E-6	4.004510018611244E-4	5.998658732332633E-5
66-67	0.049313838557124776	5.682513204547535E-4	4.863777350539973E-6	4.158529634711676E-4	6.241847599859632E-5
68-69	0.052622017785050386	5.755469864805634E-4	4.863777350539973E-6	4.4422499801598415E-4	6.403973511544297E-5
70-71	0.056576268771039384	5.9175957764903E-4	4.863777350539973E-6	4.5800570050918076E-4	6.566099423228963E-5
72-73	0.0613614150544123	6.266166486612331E-4	4.863777350539973E-6	4.7502892123607067E-4	6.647162379071295E-5
74-75	0.06676507169086221	6.476930171802396E-4	4.863777350539973E-6	4.928627715213838E-4	6.647162379071295E-5
76-77	0.0727937237168565	6.639056083487063E-4	4.863777350539973E-6	5.066434740145804E-4	6.971414202440628E-5
78-79	0.08004723700562845	6.728225334913629E-4	4.863777350539973E-6	5.106966218066971E-4	7.376728981652291E-5
80-81	0.0894481079946638	6.809288290755962E-4	4.863777350539973E-6	5.366367676762436E-4	7.863106716706289E-5
82-83	0.10207852714445767	6.874138655429828E-4	4.863777350539973E-6	5.439324337020536E-4	7.944169672548622E-5
84-85	0.11925414622833116	7.093008636204127E-4	4.863777350539973E-6	5.609556544289435E-4	8.43054740760262E-5
86-87	0.14046507925403598	7.238921956720326E-4	5.674406908963301E-6	6.314804260117732E-4	8.592673319287285E-5
88-89	0.1666548990275769	7.328091208146893E-4	7.2956660258099585E-6	6.614737196734362E-4	8.673736275129618E-5
>>END_MODULE
