##FastQC	0.11.8
>>Basic Statistics	pass
#Measure	Value
Filename	reverse.gz
File type	Conventional base calls
Encoding	Sanger / Illumina 1.9
Total Sequences	50084443
Sequences flagged as poor quality	0
Sequence length	100
%GC	49
>>END_MODULE
>>Per base sequence quality	pass
#Base	Mean	Median	Lower Quartile	Upper Quartile	10th Percentile	90th Percentile
1	32.1122490071418	33.0	33.0	33.0	33.0	33.0
2	32.09072737416687	33.0	33.0	33.0	33.0	33.0
3	32.09418495479724	33.0	33.0	33.0	33.0	33.0
4	35.87477374960524	37.0	37.0	37.0	33.0	37.0
5	35.875954495490745	37.0	37.0	37.0	33.0	37.0
6	35.83024605065489	37.0	37.0	37.0	33.0	37.0
7	35.814673390697386	37.0	37.0	37.0	33.0	37.0
8	35.81067719970451	37.0	37.0	37.0	33.0	37.0
9	35.79844757383046	37.0	37.0	37.0	33.0	37.0
10-11	35.8209239743367	37.0	37.0	37.0	33.0	37.0
12-13	35.7715235647125	37.0	37.0	37.0	33.0	37.0
14-15	37.70432627153306	40.0	37.0	40.0	33.0	40.0
16-17	37.680955671205126	40.0	37.0	40.0	33.0	40.0
18-19	37.65058687984211	40.0	37.0	40.0	33.0	40.0
20-21	37.613415347356465	40.0	37.0	40.0	33.0	40.0
22-23	37.55456192255148	40.0	37.0	40.0	33.0	40.0
24-25	37.483811430227945	40.0	37.0	40.0	33.0	40.0
26-27	37.42822671503005	40.0	37.0	40.0	33.0	40.0
28-29	37.36100412457417	40.0	37.0	40.0	33.0	40.0
30-31	37.28799383872553	40.0	37.0	40.0	33.0	40.0
32-33	37.21136253826363	40.0	37.0	40.0	33.0	40.0
34-35	37.112520568512664	40.0	37.0	40.0	33.0	40.0
36-37	37.01350342460632	40.0	37.0	40.0	33.0	40.0
38-39	36.91721207721128	40.0	37.0	40.0	33.0	40.0
40-41	36.800919888437214	40.0	37.0	40.0	33.0	40.0
42-43	36.64615877828571	40.0	37.0	40.0	33.0	40.0
44-45	36.507367337598225	40.0	37.0	40.0	33.0	40.0
46-47	36.340788176480274	38.5	37.0	40.0	33.0	40.0
48-49	36.171789421717236	37.0	37.0	40.0	33.0	40.0
50-51	35.62429935578998	37.0	35.0	40.0	30.0	40.0
52-53	35.51956049506231	37.0	37.0	40.0	27.0	40.0
54-55	35.61641696803936	37.0	37.0	40.0	27.0	40.0
56-57	35.545837027677436	37.0	37.0	40.0	27.0	40.0
58-59	35.544619473955215	37.0	37.0	40.0	27.0	40.0
60-61	35.499119766590994	37.0	37.0	40.0	27.0	40.0
62-63	35.318490124767884	37.0	37.0	40.0	27.0	40.0
64-65	35.098890148384	37.0	33.0	40.0	27.0	40.0
66-67	34.862890608566815	37.0	33.0	38.5	27.0	40.0
68-69	34.61718225557585	37.0	33.0	37.0	27.0	40.0
70-71	34.36771256495754	37.0	33.0	37.0	27.0	40.0
72-73	34.111864197032205	37.0	33.0	37.0	27.0	40.0
74-75	33.880967409380986	37.0	33.0	37.0	27.0	38.5
76-77	33.65760401887668	37.0	33.0	37.0	27.0	37.0
78-79	33.48783181036874	37.0	33.0	37.0	27.0	37.0
80-81	33.39054099094204	37.0	33.0	37.0	27.0	37.0
82-83	33.243257701797745	37.0	33.0	37.0	27.0	37.0
84-85	33.106189590647936	37.0	33.0	37.0	27.0	37.0
86-87	32.97743442010526	37.0	33.0	37.0	27.0	37.0
88-89	32.86248972560202	37.0	33.0	37.0	27.0	37.0
90-91	32.73362132628689	37.0	33.0	37.0	27.0	37.0
92-93	32.612171997200804	37.0	33.0	37.0	27.0	37.0
94-95	32.47245593806444	37.0	33.0	37.0	27.0	37.0
96-97	32.32037520113781	37.0	33.0	37.0	24.5	37.0
98-99	32.16599523728356	37.0	33.0	37.0	22.0	37.0
100	31.33484872737828	33.0	33.0	37.0	22.0	37.0
>>END_MODULE
>>Per sequence quality scores	pass
#Quality	Count
2	339050.0
3	80928.0
4	61960.0
5	58349.0
6	58856.0
7	63140.0
8	67945.0
9	74050.0
10	80994.0
11	84372.0
12	87021.0
13	89008.0
14	89982.0
15	93313.0
16	95975.0
17	98090.0
18	102640.0
19	105518.0
20	115025.0
21	129407.0
22	151144.0
23	181402.0
24	221591.0
25	271432.0
26	332024.0
27	406897.0
28	500009.0
29	622626.0
30	789682.0
31	1021224.0
32	1351217.0
33	1832387.0
34	2509574.0
35	3629455.0
36	6383823.0
37	1.4353789E7
38	1.3508805E7
39	41739.0
>>END_MODULE
>>Per base sequence content	fail
#Base	G	A	T	C
1	20.966934417766478	12.839671626012178	13.695798113927216	52.49759584229413
2	22.195750313616198	19.06019991968419	37.645558410322636	21.09849135637697
3	27.78704850815135	22.020674871457942	23.98477106879671	26.207505551593997
4	27.905445022370202	28.703268314469778	19.123849161077157	24.267437502082867
5	29.584086681416345	30.465278518902437	21.254430370484314	18.696204429196904
6	23.3403939642913	33.42096418114341	21.063452957475626	22.175188897089665
7	20.519076812843725	16.91437172451784	39.601998597523135	22.964552865115305
8	21.292753357378206	20.992118110620563	28.146906239288683	29.56822229271254
9	21.689634174996474	20.30052303566661	30.91972687359455	27.090115915742363
10-11	25.7135480446408	28.87030647511256	21.07538901782332	24.340756462423315
12-13	23.62560515535354	23.302667659369863	27.37095700841467	25.700770176861926
14-15	24.38039484375156	24.626708903646083	26.28855645825653	24.704339794345824
16-17	25.215316779592378	24.760725999432456	25.19796015519356	24.825997065781607
18-19	24.911733289683216	25.047908615660365	25.12490953272073	24.915448561935687
20-21	24.84784228833664	25.323522920426623	25.33646489707799	24.492169894158746
22-23	24.681398503529504	25.406188976724646	25.441347141376074	24.471065378369776
24-25	24.524087940257893	25.380325887884638	25.39526255506609	24.700323616791387
26-27	24.352444403591804	25.567003492320772	25.523333736372123	24.5572183677153
28-29	24.659138061237236	25.165017788465306	25.388299379207275	24.787544771090182
30-31	24.308528439679712	25.38356366338893	25.486844819662785	24.821063077268573
32-33	24.398098135634967	25.44025323106311	25.567441830146542	24.594206803155384
34-35	24.809243557219055	25.354119419933003	25.132919072132925	24.703717950715017
36-37	24.657897081924006	25.326584358998126	25.208122808646532	24.807395750431336
38-39	24.445155319238342	25.428251434934907	25.479888725877142	24.64670451994961
40-41	24.573461078744323	25.24514846201038	25.379578127461734	24.801812331783566
42-43	24.395647315832132	25.271384337915702	25.540944640319747	24.79202370593242
44-45	24.429388439124693	25.490659271284017	25.595436235361912	24.484516054229374
46-47	24.584564243908574	25.346211877599746	25.358442912561667	24.710780965930013
48-49	24.50040321543663	25.371352958071075	25.3514971525347	24.776746673957597
50-51	24.60395581045456	25.373068963114775	25.47547260094761	24.54750262548305
52-53	24.58975882967241	25.413737801013458	25.27493046184462	24.721572907469515
54-55	24.442651678732926	25.3967758153888	25.364532629435267	24.796039876443015
56-57	24.477728483364615	25.40920031222343	25.5321714838708	24.58089972054115
58-59	24.56152316802451	25.348095432007035	25.37819156725049	24.712189832717964
60-61	24.41743845024562	25.424750639864964	25.494207137521514	24.663603772367903
62-63	24.381589393582868	25.44352233176047	25.57356868967156	24.601319584985102
64-65	24.526076860340783	25.367836073322188	25.469413083223262	24.63667398311376
66-67	24.407085019206594	25.499607685006374	25.34795208293705	24.745355212849983
68-69	24.50503216762979	25.569386184775006	25.390464380197752	24.535117267397453
70-71	24.574611625133176	25.481150607562263	25.296806979504964	24.647430787799593
72-73	24.463958737836023	25.482879575085647	25.387810652766607	24.66535103431172
74-75	24.551802072866202	25.634856430714425	25.354285009759035	24.459056486660337
76-77	24.679514050814674	25.468565211192583	25.303548763990424	24.548371974002315
78-79	24.54164844769021	25.254201528191295	25.502552536468976	24.701597487649515
80-81	24.63898930234343	25.496428989597238	25.480514366614653	24.38406734144468
82-83	24.704355613624347	25.434543084294543	25.357013555553387	24.504087746527727
84-85	24.576155085762032	25.400827475956373	25.391273954268318	24.63174348401328
86-87	24.498118235844654	25.600671332725604	25.386925393623482	24.51428503780626
88-89	24.64844777050861	25.504542875615826	25.209356147258166	24.63765320661739
90-91	24.561104867338802	25.510774836612406	25.187587130019494	24.740533166029298
92-93	24.488098360433145	25.588528318325437	25.450727980194777	24.47264534104664
94-95	24.736882846926118	25.578083045250345	25.102361665272394	24.582672442551146
96-97	24.612203155055607	25.44746174364445	25.249749589000803	24.69058551229914
98-99	24.65658128258468	25.57197058355153	25.3486694906558	24.422778643207995
100	24.67961837381547	25.385952228412556	25.094766198846514	24.839663198925464
>>END_MODULE
>>Per sequence GC content	pass
#GC Content	Count
0	38748.0
1	29142.5
2	12603.5
3	4840.5
4	3202.5
5	1780.0
6	944.0
7	680.0
8	641.5
9	650.5
10	667.0
11	723.5
12	865.5
13	996.5
14	1176.0
15	1470.0
16	2091.0
17	3093.0
18	4844.5
19	7909.0
20	12811.5
21	20369.5
22	32053.0
23	47532.5
24	69219.0
25	98751.5
26	133143.0
27	172581.0
28	222348.0
29	276823.0
30	330691.5
31	385848.5
32	448535.5
33	521867.0
34	594277.5
35	679699.0
36	780370.0
37	897828.5
38	1018779.5
39	1126452.5
40	1223491.0
41	1350180.5
42	1539097.0
43	1684539.0
44	1774195.5
45	1867542.0
46	1902536.5
47	1857370.5
48	1825953.5
49	1798233.5
50	1773243.0
51	1793855.0
52	1794272.5
53	1748339.0
54	1684273.0
55	1643549.0
56	1567020.0
57	1440379.5
58	1350708.5
59	1286635.0
60	1207530.0
61	1111340.5
62	1000529.0
63	907670.0
64	825740.5
65	724382.0
66	620981.0
67	532619.5
68	452005.5
69	372180.5
70	300580.0
71	240432.5
72	197378.0
73	161794.5
74	130350.0
75	106696.0
76	86522.0
77	68441.5
78	52261.5
79	37754.0
80	26013.0
81	16621.0
82	10259.5
83	6454.5
84	4021.0
85	2635.5
86	1867.0
87	1354.5
88	1019.5
89	811.5
90	625.5
91	484.5
92	394.5
93	321.5
94	260.5
95	200.5
96	151.0
97	118.5
98	105.0
99	92.0
100	199.0
>>END_MODULE
>>Per base N content	pass
#Base	N-Count
1	0.06511003826078289
2	0.103726819922905
3	0.11544502950746602
4	0.12621883405990958
5	0.13300936580247083
6	0.1483015394620641
7	0.15129448479640675
8	0.1517477193467041
9	0.1563219940371504
10-11	0.15482651968396652
12-13	0.15484349102175302
14-15	0.1491710709451236
16-17	0.15493733253657227
18-19	0.1490462816966937
20-21	0.15299361520302823
22-23	0.14635283055858284
24-25	0.14632587608092196
26-27	0.14518280656530413
28-29	0.14427434083673446
30-31	0.1465205473084726
32-33	0.14552422994900832
34-35	0.15025424162149512
36-37	0.14968220770669247
38-39	0.14789722229715124
40-41	0.15647074282127887
42-43	0.15686208190435502
44-45	0.1552278419069171
46-47	0.15256234356045448
48-49	0.1575678898934745
50-51	0.15654960962628656
52-53	0.1580570637473197
54-55	0.15679219992523427
56-57	0.1581868445656868
58-59	0.1624157026164791
60-61	0.15494332242049694
62-63	0.1550581285290524
64-65	0.15878283801618798
66-67	0.15714859801875006
68-69	0.1556591135494908
70-71	0.15648571753109045
72-73	0.15486844887143897
74-75	0.15416264088231948
76-77	0.15495729881632106
78-79	0.1561432958333988
80-81	0.16623625024640884
82-83	0.161556154273294
84-85	0.1531533454410185
86-87	0.15502817910942923
88-89	0.15531968679376149
90-91	0.15430140652657354
92-93	0.15580586570564436
94-95	0.15462086700255406
96-97	0.15504614876120315
98-99	0.15478359218250665
100	0.16038313533805298
>>END_MODULE
>>Sequence Length Distribution	pass
#Length	Count
100	5.0084443E7
>>END_MODULE
>>Sequence Duplication Levels	fail
#Total Deduplicated Percentage	37.74188199182449
#Duplication Level	Percentage of deduplicated	Percentage of total
1	73.76063555710188	27.838652028381134
2	12.848856621262994	9.698800606591615
3	4.7341018403782	5.360217389904996
4	2.368101795009534	3.5750647396751036
5	1.405042078115311	2.6514466152887963
6	0.881814186439313	1.9968796177985564
7	0.6225477846671262	1.6447287516224909
8	0.4511575505727552	1.3622028026750017
9	0.3546496344025337	1.2046630185057716
>10	2.147691287106582	15.340571938544912
>50	0.22184068723331393	5.829007010971979
>100	0.17803429749409813	13.334020462113576
>500	0.017374293799596822	4.483390686796933
>1k	0.007919688398396033	5.104394540539765
>5k	2.115436532078788E-4	0.49022500559095794
>10k+	2.115436532078788E-5	0.08573478499828346
>>END_MODULE
>>Overrepresented sequences	pass
>>END_MODULE
>>Adapter Content	pass
#Position	Illumina Universal Adapter	Illumina Small RNA 3' Adapter	Illumina Small RNA 5' Adapter	Nextera Transposase Sequence	SOLID Small RNA Adapter
1	2.9949419623175204E-5	1.3976395824148428E-5	0.0	1.5973023799026776E-5	1.996627974878347E-6
2	5.989883924635041E-5	5.590558329659371E-5	0.0	6.189546722122875E-5	1.996627974878347E-6
3	1.4375721419124097E-4	6.189546722122875E-5	0.0	6.189546722122875E-5	3.993255949756694E-6
4	7.167894429813265E-4	6.38920951961071E-5	0.0	7.387523507049884E-5	3.993255949756694E-6
5	8.984825886952561E-4	6.588872317098545E-5	0.0	7.387523507049884E-5	5.989883924635041E-6
6	0.0012399059723994534	6.588872317098545E-5	0.0	7.587186304537718E-5	5.989883924635041E-6
7	0.0013397373711433707	8.385837494489057E-5	0.0	7.986511899513388E-5	5.989883924635041E-6
8	0.0015913124959780426	8.785163089464727E-5	1.996627974878347E-6	7.986511899513388E-5	7.986511899513388E-6
9	0.001806948317264904	9.384151481928231E-5	1.996627974878347E-6	8.585500291976892E-5	7.986511899513388E-6
10-11	0.002617579275065513	1.0681959665599156E-4	1.996627974878347E-6	8.585500291976892E-5	7.986511899513388E-6
12-13	0.0036238797744041996	1.1380779456806578E-4	1.996627974878347E-6	9.284320083184313E-5	7.986511899513388E-6
14-15	0.004868777316740849	1.3077913235453172E-4	1.996627974878347E-6	9.683645678159983E-5	7.986511899513388E-6
16-17	0.006459091498731452	1.4974709811587603E-4	1.996627974878347E-6	9.983139874391735E-5	7.986511899513388E-6
18-19	0.00800847480723705	1.5573698204051107E-4	1.996627974878347E-6	1.1081285260574825E-4	7.986511899513388E-6
20-21	0.009322256014707002	1.617268659651461E-4	1.996627974878347E-6	1.1979767849270082E-4	7.986511899513388E-6
22-23	0.010762823098581729	1.7071169185209865E-4	1.996627974878347E-6	1.237909344424575E-4	7.986511899513388E-6
24-25	0.012023693664717405	1.7670157577673372E-4	1.996627974878347E-6	1.3377407431684925E-4	7.986511899513388E-6
26-27	0.0132136839377449	1.8668471565112544E-4	1.996627974878347E-6	1.3676901627916678E-4	9.983139874391735E-6
28-29	0.014448598340207158	1.9367291356319966E-4	1.996627974878347E-6	1.3776733026660593E-4	9.983139874391735E-6
30-31	0.015589671227850134	2.0165942546271305E-4	1.996627974878347E-6	1.3776733026660593E-4	9.983139874391735E-6
32-33	0.016686818300045786	2.0565268141246973E-4	1.996627974878347E-6	1.3776733026660593E-4	1.2978081836709254E-5
34-35	0.01767415083362313	2.1763244926173984E-4	1.996627974878347E-6	1.3976395824148429E-4	1.3976395824148428E-5
36-37	0.018814225407278666	2.4358861293515832E-4	1.996627974878347E-6	1.4176058621636261E-4	1.3976395824148428E-5
38-39	0.01983150736047918	2.5057681084723253E-4	1.996627974878347E-6	1.467521561535585E-4	1.5973023799026776E-5
40-41	0.020843797743742502	2.605599507216243E-4	1.996627974878347E-6	1.5274204007819354E-4	1.8967965761344295E-5
42-43	0.02195891446771206	2.685464626211377E-4	3.993255949756694E-6	1.6072855197770693E-4	1.996627974878347E-5
44-45	0.023064048051807225	2.895110563573603E-4	3.993255949756694E-6	1.6472180792746364E-4	2.3959535698540166E-5
46-47	0.024200129369513004	3.0947733610614374E-4	3.993255949756694E-6	1.72708319826977E-4	2.6954477660857685E-5
48-49	0.025391117956527938	3.294436158549273E-4	3.993255949756694E-6	1.776998897641729E-4	2.7952791648296856E-5
50-51	0.026613054277153485	3.4242169769163654E-4	3.993255949756694E-6	1.9167628558832133E-4	2.9949419623175204E-5
52-53	0.027925837170636	3.7636437326456836E-4	3.993255949756694E-6	1.95669541538078E-4	3.094773361061438E-5
54-55	0.029417318267870127	3.9732896700079103E-4	3.993255949756694E-6	1.9666785552551716E-4	3.39426755729319E-5
56-57	0.03102859704359695	4.133019907998178E-4	3.993255949756694E-6	2.0565268141246973E-4	3.39426755729319E-5
58-59	0.03282556222098747	4.3426658453604044E-4	3.993255949756694E-6	2.176324492617398E-4	3.39426755729319E-5
60-61	0.034707384087310306	4.442497244104322E-4	3.993255949756694E-6	2.465835548974758E-4	3.593930354781024E-5
62-63	0.03677589066928427	4.732008300461682E-4	3.993255949756694E-6	2.6455320667138096E-4	3.693761753524942E-5
64-65	0.03902309545500985	4.8817553985775586E-4	3.993255949756694E-6	2.775312885080902E-4	3.893424551012776E-5
66-67	0.04135316030169288	5.041485636567825E-4	3.993255949756694E-6	2.9649925426943454E-4	4.0930873485006116E-5
68-69	0.0439148339934618	5.151300175186134E-4	3.993255949756694E-6	3.084790221187046E-4	4.192918747244529E-5
70-71	0.046874834966218956	5.380912392297145E-4	3.993255949756694E-6	3.204587899679747E-4	4.592244342220198E-5
72-73	0.050244144673826166	5.690389728403289E-4	3.993255949756694E-6	3.3343687180468394E-4	4.8917385384519496E-5
74-75	0.05421344108788431	5.830153686644773E-4	3.993255949756694E-6	3.39426755729319E-4	4.9915699371958674E-5
76-77	0.05842133454494043	5.890052525891124E-4	3.993255949756694E-6	3.39426755729319E-4	4.9915699371958674E-5
78-79	0.0635247156487295	5.949951365137474E-4	3.993255949756694E-6	3.424216976916365E-4	5.191232734683702E-5
80-81	0.06991192854036532	5.989883924635041E-4	3.993255949756694E-6	3.524048375660282E-4	5.590558329659371E-5
82-83	0.07835666656011328	6.029816484132607E-4	3.993255949756694E-6	3.5539977952834574E-4	5.590558329659371E-5
84-85	0.08934910187580603	6.229479281620442E-4	3.993255949756694E-6	3.8035762921432507E-4	5.590558329659371E-5
86-87	0.10253283639392774	6.429142079108277E-4	3.993255949756694E-6	4.3127164257372296E-4	5.590558329659371E-5
88-89	0.11856076746226368	6.55892289747537E-4	4.991569937195867E-6	4.722025160587291E-4	5.690389728403289E-5
>>END_MODULE
