##FastQC	0.11.8
>>Basic Statistics	pass
#Measure	Value
Filename	SRR3184290_1.gz
File type	Conventional base calls
Encoding	Sanger / Illumina 1.9
Total Sequences	105308732
Sequences flagged as poor quality	0
Sequence length	0-100
%GC	48
>>END_MODULE
>>Per base sequence quality	pass
#Base	Mean	Median	Lower Quartile	Upper Quartile	10th Percentile	90th Percentile
1	32.314853965778006	33.0	33.0	33.0	33.0	33.0
2	32.50552706266288	33.0	33.0	33.0	33.0	33.0
3	32.28910526022082	33.0	33.0	33.0	33.0	33.0
4	36.45792506251174	37.0	37.0	37.0	37.0	37.0
5	36.52328523058275	37.0	37.0	37.0	37.0	37.0
6	36.50933109425789	37.0	37.0	37.0	37.0	37.0
7	36.50675001901917	37.0	37.0	37.0	37.0	37.0
8	36.47453476269765	37.0	37.0	37.0	37.0	37.0
9	36.482981412047785	37.0	37.0	37.0	37.0	37.0
10-11	36.49742336652264	37.0	37.0	37.0	37.0	37.0
12-13	36.41896377163761	37.0	37.0	37.0	37.0	37.0
14-15	38.55296170248228	40.0	37.0	40.0	37.0	40.0
16-17	38.52957804542862	40.0	37.0	40.0	37.0	40.0
18-19	38.51313692954177	40.0	37.0	40.0	37.0	40.0
20-21	38.47921833785202	40.0	37.0	40.0	37.0	40.0
22-23	38.41224120548959	40.0	37.0	40.0	37.0	40.0
24-25	38.34972354006453	40.0	37.0	40.0	37.0	40.0
26-27	38.236415126528684	40.0	37.0	40.0	37.0	40.0
28-29	38.14285388759877	40.0	37.0	40.0	35.0	40.0
30-31	38.05158529345426	40.0	37.0	40.0	33.0	40.0
32-33	37.94571357876374	40.0	37.0	40.0	33.0	40.0
34-35	37.84453832050231	40.0	37.0	40.0	33.0	40.0
36-37	37.72888867886091	40.0	37.0	40.0	33.0	40.0
38-39	37.59599067724837	40.0	37.0	40.0	33.0	40.0
40-41	37.46394303150341	40.0	37.0	40.0	33.0	40.0
42-43	37.32531514462659	40.0	37.0	40.0	33.0	40.0
44-45	37.46471848731443	40.0	37.0	40.0	33.0	40.0
46-47	37.4080849402863	40.0	37.0	40.0	33.0	40.0
48-49	37.27530839758785	40.0	37.0	40.0	33.0	40.0
50-51	37.109568593236915	40.0	37.0	40.0	33.0	40.0
52-53	36.93906873653054	38.5	37.0	40.0	33.0	40.0
54-55	36.75201820353058	37.0	37.0	40.0	33.0	40.0
56-57	36.545806829089486	37.0	37.0	40.0	33.0	40.0
58-59	36.33408224345365	37.0	37.0	40.0	33.0	40.0
60-61	36.095515711448314	37.0	37.0	40.0	33.0	40.0
62-63	35.885602678375434	37.0	37.0	40.0	33.0	40.0
64-65	35.74673124742244	37.0	37.0	40.0	33.0	40.0
66-67	35.5469078705251	37.0	35.0	38.5	33.0	40.0
68-69	35.30766890969407	37.0	33.0	37.0	33.0	40.0
70-71	35.0760160765303	37.0	33.0	37.0	33.0	40.0
72-73	34.85448985257615	37.0	33.0	37.0	27.0	40.0
74-75	34.62646809508414	37.0	33.0	37.0	27.0	40.0
76-77	33.53301740574544	37.0	33.0	37.0	27.0	37.0
78-79	34.09571518989512	37.0	33.0	37.0	27.0	37.0
80-81	34.09098062168023	37.0	33.0	37.0	27.0	37.0
82-83	33.955226178146994	37.0	33.0	37.0	27.0	37.0
84-85	33.750899900840075	37.0	33.0	37.0	27.0	37.0
86-87	33.63375650416053	37.0	33.0	37.0	27.0	37.0
88-89	33.50917797350509	37.0	33.0	37.0	27.0	37.0
90-91	33.34572983566993	37.0	33.0	37.0	27.0	37.0
92-93	33.16129588053833	37.0	33.0	37.0	27.0	37.0
94-95	32.95495139139918	37.0	33.0	37.0	27.0	37.0
96-97	32.79910580235379	37.0	33.0	37.0	27.0	37.0
98-99	32.60325660777944	37.0	33.0	37.0	27.0	37.0
100	31.920971943728873	33.0	33.0	37.0	22.0	37.0
>>END_MODULE
>>Per sequence quality scores	pass
#Quality	Count
2	437.0
3	313.0
4	569.0
5	1412.0
6	3229.0
7	8762.0
8	20829.0
9	40740.0
10	62798.0
11	77275.0
12	91180.0
13	102822.0
14	117192.0
15	133113.0
16	145932.0
17	161299.0
18	175438.0
19	189855.0
20	204710.0
21	226610.0
22	255705.0
23	305667.0
24	377778.0
25	482762.0
26	617820.0
27	791846.0
28	1007381.0
29	1283055.0
30	1641136.0
31	2121209.0
32	2794329.0
33	3772369.0
34	5238735.0
35	7848723.0
36	1.4259136E7
37	3.1206153E7
38	2.9287682E7
39	223089.0
>>END_MODULE
>>Per base sequence content	fail
#Base	G	A	T	C
1	24.651067070250892	14.907730105632425	13.398933292189543	47.04226953192714
2	21.05705601786098	20.708502747644957	38.48526284748112	19.749178387012947
3	23.66665466988773	23.88032746628152	25.959204929481217	26.49381293434953
4	24.621757966988532	32.16044940976565	20.738761129695966	22.479031493549854
5	28.32373789492993	31.716460729566908	21.101790119990895	18.85801125551227
6	21.861577699940806	34.37238611664935	21.80218976677358	21.963846416636258
7	19.288351241786145	16.60788382402932	40.82781766171188	23.27594727247265
8	20.624999703157744	20.494922002679274	28.4747000634625	30.40537823070048
9	21.4205676327572	20.10638375380199	30.91870875774384	27.55433985569697
10-11	25.388974996651182	29.899038785264388	20.84967080826029	23.86231540982415
12-13	23.276425352882914	23.54486042080846	27.888426928771224	25.290287297537397
14-15	23.993074777224674	24.878509102992748	26.79266202558002	24.335754094202557
16-17	24.73846656985968	25.241947646707846	25.516652105339194	24.50293367809328
18-19	24.54151756225549	25.526031565594202	25.30089424789023	24.631556624260075
20-21	24.615378301367755	25.514205202051844	25.440280853433155	24.43013564314725
22-23	24.568406544436183	25.807927631231276	25.457565087916624	24.16610073641592
24-25	24.524173362306506	25.82390407802461	25.41575764075451	24.236164918914373
26-27	24.37085919813135	25.770559833415135	25.577526719807274	24.281054248646235
28-29	24.415960537851774	25.5191343255645	25.53799326800504	24.526911868578686
30-31	24.288185231916735	25.660761755367396	25.53014195666251	24.520911056053354
32-33	24.357171274318205	25.748238512632998	25.564200544368497	24.3303896686803
34-35	24.58228937943223	25.700471539144715	25.328095227788527	24.38914385363453
36-37	24.412813362250375	25.564099665049934	25.416569935498188	24.6065170372015
38-39	24.367284204507477	25.659822303328617	25.515432575592182	24.457460916571716
40-41	24.56958197829173	25.637830105542214	25.40227326019328	24.390314655972777
42-43	24.36904777916632	25.50225272284351	25.60943202986899	24.519267468121182
44-45	24.339491432319587	25.675048629198688	25.649788811830298	24.335671126651423
46-47	24.471154048304626	25.635238844579334	25.477323679195536	24.416283427920497
48-49	24.343382369399265	25.581185587968335	25.542340082713146	24.533091959919254
50-51	24.373471960692367	25.628343295162566	25.563373242655462	24.434811501489605
52-53	24.47807174735929	25.725657902126713	25.36388545232309	24.43238489819091
54-55	24.344397185880226	25.569408298219177	25.492196881945922	24.59399763395467
56-57	24.337839596634886	25.61219585547745	25.566368112033494	24.48359643585417
58-59	24.54350167114915	25.640998686793846	25.438356552837583	24.37714308921942
60-61	24.420186771478235	25.63521027553066	25.448230715862053	24.496372237129048
62-63	24.294422735032942	25.6870983937726	25.62386660431667	24.39461226687779
64-65	24.499980414251862	25.67396475366927	25.446186235024005	24.379868597054866
66-67	24.384069237220295	25.619799949561955	25.488747385766704	24.50738342745105
68-69	24.445803915818864	25.667959664930812	25.568462463165048	24.317773956085276
70-71	24.430467252349704	25.671673602086287	25.410594233852702	24.487264911711307
72-73	24.349818147459125	25.7279549443542	25.420269094083537	24.501957814103136
74-75	24.44772367080746	25.77707140143145	25.453150703361345	24.322054224399746
76-77	24.53840545789224	25.66556504949487	25.416074729041547	24.379954763571345
78-79	24.434150886098372	25.538832022577964	25.58478226470966	24.442234826614005
80-81	24.435809287715454	25.699580125322992	25.546437316030847	24.31817327093071
82-83	24.462929933862704	25.64791502553458	25.503774997761635	24.385380042841085
84-85	24.40860643527936	25.627125688492907	25.593069448444055	24.37119842778368
86-87	24.3954459045676	25.76602901454143	25.585007461545818	24.253517619345153
88-89	24.49097587943589	25.698535981899447	25.44554010465055	24.364948034014112
90-91	24.342192021411037	25.66317114324366	25.490517000715034	24.504119834630274
92-93	24.39588700463807	25.724112147379234	25.587692058770088	24.292308789212605
94-95	24.573127542412738	25.656938429883358	25.32139975964875	24.44853426805516
96-97	24.453493224018246	25.44362467578296	25.50103711446084	24.60184498573795
98-99	23.742129794502905	25.119400056613394	26.13078162064803	25.007688528235672
100	25.217033150036922	24.314771629349675	25.383465862600197	25.084729358013213
>>END_MODULE
>>Per sequence GC content	pass
#GC Content	Count
0	621.0
1	619.0
2	619.0
3	634.5
4	661.0
5	703.0
6	767.5
7	902.5
8	1096.5
9	1244.5
10	1395.5
11	1653.0
12	2007.5
13	2490.0
14	3287.0
15	4600.5
16	7020.5
17	11112.0
18	18076.5
19	29373.0
20	48025.0
21	75166.0
22	116949.5
23	175847.0
24	250292.0
25	348146.5
26	473520.5
27	614699.0
28	768702.5
29	932517.5
30	1092613.5
31	1265429.5
32	1438368.0
33	1591582.0
34	1743444.5
35	1905398.0
36	2070802.5
37	2243541.5
38	2403248.5
39	2562757.5
40	2692184.5
41	2782430.5
42	2896609.5
43	3024874.0
44	3122135.0
45	3215156.0
46	3318514.0
47	3347819.0
48	3353906.0
49	3345121.5
50	3352747.0
51	3399115.0
52	3395078.0
53	3336374.5
54	3282336.5
55	3239203.0
56	3152930.0
57	2983981.0
58	2837676.0
59	2745656.0
60	2600765.5
61	2434194.0
62	2224233.5
63	2014971.5
64	1831315.0
65	1625336.0
66	1421344.0
67	1235033.5
68	1053906.0
69	877147.0
70	710151.0
71	570396.5
72	493487.0
73	418637.5
74	339500.0
75	282172.0
76	229810.0
77	191001.0
78	151843.5
79	111562.5
80	82990.5
81	60258.5
82	41166.5
83	28138.0
84	18278.5
85	12153.5
86	9003.0
87	6931.0
88	5291.0
89	4209.5
90	3449.5
91	2889.5
92	2446.0
93	2032.0
94	1643.0
95	1365.5
96	1194.0
97	1060.5
98	978.0
99	953.0
100	924.0
>>END_MODULE
>>Per base N content	pass
#Base	N-Count
1	1.0676811511193725
2	0.0
3	1.1018407151516159E-4
4	5.1293436671370556E-5
5	0.0
6	0.0
7	0.0
8	0.0
9	0.0
10-11	0.0
12-13	0.0
14-15	0.0
16-17	0.0
18-19	0.0
20-21	8.550230432985284E-6
22-23	0.0
24-25	0.0016022829506092313
26-27	1.9001612885404132E-6
28-29	0.0
30-31	0.0
32-33	0.0
34-35	0.0
36-37	0.0
38-39	0.0
40-41	0.0
42-43	0.0
44-45	0.0
46-47	0.0
48-49	0.0
50-51	0.0
52-53	0.0
54-55	0.0
56-57	0.0
58-59	0.0
60-61	0.0
62-63	0.0
64-65	0.0
66-67	0.0
68-69	0.0
70-71	0.0
72-73	0.0
74-75	0.0
76-77	0.0
78-79	0.0
80-81	0.0
82-83	0.0
84-85	0.03267396890455299
86-87	0.0
88-89	0.0
90-91	0.0
92-93	1.8910863900001137E-5
94-95	8.202049721448845E-4
96-97	0.0025689912367839714
98-99	0.0017058985674931152
100	0.0025230350782378956
>>END_MODULE
>>Sequence Length Distribution	fail
#Length	Count
0-1	29846.0
2-3	2259.0
4-5	1032.0
6-7	825.0
8-9	2190.0
10-11	1798.0
12-13	2444.0
14-15	2596.0
16-17	2473.0
18-19	2400.0
20-21	2226.0
22-23	2098.0
24-25	1879.0
26-27	1765.0
28-29	1661.0
30-31	1418.0
32-33	1354.0
34-35	1489.0
36-37	1586.0
38-39	1646.0
40-41	1494.0
42-43	1548.0
44-45	1752.0
46-47	2152.0
48-49	2860.0
50-51	3541.0
52-53	3968.0
54-55	4693.0
56-57	7512.0
58-59	11461.0
60-61	14846.0
62-63	17503.0
64-65	19712.0
66-67	26138.0
68-69	37810.0
70-71	51806.0
72-73	65173.0
74-75	73822.0
76-77	87703.0
78-79	114016.0
80-81	151800.0
82-83	195408.0
84-85	222494.0
86-87	245966.0
88-89	294494.0
90-91	364416.0
92-93	437211.0
94-95	599873.0
96-97	3055931.0
98-99	0.0
100-101	9.9126644E7
>>END_MODULE
>>Sequence Duplication Levels	fail
#Total Deduplicated Percentage	39.538898981236116
#Duplication Level	Percentage of deduplicated	Percentage of total
1	71.5279584941882	28.281367252357565
2	12.865974579403094	10.174129383803415
3	5.194908881916851	6.162029324965099
4	2.7893782150566757	4.411557738623465
5	1.70606195244744	3.3727905596774894
6	1.14334894772283	2.7124055126589353
7	0.8083653335146916	2.2373312683239446
8	0.6054908755876411	1.9152354051135956
9	0.45084567663471636	1.6043347498128386
>10	2.5827031348777907	18.598349984668644
>50	0.192571642618198	5.251552346428066
>100	0.11857339612703077	8.96288941910895
>500	0.009124820960170662	2.4760647622690004
>1k	0.004500354570309301	3.171427698295247
>5k	1.5543375730687174E-4	0.39892173761645705
>10k+	3.826061718322997E-5	0.26961285627758763
>>END_MODULE
>>Overrepresented sequences	pass
>>END_MODULE
>>Adapter Content	pass
#Position	Illumina Universal Adapter	Illumina Small RNA 3' Adapter	Illumina Small RNA 5' Adapter	Nextera Transposase Sequence	SOLID Small RNA Adapter
1	0.0	1.1395066460395706E-5	0.0	1.329424420379499E-5	0.0
2	0.0	7.88158763510703E-5	0.0	8.071505409446959E-5	9.495888716996422E-7
3	0.0	8.356382070956851E-5	0.0	8.356382070956851E-5	1.8991777433992844E-6
4	3.7983554867985687E-6	8.736217619636708E-5	9.495888716996422E-7	9.400929829826458E-5	5.697533230197853E-6
5	3.7983554867985687E-6	9.116053168316565E-5	2.8487666150989265E-6	9.495888716996421E-5	5.697533230197853E-6
6	4.7479443584982105E-6	9.400929829826458E-5	2.8487666150989265E-6	9.875724265676278E-5	5.697533230197853E-6
7	4.7479443584982105E-6	1.3484161978134917E-4	2.8487666150989265E-6	1.0065642040016206E-4	5.697533230197853E-6
8	4.7479443584982105E-6	1.4433750849834561E-4	2.8487666150989265E-6	1.0350518701526099E-4	5.697533230197853E-6
9	4.7479443584982105E-6	1.5193421947194273E-4	2.8487666150989265E-6	1.1015230911715849E-4	5.697533230197853E-6
10-11	5.222738794348032E-6	1.647536692398879E-4	3.323561050948748E-6	1.1062710355300831E-4	6.647122101897496E-6
12-13	6.172327666047674E-6	1.7662353013613344E-4	3.7983554867985687E-6	1.1774902009075564E-4	7.596710973597137E-6
14-15	9.021094281146601E-6	2.0416160741542304E-4	3.7983554867985687E-6	1.3009367542285097E-4	7.596710973597137E-6
16-17	1.0445477588696064E-5	2.4404434002680802E-4	4.7479443584982105E-6	1.4718627511344453E-4	8.071505409446957E-6
18-19	1.3294244203794991E-5	2.478426955136066E-4	4.7479443584982105E-6	1.6570325811158756E-4	9.021094281146601E-6
20-21	1.5193421947194275E-5	2.5448981761550405E-4	4.7479443584982105E-6	1.7235038021348506E-4	9.495888716996421E-6
22-23	1.8991777433992842E-5	2.639857063325005E-4	4.7479443584982105E-6	1.8184626893048147E-4	1.0445477588696064E-5
24-25	2.4214516228340872E-5	2.858262503815923E-4	4.7479443584982105E-6	2.0083804636447433E-4	1.0445477588696064E-5
26-27	2.6588488407589983E-5	2.9674652240613817E-4	4.7479443584982105E-6	2.165062627475184E-4	1.0445477588696064E-5
28-29	2.8012871715139446E-5	3.086163833023837E-4	4.7479443584982105E-6	2.226785904135661E-4	1.1395066460395706E-5
30-31	3.038684389438855E-5	3.266585718646769E-4	4.7479443584982105E-6	2.2932571251546357E-4	1.3769038639644811E-5
32-33	3.6084377124586404E-5	3.42326788247721E-4	4.7479443584982105E-6	2.411955734117091E-4	1.6143010818893918E-5
34-35	4.083232148308461E-5	3.60843771245864E-4	5.222738794348032E-6	2.4641831220605716E-4	1.8042188562293202E-5
36-37	4.700464914913229E-5	3.9123061514025254E-4	5.697533230197853E-6	2.5116625656455534E-4	1.8042188562293202E-5
38-39	5.0803004635930855E-5	4.0499965377989737E-4	5.697533230197853E-6	2.563889953589034E-4	2.089095517739213E-5
40-41	5.602574343027889E-5	4.135459536251942E-4	5.697533230197853E-6	2.6256132302495105E-4	2.184054404909177E-5
42-43	5.982409891707746E-5	4.2161745903464113E-4	5.697533230197853E-6	2.772799505362955E-4	2.3264927356641232E-5
44-45	6.55216321472753E-5	4.4440759195543255E-4	5.697533230197853E-6	2.858262503815923E-4	2.4214516228340872E-5
46-47	7.406793199257209E-5	4.7194566923472215E-4	5.697533230197853E-6	2.976961112778378E-4	2.563889953589034E-5
48-49	8.024025965861976E-5	4.980593632064623E-4	5.697533230197853E-6	3.0244405563633605E-4	2.6588488407589983E-5
50-51	8.308902627371869E-5	5.189503183838544E-4	5.697533230197853E-6	3.1716268314768047E-4	3.038684389438855E-5
52-53	9.068573724731583E-5	5.631062009178879E-4	5.697533230197853E-6	3.271333663005267E-4	3.038684389438855E-5
54-55	9.353450386241475E-5	5.906442781971774E-4	5.697533230197853E-6	3.3615446058167335E-4	3.086163833023837E-5
56-57	9.543368160581403E-5	6.063124945802215E-4	5.697533230197853E-6	3.456503492986697E-4	3.276081607363765E-5
58-59	1.0255559814356134E-4	6.224555053991154E-4	5.697533230197853E-6	3.68915276655311E-4	3.513478825288676E-5
60-61	1.1822381452660546E-4	6.338505718595112E-4	5.697533230197853E-6	4.206678701629415E-4	3.6084377124586404E-5
62-63	1.372155919605983E-4	6.775316599576947E-4	5.697533230197853E-6	4.415588253403336E-4	3.655917156043623E-5
64-65	1.5573257495874132E-4	7.007965873143359E-4	5.697533230197853E-6	4.577018361592275E-4	3.7033965996286044E-5
66-67	1.7519914682858397E-4	7.29759047901175E-4	5.697533230197853E-6	4.700464914913229E-4	3.750876043213586E-5
68-69	1.9988845749277468E-4	7.402045254898711E-4	5.697533230197853E-6	5.01382924257411E-4	3.7983554867985684E-5
70-71	2.340736568739618E-4	7.743897248710581E-4	5.697533230197853E-6	5.260722349216017E-4	3.7983554867985684E-5
72-73	2.943725502268891E-4	8.062009520729962E-4	5.697533230197853E-6	5.460136012272942E-4	3.940793817553515E-5
74-75	3.6606651004021207E-4	8.299406738654872E-4	5.697533230197853E-6	5.559842843801405E-4	4.1307115918934434E-5
76-77	4.3918485316108455E-4	8.432349180692823E-4	5.697533230197853E-6	5.688037341480856E-4	4.178191035478426E-5
78-79	4.980593632064623E-4	8.541551900938282E-4	5.697533230197853E-6	5.75925650685833E-4	4.27314992264839E-5
80-81	5.659549675329867E-4	8.693486120410224E-4	5.697533230197853E-6	6.18182355476467E-4	4.368108809818354E-5
82-83	6.870275486746911E-4	8.869160061674658E-4	6.172327666047674E-6	6.272034497576136E-4	4.368108809818354E-5
84-85	8.104741019956446E-4	9.348702441882977E-4	6.647122101897495E-6	6.457204327557567E-4	4.415588253403336E-5
86-87	8.617519010674253E-4	9.666814713902357E-4	8.54629984529678E-6	7.126664482105814E-4	4.4630676969883184E-5
88-89	8.627014899391249E-4	9.832992766449795E-4	9.021094281146601E-6	7.397297310540213E-4	4.700464914913229E-5
>>END_MODULE
