##FastQC	0.11.8
>>Basic Statistics	pass
#Measure	Value
Filename	SRR3184284_2.gz
File type	Conventional base calls
Encoding	Sanger / Illumina 1.9
Total Sequences	58914469
Sequences flagged as poor quality	0
Sequence length	0-100
%GC	48
>>END_MODULE
>>Per base sequence quality	pass
#Base	Mean	Median	Lower Quartile	Upper Quartile	10th Percentile	90th Percentile
1	32.111647876420086	33.0	33.0	33.0	33.0	33.0
2	32.093204836169086	33.0	33.0	33.0	33.0	33.0
3	32.098858543894366	33.0	33.0	33.0	33.0	33.0
4	35.892450540055584	37.0	37.0	37.0	33.0	37.0
5	35.88790392314797	37.0	37.0	37.0	33.0	37.0
6	35.84761221049166	37.0	37.0	37.0	33.0	37.0
7	35.835464291815235	37.0	37.0	37.0	33.0	37.0
8	35.827551945027366	37.0	37.0	37.0	33.0	37.0
9	35.81305337026428	37.0	37.0	37.0	33.0	37.0
10-11	35.83809251865299	37.0	37.0	37.0	33.0	37.0
12-13	35.788116636398485	37.0	37.0	37.0	33.0	37.0
14-15	37.71893448475004	40.0	37.0	40.0	33.0	40.0
16-17	37.695216796111765	40.0	37.0	40.0	33.0	40.0
18-19	37.6635369166771	40.0	37.0	40.0	33.0	40.0
20-21	37.62496258773393	40.0	37.0	40.0	33.0	40.0
22-23	37.56229693575944	40.0	37.0	40.0	33.0	40.0
24-25	37.491736949963	40.0	37.0	40.0	33.0	40.0
26-27	37.430293191868415	40.0	37.0	40.0	33.0	40.0
28-29	37.36134418769464	40.0	37.0	40.0	33.0	40.0
30-31	37.28580958118269	40.0	37.0	40.0	33.0	40.0
32-33	37.201690558852775	40.0	37.0	40.0	33.0	40.0
34-35	37.10302291060414	40.0	37.0	40.0	33.0	40.0
36-37	37.00647949359718	40.0	37.0	40.0	33.0	40.0
38-39	36.909684186919044	40.0	37.0	40.0	33.0	40.0
40-41	36.78843238474376	40.0	37.0	40.0	33.0	40.0
42-43	36.63249602520202	40.0	37.0	40.0	33.0	40.0
44-45	36.49247855623531	40.0	37.0	40.0	33.0	40.0
46-47	36.32307737113389	38.5	37.0	40.0	33.0	40.0
48-49	36.155268465447875	37.0	37.0	40.0	33.0	40.0
50-51	35.60394750820963	37.0	35.0	40.0	30.0	40.0
52-53	35.50137840208413	37.0	37.0	40.0	27.0	40.0
54-55	35.59437622606642	37.0	37.0	40.0	27.0	40.0
56-57	35.52432580424278	37.0	37.0	40.0	27.0	40.0
58-59	35.51463454304632	37.0	37.0	40.0	27.0	40.0
60-61	35.46626434827794	37.0	37.0	40.0	27.0	40.0
62-63	35.28235447332394	37.0	37.0	40.0	27.0	40.0
64-65	35.0593126667834	37.0	33.0	40.0	27.0	40.0
66-67	34.824292440093586	37.0	33.0	38.5	27.0	40.0
68-69	34.57895142877275	37.0	33.0	37.0	27.0	40.0
70-71	34.333336205146246	37.0	33.0	37.0	27.0	40.0
72-73	34.08329272331968	37.0	33.0	37.0	27.0	40.0
74-75	33.853678773902146	37.0	33.0	37.0	27.0	38.5
76-77	33.62873403536733	37.0	33.0	37.0	27.0	37.0
78-79	33.456955365219315	37.0	33.0	37.0	27.0	37.0
80-81	33.359253206748875	37.0	33.0	37.0	27.0	37.0
82-83	33.20874682523406	37.0	33.0	37.0	27.0	37.0
84-85	33.065016055852105	37.0	33.0	37.0	27.0	37.0
86-87	32.93072026776767	37.0	33.0	37.0	27.0	37.0
88-89	32.813422556463706	37.0	33.0	37.0	27.0	37.0
90-91	32.68231123708637	37.0	33.0	37.0	27.0	37.0
92-93	32.55848411316349	37.0	33.0	37.0	27.0	37.0
94-95	32.416480366177225	37.0	33.0	37.0	27.0	37.0
96-97	32.26218787861724	37.0	33.0	37.0	22.0	37.0
98-99	32.096605559754444	37.0	33.0	37.0	22.0	37.0
100	31.271632806949867	33.0	33.0	37.0	15.0	37.0
>>END_MODULE
>>Per sequence quality scores	pass
#Quality	Count
2	366627.0
3	90207.0
4	75647.0
5	70885.0
6	72374.0
7	78875.0
8	83159.0
9	90106.0
10	99369.0
11	103925.0
12	107422.0
13	109336.0
14	110621.0
15	115132.0
16	119763.0
17	121932.0
18	126101.0
19	130707.0
20	141172.0
21	157427.0
22	183263.0
23	220466.0
24	267818.0
25	325531.0
26	396134.0
27	482762.0
28	590172.0
29	734805.0
30	928548.0
31	1197391.0
32	1583552.0
33	2139124.0
34	2946221.0
35	4298957.0
36	7587449.0
37	1.6569359E7
38	1.6014438E7
39	77653.0
>>END_MODULE
>>Per base sequence content	fail
#Base	G	A	T	C
1	24.829576098222393	13.433212742823104	15.049362309229908	46.687848849724595
2	22.61592078580597	19.284817863940916	37.48454091632722	20.6147204339259
3	27.263659249108425	22.775230283181962	24.653632968736577	25.307477498973043
4	27.52644976903258	29.519972999257764	19.902493019648187	23.051084212061472
5	28.61773470228416	31.22642107044886	21.4444612222448	18.711383005022185
6	22.961930491094666	34.14774078345298	21.41897348000839	21.471355245443963
7	19.73710564930799	17.78037080500595	39.94466332635995	22.537860219326106
8	20.805685471792685	21.93128702649535	28.502969961648954	28.760057540063006
9	21.581047516408592	21.435369722392338	30.892535896770028	26.09104686442904
10-11	25.080383859930894	30.3504528357966	21.239672949614288	23.329490354658216
12-13	23.14140298532367	24.064523524976984	27.82052672979255	24.9735467599068
14-15	23.774119695526988	25.39723390806111	26.848952767705807	23.979693628706087
16-17	24.45424660812523	25.62756928429964	25.9110576106765	24.00712649689863
18-19	24.170960795719427	26.029319102327925	25.693212619187662	24.10650748276499
20-21	24.277823788889055	25.98983209139547	25.83331301933528	23.89903110038019
22-23	24.14058806116787	26.287921011839522	25.88337278426688	23.688118142725735
24-25	23.95374122112615	26.263378340536896	25.85084298247625	23.9320374558607
26-27	23.859495413687007	26.20165754825136	26.119056423433427	23.8197906146282
28-29	24.10722777704718	25.91072858787834	25.98521085451119	23.99683278056329
30-31	23.817670595727567	26.23281992735425	25.969866013137832	23.97964346378035
32-33	23.92186291492075	26.135106062171783	25.974275698034642	23.96875532487282
34-35	24.24465084682988	26.111455149040747	25.75135787178561	23.89253613234376
36-37	24.001125923280007	26.138830992158773	25.895508819024982	23.964534265536237
38-39	23.980365184059508	26.186018936114262	25.928225944317052	23.90538993550918
40-41	24.108596670497217	26.053915916738024	25.825390084919402	24.012097327845353
42-43	23.827725553357755	26.093347700309565	26.03901144396651	24.03991530236617
44-45	23.911180950523896	26.142627438335207	26.08165226596632	23.864539345174578
46-47	24.123512154316636	26.125539419466676	25.89953853210842	23.85140989410827
48-49	23.961871446648683	26.085780628565956	25.915929966585566	24.03641795819979
50-51	24.084427829311686	25.921486621430923	26.012807031260678	23.981278517996714
52-53	24.027968996255574	26.205514311525867	25.727018274434492	24.03949841778406
54-55	23.890268656131532	26.171377083622737	25.907536764192457	24.030817496053274
56-57	23.971279153569625	26.001375857877917	26.08789417915608	23.93945080939638
58-59	23.93825554771754	26.09521650489081	26.01099704929239	23.955530898099266
60-61	23.914609323522885	25.979372186718024	26.115296658075003	23.990721831684088
62-63	23.91645568135033	26.225426073374525	26.07556410404638	23.78255414122877
64-65	23.94432209912976	26.212104154323885	25.961702944896725	23.881870801649633
66-67	23.872581168760185	26.216138230535613	25.9185743832992	23.992706217405
68-69	24.040555390115223	26.283652047319656	26.026529666958208	23.649262895606913
70-71	24.02037129128673	26.117727198902784	26.017136395521995	23.84476511428849
72-73	23.956881227126523	26.179808462318626	25.90838205407798	23.954928256476876
74-75	24.10211840781707	26.249255507967316	25.95777042489585	23.69085565931977
76-77	24.022888961469874	26.131973086943557	25.98208303037868	23.863054921207898
78-79	23.91215055154623	26.020739600635917	26.153707533645047	23.913402314172803
80-81	24.027683377212345	26.212810123109666	26.039222081302615	23.72028441837538
82-83	24.118121547594857	26.079161779973187	25.985024686694203	23.817691985737756
84-85	24.08362723704114	26.04514997360628	26.005664088930867	23.865558700421712
86-87	23.910940752011435	26.21695558256093	26.05856287468798	23.81354079073966
88-89	24.06404340854052	26.116003989083797	25.94346499223962	23.876487610136063
90-91	23.862852417156734	26.177792885043377	26.05589012497893	23.90346457282096
92-93	23.91878844356595	26.287064631594546	26.07582215826021	23.71832476657929
94-95	24.03881339012045	26.174690350272638	25.90578653195138	23.880709727655532
96-97	24.021074737510208	25.812849163084284	25.977567422354575	24.188508677050933
98-99	23.377191592565882	25.494493406459302	26.78823395737498	24.340081043599834
100	25.00981195143075	24.774744039635518	25.729381239011246	24.486062769922484
>>END_MODULE
>>Per sequence GC content	pass
#GC Content	Count
0	218.0
1	194.0
2	187.0
3	236.0
4	315.0
5	396.0
6	477.5
7	584.5
8	716.5
9	843.5
10	970.0
11	1157.0
12	1356.0
13	1603.5
14	2072.0
15	2787.5
16	4039.5
17	5969.5
18	9240.5
19	15034.0
20	24311.0
21	38352.0
22	59267.5
23	89191.5
24	132599.5
25	187462.5
26	250137.5
27	326239.0
28	411906.0
29	497868.5
30	581023.5
31	667409.5
32	765039.0
33	875904.5
34	975007.5
35	1060572.5
36	1179476.0
37	1327776.0
38	1435878.0
39	1524349.5
40	1597811.5
41	1661167.0
42	1818745.5
43	1963086.0
44	1998184.5
45	2039173.0
46	2086132.0
47	2074657.0
48	2078663.5
49	2099070.5
50	2095316.5
51	2035024.0
52	1929258.5
53	1853431.5
54	1791298.5
55	1694330.0
56	1570933.0
57	1460221.5
58	1378165.5
59	1320012.0
60	1256033.0
61	1175241.0
62	1081761.5
63	991046.5
64	897244.5
65	793239.5
66	689696.0
67	598865.5
68	512763.5
69	425039.0
70	346877.5
71	279842.0
72	227072.5
73	182639.0
74	145211.5
75	116408.0
76	91468.0
77	71022.5
78	51956.0
79	36319.5
80	25358.5
81	16895.0
82	10792.5
83	7107.5
84	4896.0
85	3504.5
86	2695.0
87	2154.0
88	1745.0
89	1429.5
90	1216.0
91	1079.0
92	941.0
93	815.0
94	699.5
95	585.5
96	535.0
97	487.5
98	442.0
99	424.5
100	527.0
>>END_MODULE
>>Per base N content	pass
#Base	N-Count
1	7.672144158909795E-4
2	1.527640101571093E-5
3	0.0
4	0.0
5	1.527654700202263E-5
6	0.0
7	0.0
8	0.0
9	5.228030479214004E-4
10-11	2.6310138600876565E-5
12-13	0.0
14-15	0.0
16-17	4.4983664097508156E-4
18-19	0.0
20-21	0.0
22-23	0.0
24-25	5.092787835774399E-6
26-27	0.0
28-29	0.0
30-31	0.0
32-33	0.0
34-35	0.0
36-37	0.0
38-39	0.0
40-41	0.0
42-43	0.0
44-45	0.0
46-47	0.0
48-49	8.404239006472257E-5
50-51	2.5467707443581832E-6
52-53	3.8456725330377866E-4
54-55	5.942616869031448E-6
56-57	1.7743224051627857E-4
58-59	0.0027769855459388033
60-61	1.1885812624561724E-5
62-63	0.0
64-65	9.356230071633233E-4
66-67	0.0
68-69	1.6726554240335183E-4
70-71	4.500173192986234E-5
72-73	0.0
74-75	0.0
76-77	3.4222132499282505E-4
78-79	3.1930884988000993E-4
80-81	0.007094880196357476
82-83	0.005411222503455929
84-85	6.200954537565896E-4
86-87	3.92497016831521E-4
88-89	2.54910900992776E-6
90-91	4.674509286375899E-5
92-93	3.434783693986755E-4
94-95	0.0
96-97	7.683470781519279E-6
98-99	4.6255648862023766E-5
100	8.256196947825374E-4
>>END_MODULE
>>Sequence Length Distribution	fail
#Length	Count
0-1	69.0
2-3	464.0
4-5	305.0
6-7	244.0
8-9	569.0
10-11	659.0
12-13	760.0
14-15	898.0
16-17	969.0
18-19	856.0
20-21	908.0
22-23	749.0
24-25	871.0
26-27	675.0
28-29	703.0
30-31	620.0
32-33	610.0
34-35	604.0
36-37	689.0
38-39	648.0
40-41	622.0
42-43	612.0
44-45	659.0
46-47	674.0
48-49	735.0
50-51	745.0
52-53	734.0
54-55	857.0
56-57	918.0
58-59	994.0
60-61	1201.0
62-63	1278.0
64-65	1326.0
66-67	1447.0
68-69	1696.0
70-71	1928.0
72-73	2171.0
74-75	2339.0
76-77	2688.0
78-79	3449.0
80-81	4677.0
82-83	6132.0
84-85	7603.0
86-87	9110.0
88-89	13006.0
90-91	18495.0
92-93	24676.0
94-95	91247.0
96-97	1409280.0
98-99	0.0
100-101	5.72903E7
>>END_MODULE
>>Sequence Duplication Levels	fail
#Total Deduplicated Percentage	36.34822643270278
#Duplication Level	Percentage of deduplicated	Percentage of total
1	71.52328516536217	25.99744564401356
2	13.498092672910596	9.812634577691213
3	5.215934139678953	5.6876986550134605
4	2.716493649423321	3.9495890508895197
5	1.6212654294887652	2.946506146928538
6	1.0852118991652262	2.3667316702992633
7	0.7269170887034268	1.8495502856595274
8	0.5346170892524087	1.554590641195122
9	0.38541776220672985	1.260832688268823
>10	2.320587334046654	15.45823135841928
>50	0.19874362620867828	5.017800597737085
>100	0.14467798590604725	10.449990809767959
>500	0.01655587535760245	4.178965331844738
>1k	0.011587425584143562	7.734811228994226
>5k	5.192907960688078E-4	1.2193443438193172
>10k+	9.3565909201587E-5	0.5152769694583239
>>END_MODULE
>>Overrepresented sequences	pass
>>END_MODULE
>>Adapter Content	pass
#Position	Illumina Universal Adapter	Illumina Small RNA 3' Adapter	Illumina Small RNA 5' Adapter	Nextera Transposase Sequence	SOLID Small RNA Adapter
1	0.0	3.903964576172281E-5	0.0	1.8671134929519605E-5	6.789503610734402E-6
2	0.0	1.4088219992273884E-4	0.0	1.3748744811737165E-4	6.789503610734402E-6
3	0.0	1.5785595894957484E-4	0.0	1.4767170353347325E-4	8.486879513418002E-6
4	6.789503610734402E-6	1.5955333485225844E-4	0.0	1.7143496617104365E-4	1.0184255416101603E-5
5	8.486879513418002E-6	1.6464546256030925E-4	0.0	1.7143496617104365E-4	1.0184255416101603E-5
6	1.1881631318785203E-5	1.6804021436567647E-4	0.0	1.7313234207372725E-4	1.0184255416101603E-5
7	1.5276383124152406E-5	2.5290900949985647E-4	0.0	1.7482971797641084E-4	1.0184255416101603E-5
8	1.5276383124152406E-5	2.664880167213253E-4	0.0	1.8501397339251247E-4	1.1881631318785203E-5
9	1.6973759026836004E-5	2.817643998454777E-4	0.0	1.9010610110056325E-4	1.3579007221468805E-5
10-11	2.3763262637570406E-5	2.9194865526157925E-4	0.0	1.9519822880861406E-4	1.6125071075494203E-5
12-13	3.479620600501381E-5	3.055276624830481E-4	0.0	1.9774429266263945E-4	2.0368510832203207E-5
14-15	4.0737021664406414E-5	3.301396130719603E-4	0.0	2.1386936373813368E-4	2.2065886734886808E-5
16-17	4.582914937245721E-5	3.530541877581889E-4	0.0	2.3338918661899508E-4	2.4611950588912207E-5
18-19	5.007258912916622E-5	3.759687624444175E-4	0.0	2.495142576944893E-4	2.5460638540254008E-5
20-21	6.025684454526782E-5	3.886990817145445E-4	0.0	2.630932649159581E-4	2.715801444293761E-5
22-23	6.789503610734403E-5	4.08218904595406E-4	0.0	2.766722721374269E-4	2.970407829696301E-5
24-25	8.741485898820542E-5	4.2773872747626737E-4	1.6973759026836006E-6	3.004355347749973E-4	3.055276624830481E-5
26-27	1.0353993006369963E-4	4.5065330216249595E-4	1.6973759026836006E-6	3.1825798175317513E-4	3.988833371306461E-5
28-29	1.1966500113919383E-4	4.6677837323799015E-4	1.6973759026836006E-6	3.301396130719603E-4	4.752652527514081E-5
30-31	1.4597432763078963E-4	4.964824515349532E-4	1.6973759026836006E-6	3.326856769259857E-4	4.9223901177824414E-5
32-33	1.6719152641433467E-4	5.202457141725235E-4	1.6973759026836006E-6	3.377778046340365E-4	5.346734093453342E-5
34-35	1.8331659748982887E-4	5.39765537053385E-4	1.6973759026836006E-6	3.394751805367201E-4	5.431602888587522E-5
36-37	2.0029035651666487E-4	5.677722394476644E-4	1.6973759026836006E-6	3.394751805367201E-4	5.771078069124242E-5
38-39	2.2065886734886806E-4	5.915355020852347E-4	1.6973759026836006E-6	3.411725564394037E-4	5.771078069124242E-5
40-41	2.444221299864385E-4	6.051145093067035E-4	1.6973759026836006E-6	3.479620600501381E-4	6.365159635063502E-5
42-43	2.749748962347433E-4	6.237856442362231E-4	1.6973759026836006E-6	3.7002794678502493E-4	6.619766020466042E-5
44-45	2.987381588723137E-4	6.653713538519714E-4	1.6973759026836006E-6	3.734226985903921E-4	6.789503610734403E-5
46-47	3.106197901910989E-4	7.120491911757704E-4	1.6973759026836006E-6	3.903964576172281E-4	6.959241201002762E-5
48-49	3.250474853639095E-4	7.39207205618708E-4	1.6973759026836006E-6	4.2010053591419114E-4	6.959241201002762E-5
50-51	3.386264925853783E-4	7.544835887428605E-4	3.394751805367201E-6	4.3707429494102714E-4	6.959241201002762E-5
52-53	3.496594359528217E-4	8.266220646069135E-4	3.394751805367201E-6	4.4556117445444516E-4	7.213847586405302E-5
54-55	3.674818829309995E-4	8.945171007142575E-4	3.394751805367201E-6	4.5065330216249595E-4	7.553322766942023E-5
56-57	3.819095781038101E-4	9.34405434427322E-4	3.394751805367201E-6	4.6338362143262296E-4	7.977666742612922E-5
58-59	3.946398973739371E-4	9.615634488702597E-4	3.394751805367201E-6	4.981798274376367E-4	8.741485898820542E-5
60-61	4.0567284074138053E-4	9.717477042863612E-4	3.394751805367201E-6	5.847459984745004E-4	9.165829874491442E-5
62-63	4.2094922386553293E-4	0.0010277611090749202	3.394751805367201E-6	6.314238357982994E-4	9.250698669625623E-5
64-65	4.3283085518431815E-4	0.0010515243717124905	3.394751805367201E-6	6.662200418033132E-4	9.929649030699064E-5
66-67	4.498046142111541E-4	0.0011083864644523913	3.394751805367201E-6	6.882859285382E-4	1.0184255416101603E-4
68-69	4.7356787684872453E-4	0.0011117812162577583	3.394751805367201E-6	7.476940851321261E-4	1.0353993006369964E-4
70-71	4.896929479242187E-4	0.0011270575993819107	3.394751805367201E-6	7.943719224559251E-4	1.0353993006369964E-4
72-73	5.117588346591056E-4	0.0011830710041704695	3.394751805367201E-6	8.393523838770404E-4	1.0438861801504144E-4
74-75	5.329760334426506E-4	0.001214472458370116	3.394751805367201E-6	8.775433416874216E-4	1.0523730596638323E-4
76-77	5.533445442748538E-4	0.001244176536667079	3.394751805367201E-6	8.962144766169411E-4	1.0608599391772503E-4
78-79	5.686209273990062E-4	0.0012586042318398897	3.394751805367201E-6	9.021552922763337E-4	1.0693468186906683E-4
80-81	5.805025587177913E-4	0.0012687884872559915	3.394751805367201E-6	9.641095127242851E-4	1.0863205777175044E-4
82-83	6.280290839929322E-4	0.0012891569980881946	3.394751805367201E-6	9.802345837997793E-4	1.0863205777175044E-4
84-85	6.4585153097111E-4	0.001346867778779437	5.092127708050802E-6	0.001020122917512844	1.0948074572309223E-4
86-87	6.517923466305026E-4	0.0013884534883951854	5.092127708050802E-6	0.0012059855788566982	1.1202680957711764E-4
88-89	6.526410345818444E-4	0.0014003351197139705	5.9408156593926016E-6	0.001287459622185511	1.1287549752845944E-4
>>END_MODULE
