##FastQC	0.11.8
>>Basic Statistics	pass
#Measure	Value
Filename	SRR3184280_2.gz
File type	Conventional base calls
Encoding	Sanger / Illumina 1.9
Total Sequences	49985329
Sequences flagged as poor quality	0
Sequence length	0-100
%GC	49
>>END_MODULE
>>Per base sequence quality	pass
#Base	Mean	Median	Lower Quartile	Upper Quartile	10th Percentile	90th Percentile
1	32.15361114932791	33.0	33.0	33.0	33.0	33.0
2	32.13202504778158	33.0	33.0	33.0	33.0	33.0
3	32.135462227017506	33.0	33.0	33.0	33.0	33.0
4	35.92035795837639	37.0	37.0	37.0	33.0	37.0
5	35.92396103991198	37.0	37.0	37.0	33.0	37.0
6	35.88282442183031	37.0	37.0	37.0	33.0	37.0
7	35.86821408170775	37.0	37.0	37.0	33.0	37.0
8	35.864511522161095	37.0	37.0	37.0	33.0	37.0
9	35.853338702239895	37.0	37.0	37.0	33.0	37.0
10-11	35.87632605575177	37.0	37.0	37.0	33.0	37.0
12-13	35.82602927681593	37.0	37.0	37.0	33.0	37.0
14-15	37.760952942192674	40.0	37.0	40.0	33.0	40.0
16-17	37.73828319684047	40.0	37.0	40.0	33.0	40.0
18-19	37.707583807850824	40.0	37.0	40.0	33.0	40.0
20-21	37.670511800397335	40.0	37.0	40.0	33.0	40.0
22-23	37.61126417236166	40.0	37.0	40.0	33.0	40.0
24-25	37.539876790320896	40.0	37.0	40.0	33.0	40.0
26-27	37.48372596260464	40.0	37.0	40.0	33.0	40.0
28-29	37.41629364694399	40.0	37.0	40.0	33.0	40.0
30-31	37.3433419395068	40.0	37.0	40.0	33.0	40.0
32-33	37.266915996234054	40.0	37.0	40.0	33.0	40.0
34-35	37.16898380714342	40.0	37.0	40.0	33.0	40.0
36-37	37.06993208160216	40.0	37.0	40.0	33.0	40.0
38-39	36.973584013939785	40.0	37.0	40.0	33.0	40.0
40-41	36.85868462442375	40.0	37.0	40.0	33.0	40.0
42-43	36.70455819348296	40.0	37.0	40.0	33.0	40.0
44-45	36.56520743725625	40.0	37.0	40.0	33.0	40.0
46-47	36.39786122247715	38.5	37.0	40.0	33.0	40.0
48-49	36.22951223760596	37.0	37.0	40.0	33.0	40.0
50-51	35.68109943152551	37.0	35.0	40.0	30.0	40.0
52-53	35.57643016797596	37.0	37.0	40.0	27.0	40.0
54-55	35.67322005449532	37.0	37.0	40.0	27.0	40.0
56-57	35.60265218635777	37.0	37.0	40.0	27.0	40.0
58-59	35.60196868671715	37.0	37.0	40.0	27.0	40.0
60-61	35.55602752963931	37.0	37.0	40.0	27.0	40.0
62-63	35.37514157832722	37.0	37.0	40.0	27.0	40.0
64-65	35.15582222825533	37.0	33.0	40.0	27.0	40.0
66-67	34.919375860242624	37.0	33.0	38.5	27.0	40.0
68-69	34.67338566148345	37.0	33.0	37.0	27.0	40.0
70-71	34.42372511395497	37.0	33.0	37.0	27.0	40.0
72-73	34.16775882233543	37.0	33.0	37.0	27.0	40.0
74-75	33.93664452648324	37.0	33.0	37.0	27.0	38.5
76-77	33.71337734973442	37.0	33.0	37.0	27.0	37.0
78-79	33.544099425882436	37.0	33.0	37.0	27.0	37.0
80-81	33.44768636761394	37.0	33.0	37.0	27.0	37.0
82-83	33.30077206596208	37.0	33.0	37.0	27.0	37.0
84-85	33.163738904472105	37.0	33.0	37.0	27.0	37.0
86-87	33.03512896948983	37.0	33.0	37.0	27.0	37.0
88-89	32.92025766017336	37.0	33.0	37.0	27.0	37.0
90-91	32.79143317628873	37.0	33.0	37.0	27.0	37.0
92-93	32.669990710853874	37.0	33.0	37.0	27.0	37.0
94-95	32.53032032922607	37.0	33.0	37.0	27.0	37.0
96-97	32.37742144594977	37.0	33.0	37.0	27.0	37.0
98-99	32.21619970764825	37.0	33.0	37.0	22.0	37.0
100	31.398411828338656	33.0	33.0	37.0	22.0	37.0
>>END_MODULE
>>Per sequence quality scores	pass
#Quality	Count
2	273900.0
3	71462.0
4	61351.0
5	57828.0
6	58561.0
7	62632.0
8	67326.0
9	73493.0
10	80356.0
11	83704.0
12	86253.0
13	88206.0
14	89180.0
15	92593.0
16	95346.0
17	97477.0
18	101700.0
19	104949.0
20	114224.0
21	128577.0
22	150042.0
23	179694.0
24	219884.0
25	269500.0
26	329922.0
27	404629.0
28	497306.0
29	620191.0
30	787317.0
31	1019136.0
32	1348481.0
33	1829968.0
34	2505745.0
35	3625415.0
36	6375764.0
37	1.4331781E7
38	1.3555491E7
39	45907.0
>>END_MODULE
>>Per base sequence content	fail
#Base	G	A	T	C
1	20.96668619657798	12.839582284765951	13.69576143307056	52.49797008558551
2	22.19559370493609	19.060115303193687	37.645472638243206	21.098818353627017
3	27.7868928071545	22.020603254030476	23.984684189889684	26.20781974892534
4	27.905511926964365	28.702586141876797	19.124297491521723	24.267604439637118
5	29.583883318493452	30.46515930620505	21.254561547475685	18.696395827825814
6	23.340698289028232	33.42029302707281	21.063374496793603	22.175634187105352
7	20.51884516270599	16.914219942897375	39.60182610603726	22.965108788359373
8	21.292900244583077	20.991697323494527	28.14707426898513	29.56832816293727
9	21.688959990934677	20.300510132548354	30.919775482779727	27.090754393737242
10-11	25.71284035541875	28.870153933591702	21.075944421165712	24.341061289823838
12-13	23.625079348079968	23.301476928393797	27.371686188250834	25.701757535275405
14-15	24.379361465220935	24.625701105335757	26.28967033995527	24.705267089488046
16-17	25.214248705474397	24.75993115870912	25.19900101518886	24.826819120627626
18-19	24.91071914294059	25.047145642586184	25.12578890608684	24.916346308386395
20-21	24.846634650778523	25.322911394670523	25.33727111543968	24.493182839111274
22-23	24.67933170817494	25.40557288544074	25.442573178771983	24.47252222761234
24-25	24.521989800733685	25.37926512003825	25.39680459430982	24.701940484918243
26-27	24.349503465428484	25.566675806004675	25.525069574986368	24.558751153580477
28-29	24.656454376197335	25.16429531597139	25.38993703751588	24.78931327031539
30-31	24.305761817647316	25.382723062997865	25.48855002278254	24.82296509657228
32-33	24.394638082665658	25.43979844687188	25.568976672183545	24.596586798278913
34-35	24.805826741016663	25.35355592410065	25.1342187319991	24.706398602883585
36-37	24.654456926288624	25.325324549164723	25.209690216506246	24.810528308040407
38-39	24.44110711077519	25.426598927313048	25.48210202075883	24.650191941152936
40-41	24.56960488636454	25.243892256934547	25.381284240502854	24.805218616198058
42-43	24.392247472960165	25.269781003721786	25.542600112231284	24.795371411086762
44-45	24.42478407897606	25.489667754100175	25.59719378159618	24.488354385327586
46-47	24.58028725743684	25.34527318542542	25.359743166343396	24.714696390794344
48-49	24.496033275903248	25.37066597982563	25.35261879272993	24.780681951541187
50-51	24.599378247491284	25.372491032053997	25.477161386026797	24.550969334427926
52-53	24.585538909582954	25.41352053195105	25.276519186031898	24.724421372434097
54-55	24.437945667785208	25.39684286771397	25.365768065283262	24.799443399217562
56-57	24.47286162666668	25.40900222607776	25.53349583663952	24.58464031061604
58-59	24.55661562141688	25.348299265691743	25.379776324158627	24.715308788732752
60-61	24.412544016639448	25.42500840278887	25.495259710343266	24.667187870228418
62-63	24.37677237419486	25.442881466972132	25.57535856862328	24.604987590209728
64-65	24.521579590747592	25.366619301273474	25.471659094858495	24.640142013120442
66-67	24.402589749375228	25.498416834878036	25.349526670640422	24.749466745106314
68-69	24.50061440333384	25.566820450638232	25.39273016567254	24.539834980355383
70-71	24.57041279300361	25.47744318827949	25.29959289415063	24.652551124566273
72-73	24.45984909948712	25.478346395107152	25.390556655087405	24.671247850318323
74-75	24.547394618254884	25.62949357221285	25.357568382766644	24.465543426765624
76-77	24.674973526826456	25.46192869033817	25.307738350069574	24.555359432765798
78-79	24.53654283789389	25.24638120913013	25.50760285081644	24.709473102159542
80-81	24.633302352632217	25.48716719534677	25.48682482291061	24.392705629110402
82-83	24.69790430079995	25.424043262043366	25.3640568727876	24.513995564369083
84-85	24.568057175561066	25.389310778384466	25.3995522814162	24.643079764638266
86-87	24.488314813472815	25.58830429625069	25.39651895068144	24.526861939595058
88-89	24.63682378863136	25.490466468277578	25.22041953350378	24.652290209587278
90-91	24.545674539106788	25.4908147541047	25.20349462921963	24.76001607756888
92-93	24.46788979167526	25.56460125772761	25.470393148813113	24.497115801784012
94-95	24.71434702173323	25.547538452411096	25.126398643558005	24.611715882297673
96-97	24.603814629509017	25.206581548310226	25.37284697513555	24.81675684704521
98-99	23.98792373878652	24.88396905891056	26.00841541978985	25.11969178251307
100	25.301854981937115	23.95154682997629	25.316605665285095	25.4299925228015
>>END_MODULE
>>Per sequence GC content	pass
#GC Content	Count
0	134.0
1	105.5
2	95.5
3	124.0
4	147.0
5	187.5
6	232.5
7	264.0
8	313.5
9	363.5
10	409.5
11	484.5
12	629.5
13	796.5
14	1014.0
15	1308.0
16	1958.5
17	3024.0
18	4840.0
19	7986.0
20	12985.0
21	20597.0
22	32387.0
23	48201.5
24	70112.5
25	99677.0
26	134381.5
27	173809.5
28	223490.0
29	278774.0
30	332872.0
31	387153.0
32	450508.0
33	523725.5
34	594898.0
35	681243.0
36	781093.5
37	897723.5
38	1019543.0
39	1127248.5
40	1224338.0
41	1350767.5
42	1539347.0
43	1684899.0
44	1774183.5
45	1867370.5
46	1902464.5
47	1856919.5
48	1825399.0
49	1797763.5
50	1773470.0
51	1792990.5
52	1794584.0
53	1750744.5
54	1685627.5
55	1643840.0
56	1568940.0
57	1443751.0
58	1351876.0
59	1288491.5
60	1210487.5
61	1113517.0
62	1003146.0
63	909597.5
64	828817.0
65	728295.0
66	623789.0
67	536020.0
68	455714.0
69	375920.5
70	303991.5
71	243372.0
72	199979.5
73	164137.5
74	132517.5
75	108571.5
76	88184.0
77	70038.0
78	53780.5
79	39113.0
80	27230.5
81	17746.5
82	11304.5
83	7323.5
84	4720.5
85	3276.0
86	2452.0
87	1895.5
88	1504.0
89	1249.5
90	1030.0
91	851.0
92	750.0
93	655.5
94	561.0
95	477.0
96	414.5
97	370.5
98	349.0
99	334.0
100	441.0
>>END_MODULE
>>Per base N content	pass
#Base	N-Count
1	8.50250126582238E-4
2	1.2003537442484298E-5
3	0.0
4	0.0
5	2.000612507525304E-5
6	0.0
7	0.0
8	0.0
9	4.701494417015392E-4
10-11	2.5008180425899117E-5
12-13	0.0
14-15	0.0
16-17	4.451641498286078E-4
18-19	0.0
20-21	0.0
22-23	0.0
24-25	4.001705126554425E-6
26-27	0.0
28-29	0.0
30-31	0.0
32-33	0.0
34-35	0.0
36-37	0.0
38-39	0.0
40-41	0.0
42-43	0.0
44-45	0.0
46-47	0.0
48-49	7.304117623268942E-5
50-51	2.001153845295659E-6
52-53	3.7221962446722063E-4
54-55	5.003026931354008E-6
56-57	1.9111878032197012E-4
58-59	0.002919868219282744
60-61	9.005935632056375E-6
62-63	3.0020416885523847E-6
64-65	9.136422173874459E-4
66-67	0.0
68-69	1.6612500241932045E-4
70-71	6.304934115339983E-5
72-73	1.0008178383129341E-6
74-75	0.0
76-77	3.383045789955155E-4
78-79	3.293136317165742E-4
80-81	0.007048170808981057
82-83	0.005383938322451514
84-85	6.187515603953186E-4
86-87	3.6649425782104005E-4
88-89	8.012132210957799E-6
90-91	3.606452014783488E-5
92-93	3.7079805381931314E-4
94-95	0.0
96-97	2.013666512983638E-6
98-99	3.2989830163199657E-5
100	7.154669416643926E-4
>>END_MODULE
>>Sequence Length Distribution	fail
#Length	Count
0-1	64.0
2-3	459.0
4-5	346.0
6-7	217.0
8-9	470.0
10-11	505.0
12-13	665.0
14-15	819.0
16-17	840.0
18-19	694.0
20-21	754.0
22-23	646.0
24-25	595.0
26-27	632.0
28-29	609.0
30-31	588.0
32-33	493.0
34-35	576.0
36-37	537.0
38-39	522.0
40-41	556.0
42-43	590.0
44-45	569.0
46-47	620.0
48-49	631.0
50-51	655.0
52-53	746.0
54-55	779.0
56-57	921.0
58-59	949.0
60-61	1008.0
62-63	1128.0
64-65	1178.0
66-67	1244.0
68-69	1451.0
70-71	1673.0
72-73	1955.0
74-75	2083.0
76-77	2453.0
78-79	3038.0
80-81	3989.0
82-83	5229.0
84-85	6481.0
86-87	7680.0
88-89	11618.0
90-91	17979.0
92-93	21245.0
94-95	89206.0
96-97	1286849.0
98-99	0.0
100-101	4.8499795E7
>>END_MODULE
>>Sequence Duplication Levels	fail
#Total Deduplicated Percentage	37.73771440297773
#Duplication Level	Percentage of deduplicated	Percentage of total
1	73.7619221096849	27.836063503899773
2	12.841929337390102	9.692501234352973
3	4.738504877087989	5.3646103124599085
4	2.3720968187075857	3.580700491223956
5	1.4049432211799253	2.6509673016643793
6	0.8785722693126339	1.9893185629017727
7	0.6238718364241068	1.6480448030923929
8	0.449633955681177	1.3574526244301923
9	0.35569191314652004	1.2080699850394918
>10	2.1472388585287776	15.33284171048171
>50	0.2219184317630576	5.829694047516446
>100	0.17813881495357092	13.339900432739634
>500	0.017371876521360886	4.482204500632517
>1k	0.00793254489624405	5.110789483236395
>5k	2.119406569894699E-4	0.4909728036855023
>10k+	2.119406569894699E-5	0.08586820264259298
>>END_MODULE
>>Overrepresented sequences	pass
>>END_MODULE
>>Adapter Content	pass
#Position	Illumina Universal Adapter	Illumina Small RNA 3' Adapter	Illumina Small RNA 5' Adapter	Nextera Transposase Sequence	SOLID Small RNA Adapter
1	0.0	1.4004109085687923E-5	0.0	1.6004696097929055E-5	2.000587012241132E-6
2	0.0	5.601643634275169E-5	0.0	6.201819737947508E-5	2.000587012241132E-6
3	0.0	6.201819737947508E-5	0.0	6.201819737947508E-5	4.001174024482264E-6
4	4.001174024482264E-6	6.401878439171622E-5	0.0	7.402171945292188E-5	4.001174024482264E-6
5	8.002348048964528E-6	6.601937140395735E-5	0.0	7.402171945292188E-5	6.001761036723395E-6
6	1.200352207344679E-5	6.601937140395735E-5	0.0	7.6022306465163E-5	6.001761036723395E-6
7	1.200352207344679E-5	8.402465451412754E-5	0.0	8.002348048964527E-5	6.001761036723395E-6
8	1.6004696097929055E-5	8.80258285386098E-5	2.000587012241132E-6	8.002348048964527E-5	8.002348048964528E-6
9	1.8005283110170186E-5	9.402758957533319E-5	2.000587012241132E-6	8.602524152636867E-5	8.002348048964528E-6
10-11	2.3006750640773013E-5	1.0703140515490055E-4	2.000587012241132E-6	8.602524152636867E-5	8.002348048964528E-6
12-13	3.100909868973754E-5	1.1403345969774451E-4	2.000587012241132E-6	9.302729606921263E-5	8.002348048964528E-6
14-15	3.901144673870207E-5	1.3103844930179414E-4	2.000587012241132E-6	9.70284700936949E-5	8.002348048964528E-6
16-17	4.7013794787666594E-5	1.500440259180849E-4	2.000587012241132E-6	1.000293506120566E-4	8.002348048964528E-6
18-19	5.801702335499282E-5	1.5604578695480829E-4	2.000587012241132E-6	1.1103257917938282E-4	8.002348048964528E-6
20-21	7.802289347740414E-5	1.6204754799153167E-4	2.000587012241132E-6	1.200352207344679E-4	8.002348048964528E-6
22-23	9.202700256309206E-5	1.7105018954661678E-4	2.000587012241132E-6	1.2403639475895017E-4	8.002348048964528E-6
24-25	1.200352207344679E-4	1.7705195058334016E-4	2.000587012241132E-6	1.3403932982015583E-4	8.002348048964528E-6
26-27	1.500440259180849E-4	1.8705488564454582E-4	2.000587012241132E-6	1.3704021033851755E-4	1.0002935061205658E-5
28-29	1.7004989604049622E-4	1.940569401873898E-4	2.000587012241132E-6	1.380405038446381E-4	1.0002935061205658E-5
30-31	1.840540051261841E-4	2.020592882363543E-4	2.000587012241132E-6	1.380405038446381E-4	1.0002935061205658E-5
32-33	2.020592882363543E-4	2.0606046226083659E-4	2.000587012241132E-6	1.380405038446381E-4	1.3003815579567356E-5
34-35	2.1806398433428336E-4	2.1806398433428336E-4	2.000587012241132E-6	1.400410908568792E-4	1.4004109085687923E-5
36-37	2.400704414689358E-4	2.4407161549341806E-4	2.000587012241132E-6	1.4204167786912035E-4	1.4004109085687923E-5
38-39	2.550748440607443E-4	2.5107367003626203E-4	2.000587012241132E-6	1.470431453997232E-4	1.6004696097929055E-5
40-41	2.640774856158294E-4	2.610766050974677E-4	2.000587012241132E-6	1.530449064364466E-4	1.900557661629075E-5
42-43	2.740804206770351E-4	2.690789531464322E-4	4.001174024482264E-6	1.610472544854111E-4	2.0005870122411317E-5
44-45	2.820827687259996E-4	2.900851167749641E-4	4.001174024482264E-6	1.6504842850989336E-4	2.400704414689358E-5
46-47	2.8708423625660245E-4	3.100909868973754E-4	4.001174024482264E-6	1.730507765588579E-4	2.700792466525528E-5
48-49	3.050895193667726E-4	3.300968570197867E-4	4.001174024482264E-6	1.7805224408946072E-4	2.8008218171375846E-5
50-51	3.160927479340988E-4	3.431006725993541E-4	4.001174024482264E-6	1.9205635317514865E-4	3.0008805183616977E-5
52-53	3.300968570197867E-4	3.7711065180745333E-4	4.001174024482264E-6	1.9605752719963093E-4	3.100909868973754E-5
54-55	3.541039011666803E-4	3.9811681543598524E-4	4.001174024482264E-6	1.9705782070575148E-4	3.400997920809924E-5
56-57	3.6810801025236826E-4	4.141215115339143E-4	4.001174024482264E-6	2.0606046226083659E-4	3.400997920809924E-5
58-59	3.901144673870207E-4	4.3512767516244613E-4	4.001174024482264E-6	2.1806398433428336E-4	3.400997920809924E-5
60-61	4.061191634849498E-4	4.4513061022365184E-4	4.001174024482264E-6	2.470724960117798E-4	3.601056622034037E-5
62-63	4.2012327257063767E-4	4.7413912190114824E-4	4.001174024482264E-6	2.6507777912194996E-4	3.7010859726460934E-5
64-65	4.3912884918692846E-4	4.891435244929567E-4	4.001174024482264E-6	2.780815947015173E-4	3.901144673870207E-5
66-67	4.5613383879097803E-4	5.051482205908858E-4	4.001174024482264E-6	2.9708717131780805E-4	4.10120337509432E-5
68-69	4.841420569623539E-4	5.16151449158212E-4	4.001174024482264E-6	3.090906933912548E-4	4.201232725706377E-5
70-71	5.041479270847652E-4	5.391581997989851E-4	4.001174024482264E-6	3.210942154647017E-4	4.601350128154603E-5
72-73	5.091493946153681E-4	5.701672984887226E-4	4.001174024482264E-6	3.34098031044269E-4	4.901438179990773E-5
74-75	5.25154090713297E-4	5.841714075744105E-4	4.001174024482264E-6	3.400997920809924E-4	5.001467530602829E-5
76-77	5.381579062928644E-4	5.901731686111339E-4	4.001174024482264E-6	3.400997920809924E-4	5.001467530602829E-5
78-79	5.491611348601908E-4	5.961749296478573E-4	4.001174024482264E-6	3.431006725993541E-4	5.2015262318269424E-5
80-81	5.641655374519991E-4	6.001761036723396E-4	4.001174024482264E-6	3.531036076605598E-4	5.601643634275169E-5
82-83	5.971752231539779E-4	6.041772776968218E-4	4.001174024482264E-6	3.5610448817892143E-4	5.601643634275169E-5
84-85	6.121796257457864E-4	6.241831478192331E-4	4.001174024482264E-6	3.811118258319356E-4	5.601643634275169E-5
86-87	6.211822673008714E-4	6.441890179416444E-4	4.001174024482264E-6	4.321267946440845E-4	5.601643634275169E-5
88-89	6.231828543131126E-4	6.571928335212117E-4	5.00146753060283E-6	4.7313882839502766E-4	5.7016729848872254E-5
>>END_MODULE
