##FastQC	0.11.8
>>Basic Statistics	pass
#Measure	Value
Filename	reverse.gz
File type	Conventional base calls
Encoding	Sanger / Illumina 1.9
Total Sequences	85492431
Sequences flagged as poor quality	0
Sequence length	100
%GC	48
>>END_MODULE
>>Per base sequence quality	pass
#Base	Mean	Median	Lower Quartile	Upper Quartile	10th Percentile	90th Percentile
1	32.08639226787223	33.0	33.0	33.0	33.0	33.0
2	32.12202860391231	33.0	33.0	33.0	33.0	33.0
3	32.13956671790044	33.0	33.0	33.0	33.0	33.0
4	35.956473760817495	37.0	37.0	37.0	37.0	37.0
5	35.93967421513607	37.0	37.0	37.0	37.0	37.0
6	35.94596272505106	37.0	37.0	37.0	37.0	37.0
7	35.930854533777385	37.0	37.0	37.0	33.0	37.0
8	35.91404468309013	37.0	37.0	37.0	33.0	37.0
9	35.92703428915245	37.0	37.0	37.0	33.0	37.0
10-11	35.949887850305714	37.0	37.0	37.0	37.0	37.0
12-13	35.91031157483403	37.0	37.0	37.0	33.0	37.0
14-15	37.93911976839213	40.0	37.0	40.0	37.0	40.0
16-17	37.90974830859588	40.0	37.0	40.0	37.0	40.0
18-19	37.89066947341806	40.0	37.0	40.0	37.0	40.0
20-21	37.867706440585366	40.0	37.0	40.0	33.0	40.0
22-23	37.832228200412274	40.0	37.0	40.0	33.0	40.0
24-25	37.78116759248547	40.0	37.0	40.0	33.0	40.0
26-27	37.723303124928094	40.0	37.0	40.0	33.0	40.0
28-29	37.65347827107642	40.0	37.0	40.0	33.0	40.0
30-31	37.577642826649765	40.0	37.0	40.0	33.0	40.0
32-33	37.48406784689512	40.0	37.0	40.0	33.0	40.0
34-35	37.41311961874145	40.0	37.0	40.0	33.0	40.0
36-37	37.30928342065744	40.0	37.0	40.0	33.0	40.0
38-39	37.2023181385496	40.0	37.0	40.0	33.0	40.0
40-41	37.0781844476969	40.0	37.0	40.0	33.0	40.0
42-43	36.964369711278884	40.0	37.0	40.0	33.0	40.0
44-45	36.82279211945675	40.0	37.0	40.0	33.0	40.0
46-47	36.68236520844752	40.0	37.0	40.0	33.0	40.0
48-49	36.524937178356765	40.0	37.0	40.0	33.0	40.0
50-51	35.780780675192176	37.0	35.0	38.5	33.0	40.0
52-53	35.777501513555045	37.0	37.0	40.0	33.0	40.0
54-55	36.22531519778634	37.0	37.0	40.0	33.0	40.0
56-57	36.299595288148964	37.0	37.0	40.0	33.0	40.0
58-59	36.14849677745156	37.0	37.0	40.0	33.0	40.0
60-61	35.94639236542472	37.0	37.0	40.0	33.0	40.0
62-63	35.84308447726794	37.0	37.0	40.0	33.0	40.0
64-65	35.70531318146749	37.0	37.0	40.0	33.0	40.0
66-67	35.48683929107128	37.0	37.0	40.0	33.0	40.0
68-69	35.254218329573526	37.0	37.0	38.5	33.0	40.0
70-71	35.017374766194216	37.0	33.0	37.0	33.0	40.0
72-73	34.790962909921234	37.0	33.0	37.0	33.0	40.0
74-75	34.56593965610827	37.0	33.0	37.0	27.0	40.0
76-77	34.34150309165966	37.0	33.0	37.0	27.0	37.0
78-79	34.13731278152565	37.0	33.0	37.0	27.0	37.0
80-81	33.94275623066561	37.0	33.0	37.0	27.0	37.0
82-83	33.77601808398687	37.0	33.0	37.0	27.0	37.0
84-85	33.61384890318536	37.0	33.0	37.0	27.0	37.0
86-87	33.47235940103282	37.0	33.0	37.0	27.0	37.0
88-89	33.33853533770726	37.0	33.0	37.0	27.0	37.0
90-91	33.19748522532948	37.0	33.0	37.0	27.0	37.0
92-93	33.06734373362245	37.0	33.0	37.0	27.0	37.0
94-95	32.93817935765565	37.0	33.0	37.0	27.0	37.0
96-97	32.784393749430286	37.0	33.0	37.0	27.0	37.0
98-99	32.61220538927007	37.0	33.0	37.0	27.0	37.0
100	31.74295628580266	33.0	33.0	37.0	22.0	37.0
>>END_MODULE
>>Per sequence quality scores	pass
#Quality	Count
2	908957.0
3	82996.0
4	65142.0
5	62692.0
6	63175.0
7	67891.0
8	71488.0
9	77578.0
10	87842.0
11	93030.0
12	97064.0
13	98705.0
14	101914.0
15	106545.0
16	108748.0
17	112859.0
18	118622.0
19	125589.0
20	139619.0
21	159753.0
22	184846.0
23	223561.0
24	272542.0
25	336065.0
26	414248.0
27	514816.0
28	644923.0
29	820320.0
30	1058254.0
31	1408101.0
32	1936260.0
33	2773273.0
34	4056071.0
35	6271460.0
36	1.1534429E7
37	2.5582661E7
38	2.457714E7
39	133252.0
>>END_MODULE
>>Per base sequence content	fail
#Base	G	A	T	C
1	24.432045149870238	12.941674816969527	19.659351673067174	42.96692836009306
2	23.72083719725708	19.89864932987109	34.791242495720844	21.58927097715098
3	28.114340241264387	22.621769203371944	24.680848986034775	24.583041569328895
4	27.475844712751247	28.861201808491977	20.114587643364086	23.548365835392694
5	28.442120314804203	30.933802171226173	21.635877080970133	18.988200432999495
6	23.098331218983983	34.07903246356771	20.941205871816766	21.881430445631544
7	20.06251510467177	17.070860868337594	40.49464504470304	22.371978982287594
8	21.46729090878072	22.11704216683619	27.467885941421276	28.947780982961813
9	21.839724418499294	21.432469877578406	30.195559633820977	26.532246070101323
10-11	25.270580367879663	30.4677917003498	21.07281407870527	23.18881385306527
12-13	23.39119705347401	24.01139334053541	27.984520045941817	24.612889560048764
14-15	23.944742304612983	25.20024531678776	27.009209690017798	23.845802688581458
16-17	24.602624310440817	25.45033929219883	26.00612012536654	23.94091627199381
18-19	24.547222738097076	25.752324475716076	25.83047539509285	23.869977391093997
20-21	24.423729040372375	25.861874792471944	25.87891325272784	23.835482914427836
22-23	24.487573668818104	26.013460788932086	25.913615495870605	23.5853500463792
24-25	24.397749224806564	26.124921380925326	25.851964026157688	23.62536536811042
26-27	23.973691631941254	26.45795229830749	25.91054477891263	23.65781129083862
28-29	24.192392803139168	26.04233768745602	25.949108642593426	23.816160866811387
30-31	24.243071921877878	26.12180442876092	25.934060627107396	23.70106302225381
32-33	24.256726069044156	26.128036778228875	25.976573092523147	23.638664060203826
34-35	24.34034795551953	26.147121593044666	25.80572516155196	23.70680528988385
36-37	24.008028269288204	26.238332934635324	25.99035813877752	23.763280657298957
38-39	23.885396245725644	26.139620341063335	26.185704035373714	23.789279377837303
40-41	24.252124707881556	25.941057574379258	25.91750672233714	23.88931099540205
42-43	24.269138303351895	25.95990899615288	26.00551820935435	23.765434491140873
44-45	24.39795062688377	26.051911900019054	25.90202138545013	23.64811608764705
46-47	24.397955149804666	25.954696022624997	25.87874982521817	23.768599002352172
48-49	24.075664554883712	25.99551421110472	25.937810218984936	23.991011015026633
50-51	24.148219111864094	25.926844125697855	25.889101637052075	24.035835125385972
52-53	24.135078385870486	26.072543463920212	25.883087798514115	23.90929035169519
54-55	23.804653931634896	26.103977324824452	26.09857389446622	23.992794849074432
56-57	23.78191745250988	26.004881563012155	26.385434103172113	23.827766881305852
58-59	23.836726522788236	26.257044384677837	26.19700325571486	23.709225836819066
60-61	23.760627096090513	26.630801443503195	25.924563537802324	23.68400792260397
62-63	23.771728909744493	26.78142362196582	25.835740435056913	23.611107033232773
64-65	23.898034612796653	26.69671076152833	25.804302158087143	23.600952467587874
66-67	23.84623604606942	26.765886298971164	25.734612906920063	23.65326474803935
68-69	23.997348676071645	26.854820140404172	25.67548680404502	23.472344379479164
70-71	24.102213213295904	26.73828862908916	25.64533075093805	23.514167406676886
72-73	24.162896098566637	26.73841896300122	25.58688331553028	23.511801622901864
74-75	24.360912981288195	26.765540258851857	25.500337590135164	23.373209169724785
76-77	24.426388251334213	26.563637571077788	25.559188172836272	23.45078600475173
78-79	24.471203522053276	26.546147132617154	25.569873151383725	23.41277619394584
80-81	24.70178010622111	26.82871384824547	25.32868666269318	23.140819382840235
82-83	24.880999476429746	26.696063490964317	25.189228653282797	23.23370837932314
84-85	24.94739164821309	26.690197011096757	25.23593617120405	23.126475169486103
86-87	25.037747218532886	26.734833575767947	25.194432638376203	23.032986567322965
88-89	25.31429885082049	26.61290323052303	25.088311066860385	22.984486851796095
90-91	25.4500804264042	26.775307237824258	24.982251961893613	22.792360373877926
92-93	25.673682166449023	26.960408720549882	24.86261517466994	22.503293938331147
94-95	25.913532575420888	26.932693338171926	24.660826395578884	22.4929476908283
96-97	26.012074678527497	26.782055857151366	24.72850542903166	22.477364035289472
98-99	26.18748302474391	26.745055741538554	24.75484188784862	22.31261934586892
100	26.448540817143893	26.754977264543545	24.532228697955304	22.264253220357254
>>END_MODULE
>>Per sequence GC content	pass
#GC Content	Count
0	1071.0
1	946.5
2	744.0
3	665.0
4	690.0
5	791.5
6	887.5
7	980.0
8	1137.0
9	1369.0
10	1613.5
11	1861.5
12	2222.0
13	2763.5
14	3534.5
15	4558.5
16	6663.5
17	9961.0
18	15005.5
19	23345.0
20	38620.5
21	62259.0
22	95553.0
23	140863.0
24	204822.0
25	286416.0
26	384281.0
27	498612.0
28	628461.0
29	771205.0
30	909303.5
31	1039973.5
32	1173840.5
33	1295018.5
34	1412757.0
35	1570271.5
36	1728950.0
37	1882195.5
38	2020671.0
39	2154764.5
40	2283386.5
41	2419579.0
42	2594316.0
43	2734013.5
44	2806010.0
45	2846328.0
46	2856106.5
47	2821197.0
48	2819888.5
49	2847336.5
50	2853104.0
51	2810694.5
52	2739358.0
53	2662864.5
54	2568522.5
55	2493169.5
56	2408532.0
57	2289997.0
58	2200679.5
59	2117370.0
60	2002593.5
61	1874185.5
62	1713103.5
63	1528325.5
64	1354078.0
65	1178741.5
66	1011591.0
67	869434.0
68	731159.5
69	598786.5
70	476096.0
71	371892.5
72	292838.5
73	227937.0
74	177472.0
75	138657.5
76	106664.5
77	80947.5
78	60521.0
79	44305.0
80	30825.0
81	20464.0
82	13309.0
83	9011.5
84	6059.5
85	4305.0
86	3383.0
87	2715.0
88	2196.5
89	1863.0
90	1546.5
91	1280.5
92	1089.0
93	900.0
94	709.5
95	549.5
96	422.0
97	339.5
98	259.5
99	173.0
100	102.5
>>END_MODULE
>>Per base N content	pass
#Base	N-Count
1	0.2902654622138421
2	0.10935354031516545
3	0.1063626322662412
4	0.10346880883525232
5	0.09503297432260407
6	0.016153476791413265
7	0.02111064077707651
8	0.03693075472377198
9	0.02636841617008177
10-11	0.023390959604365442
12-13	0.025910480893916794
14-15	0.05306200732553738
16-17	0.07977372874096889
18-19	0.06753287902176978
20-21	0.048699632836502214
22-23	0.028899049554457046
24-25	0.01987427401614068
26-27	0.027136320407124697
28-29	0.025440263828735904
30-31	0.017282816533781803
32-33	0.012346122196478423
34-35	0.02539113667267223
36-37	0.036170453498977004
38-39	0.04459751530518532
40-41	0.04070652757552303
42-43	0.026736284993463342
44-45	0.016032413442542064
46-47	0.012706972854708039
48-49	0.012254886049503026
50-51	0.015406042202730204
52-53	0.009417792786825772
54-55	0.011342524579749054
56-57	0.010947752789951663
58-59	0.010950092178335646
60-61	0.007776711835460615
62-63	0.0047676735265604975
64-65	0.006594151007356429
66-67	0.007791333012860518
68-69	0.007115249769888986
70-71	0.005699919797578338
72-73	0.005568329200979208
74-75	0.004855400590959918
76-77	0.008641700690438901
78-79	0.010526662880834444
80-81	0.00683920194057881
82-83	0.002890314348412902
84-85	0.0031324410461553024
86-87	0.0023698004329763414
88-89	0.00152703576764591
90-91	0.003982223876637688
92-93	0.0033008770098021892
94-95	0.002331200524640597
96-97	0.0037412668730872796
98-99	0.0047138675937288535
100	0.0015147539786299913
>>END_MODULE
>>Sequence Length Distribution	pass
#Length	Count
100	8.5492431E7
>>END_MODULE
>>Sequence Duplication Levels	fail
#Total Deduplicated Percentage	27.769403480956754
#Duplication Level	Percentage of deduplicated	Percentage of total
1	48.96754505347437	13.597995160618579
2	20.464763526366518	11.365885510120783
3	10.977492178797894	9.145152285662576
4	5.972119645565916	6.633688002970735
5	3.4932969925077044	4.85033868318796
6	2.1838135644786427	3.6385919999516276
7	1.5017096549987767	2.919110692463658
8	1.0127364075969323	2.2498468737931114
9	0.7995879772934475	1.998367304398545
>10	4.1271188420077225	20.58682031414324
>50	0.2916525658920024	5.610671685682504
>100	0.1832672354546064	9.85803176847436
>500	0.01640705314385323	3.0950156472749444
>1k	0.00827037332128724	3.9713562704084984
>5k	1.68407000431505E-4	0.30014759126835777
>10k+	5.0522100129451505E-5	0.17898020958028665
>>END_MODULE
>>Overrepresented sequences	pass
>>END_MODULE
>>Adapter Content	warn
#Position	Illumina Universal Adapter	Illumina Small RNA 3' Adapter	Illumina Small RNA 5' Adapter	Nextera Transposase Sequence	SOLID Small RNA Adapter
1	9.708461793535852E-5	7.018165151953627E-6	0.0	1.1696941919922711E-6	0.0
2	1.497208565750107E-4	3.859990833574495E-5	0.0	6.08240979835981E-5	0.0
3	3.6728397628557315E-4	4.678776767969085E-5	0.0	6.08240979835981E-5	1.1696941919922711E-6
4	0.001669153611972971	4.795746187168312E-5	0.0	6.316348636758265E-5	2.3393883839845423E-6
5	0.002028249728914598	5.380593283164447E-5	0.0	6.316348636758265E-5	2.3393883839845423E-6
6	0.002793229730477544	5.380593283164447E-5	0.0	6.433318055957492E-5	2.3393883839845423E-6
7	0.003075126030747681	7.135134571152854E-5	0.0	6.667256894355946E-5	2.3393883839845423E-6
8	0.003698573035079562	8.53876760154358E-5	0.0	6.667256894355946E-5	2.3393883839845423E-6
9	0.0045290559113940745	9.006645278340489E-5	0.0	6.9011957327544E-5	2.3393883839845423E-6
10-11	0.007345094678615468	9.182099407139329E-5	0.0	7.018165151953628E-5	2.3393883839845423E-6
12-13	0.01092552860030381	1.03517935991316E-4	0.0	7.018165151953628E-5	4.6787767679690846E-6
14-15	0.015618341698576801	1.2398758435118074E-4	0.0	7.427558119150923E-5	7.018165151953627E-6
16-17	0.02034390623422558	1.608329513989373E-4	0.0	8.480282891943966E-5	9.942400631934305E-6
18-19	0.025623320969782693	1.678511165508909E-4	0.0	9.006645278340487E-5	1.0527247727930442E-5
20-21	0.030290400795831854	1.7603897589483684E-4	0.0	9.53300766473701E-5	1.6960565783887934E-5
22-23	0.03482121124851392	1.85396529430775E-4	0.0	9.825431212735078E-5	2.3393883839845425E-5
24-25	0.03894964689915064	1.9943285973468225E-4	4.6787767679690846E-6	1.1346033662325031E-4	2.3393883839845425E-5
26-27	0.042767528741813415	2.0937526036661654E-4	4.6787767679690846E-6	1.2457243144717688E-4	2.807266060781451E-5
28-29	0.046192978183062776	2.1990250809454697E-4	4.6787767679690846E-6	1.3217544369512665E-4	3.333628447177973E-5
30-31	0.04933302224146603	2.2399643776651993E-4	4.6787767679690846E-6	1.3743906755909186E-4	3.976960252773722E-5
32-33	0.052326269678774254	2.310146029184736E-4	8.187859343945898E-6	1.4153299723106483E-4	4.210899091172177E-5
34-35	0.055142308445995644	2.5674787514230355E-4	8.187859343945898E-6	1.4855116238301846E-4	4.3863532199710174E-5
36-37	0.0582969736817988	2.789720647901567E-4	8.187859343945898E-6	1.491360094790146E-4	4.5618073487698575E-5
38-39	0.06163235667026476	2.8423568865412193E-4	8.187859343945898E-6	1.497208565750107E-4	4.795746187168312E-5
40-41	0.06530812066860048	2.9476293638205236E-4	8.187859343945898E-6	1.5206024495899526E-4	5.08816973516638E-5
42-43	0.06926461127301434	3.0002656024601755E-4	8.187859343945898E-6	1.6375718687891796E-4	5.2051391543656066E-5
44-45	0.07399193034995111	3.1347804345392867E-4	8.187859343945898E-6	1.6492688107091024E-4	5.2636238639652204E-5
46-47	0.08039951513368476	3.204962086058823E-4	8.187859343945898E-6	1.6902081074288318E-4	5.2636238639652204E-5
48-49	0.09187596969841692	3.23420444085863E-4	8.187859343945898E-6	1.7428443460684842E-4	5.2636238639652204E-5
50-51	0.11158005320962273	3.3862646858176255E-4	8.187859343945898E-6	1.8188744685479816E-4	5.2636238639652204E-5
52-53	0.13756773392021102	3.643597408055925E-4	8.772706439942033E-6	1.824722939507943E-4	5.380593283164447E-5
54-55	0.16713116977571968	3.842445420694611E-4	9.357553535938169E-6	1.824722939507943E-4	5.439077992764061E-5
56-57	0.2113637404930034	4.035444962373336E-4	9.357553535938169E-6	1.85396529430775E-4	5.497562702363675E-5
58-59	0.29445472196246236	4.175808265412408E-4	9.357553535938169E-6	1.970934713506977E-4	5.7315015407621294E-5
60-61	0.43112530043741537	4.281080742691713E-4	9.357553535938169E-6	2.1288434294259337E-4	5.9069556695609695E-5
62-63	0.6043973647210945	4.6729282970091237E-4	9.357553535938169E-6	2.263358261505045E-4	5.965440379160583E-5
64-65	0.7860409303368623	4.836685483888041E-4	9.357553535938169E-6	2.3276914420646195E-4	6.023925088760197E-5
66-67	0.9891548176937441	4.947806432127307E-4	9.357553535938169E-6	2.514842512783383E-4	6.08240979835981E-5
68-69	1.2683444456036113	4.977048786927113E-4	9.357553535938169E-6	2.6610542867824165E-4	6.140894507959423E-5
70-71	1.6536984426141772	5.117412089966186E-4	9.357553535938169E-6	2.7838721769416055E-4	6.316348636758265E-5
72-73	2.124412042979571	5.25777539300526E-4	9.357553535938169E-6	2.9008415961408326E-4	6.316348636758265E-5
74-75	2.6385324099627017	5.509259644283597E-4	9.357553535938169E-6	3.011962544380098E-4	6.433318055957492E-5
76-77	3.146916596628303	5.585289766763095E-4	9.357553535938169E-6	3.1464773764592095E-4	6.491802765557105E-5
78-79	3.685515153967256	5.632077534442786E-4	9.357553535938169E-6	3.216659027978746E-4	7.135134571152854E-5
80-81	4.320735130341538	5.661319889242593E-4	9.357553535938169E-6	3.351173860057857E-4	7.486042828750535E-5
82-83	5.089125960168333	5.754895424601974E-4	9.357553535938169E-6	3.4505978663772E-4	7.486042828750535E-5
84-85	5.959636941427014	6.006379675880313E-4	9.357553535938169E-6	3.7079305886155E-4	7.486042828750535E-5
86-87	6.80278351191113	6.117500624119579E-4	9.357553535938169E-6	4.333716981331365E-4	7.544527538350149E-5
88-89	7.624188391601591	6.205227688518999E-4	9.942400631934305E-6	4.7255645356487756E-4	7.89543579594783E-5
>>END_MODULE
