##FastQC	0.11.8
>>Basic Statistics	pass
#Measure	Value
Filename	SRR3184301_2.gz
File type	Conventional base calls
Encoding	Sanger / Illumina 1.9
Total Sequences	61558766
Sequences flagged as poor quality	0
Sequence length	0-100
%GC	49
>>END_MODULE
>>Per base sequence quality	pass
#Base	Mean	Median	Lower Quartile	Upper Quartile	10th Percentile	90th Percentile
1	32.16503355113676	33.0	33.0	33.0	33.0	33.0
2	32.13679413392278	33.0	33.0	33.0	33.0	33.0
3	32.13857801642173	33.0	33.0	33.0	33.0	33.0
4	35.945352275884126	37.0	37.0	37.0	33.0	37.0
5	35.953368585372154	37.0	37.0	37.0	33.0	37.0
6	35.91238524117276	37.0	37.0	37.0	33.0	37.0
7	35.905550052477786	37.0	37.0	37.0	33.0	37.0
8	35.90090894439355	37.0	37.0	37.0	33.0	37.0
9	35.88667731153977	37.0	37.0	37.0	33.0	37.0
10-11	35.906627446371274	37.0	37.0	37.0	33.0	37.0
12-13	35.85561140933827	37.0	37.0	37.0	33.0	37.0
14-15	37.80451094742247	40.0	37.0	40.0	33.0	40.0
16-17	37.780359587540275	40.0	37.0	40.0	33.0	40.0
18-19	37.74722316126085	40.0	37.0	40.0	33.0	40.0
20-21	37.708794823040336	40.0	37.0	40.0	33.0	40.0
22-23	37.644202555849404	40.0	37.0	40.0	33.0	40.0
24-25	37.57233871729579	40.0	37.0	40.0	33.0	40.0
26-27	37.512848700905494	40.0	37.0	40.0	33.0	40.0
28-29	37.44228663650182	40.0	37.0	40.0	33.0	40.0
30-31	37.3677447875454	40.0	37.0	40.0	33.0	40.0
32-33	37.28334467432518	40.0	37.0	40.0	33.0	40.0
34-35	37.18036945807694	40.0	37.0	40.0	33.0	40.0
36-37	37.07899649529432	40.0	37.0	40.0	33.0	40.0
38-39	36.980625156943006	40.0	37.0	40.0	33.0	40.0
40-41	36.85718741079826	40.0	37.0	40.0	33.0	40.0
42-43	36.69614897205225	40.0	37.0	40.0	33.0	40.0
44-45	36.551086920451056	40.0	37.0	40.0	33.0	40.0
46-47	36.37999774856017	38.5	37.0	40.0	33.0	40.0
48-49	36.205606411204116	37.0	37.0	40.0	33.0	40.0
50-51	35.64650406017914	37.0	35.0	40.0	30.0	40.0
52-53	35.546020475137084	37.0	37.0	40.0	27.0	40.0
54-55	35.64379817849859	37.0	37.0	40.0	27.0	40.0
56-57	35.569355052098345	37.0	37.0	40.0	27.0	40.0
58-59	35.563458910526506	37.0	37.0	40.0	27.0	40.0
60-61	35.51711191917397	37.0	37.0	40.0	27.0	40.0
62-63	35.33747740852652	37.0	37.0	40.0	27.0	40.0
64-65	35.11835281990257	37.0	33.0	40.0	27.0	40.0
66-67	34.886122554538794	37.0	33.0	38.5	27.0	40.0
68-69	34.64250855723485	37.0	33.0	37.0	27.0	40.0
70-71	34.400260341435654	37.0	33.0	37.0	27.0	40.0
72-73	34.14866605162228	37.0	33.0	37.0	27.0	40.0
74-75	33.920230602342464	37.0	33.0	37.0	27.0	38.5
76-77	33.698268479204785	37.0	33.0	37.0	27.0	37.0
78-79	33.52986990528943	37.0	33.0	37.0	27.0	37.0
80-81	33.43805482236954	37.0	33.0	37.0	27.0	37.0
82-83	33.28991245462213	37.0	33.0	37.0	27.0	37.0
84-85	33.15057159677445	37.0	33.0	37.0	27.0	37.0
86-87	33.01798357335971	37.0	33.0	37.0	27.0	37.0
88-89	32.900139616867435	37.0	33.0	37.0	27.0	37.0
90-91	32.770229231806724	37.0	33.0	37.0	27.0	37.0
92-93	32.644467523876365	37.0	33.0	37.0	27.0	37.0
94-95	32.504240693532424	37.0	33.0	37.0	27.0	37.0
96-97	32.349616601273	37.0	33.0	37.0	24.5	37.0
98-99	32.18256728595085	37.0	33.0	37.0	22.0	37.0
100	31.35350847119448	33.0	33.0	37.0	22.0	37.0
>>END_MODULE
>>Per sequence quality scores	pass
#Quality	Count
2	338689.0
3	85967.0
4	75226.0
5	70718.0
6	72262.0
7	77659.0
8	82493.0
9	89332.0
10	98922.0
11	103072.0
12	107503.0
13	109198.0
14	110750.0
15	114243.0
16	117786.0
17	120312.0
18	124656.0
19	131019.0
20	140992.0
21	158733.0
22	185409.0
23	222107.0
24	272476.0
25	332021.0
26	406565.0
27	496136.0
28	610878.0
29	760298.0
30	963566.0
31	1247708.0
32	1656889.0
33	2246126.0
34	3095803.0
35	4526086.0
36	8002548.0
37	1.7587075E7
38	1.6547054E7
39	70442.0
>>END_MODULE
>>Per base sequence content	fail
#Base	G	A	T	C
1	26.300240913296978	12.898613128125842	14.1311092587011	46.670036699876086
2	23.9152870074537	19.258322303207283	36.54869792529664	20.277692764042374
3	28.277666473641787	22.576171739172775	23.321125824274088	25.825035962911347
4	28.294912298060936	29.972686404684207	18.803046018933465	22.92935527832139
5	29.32070620669256	31.27175250880302	20.2496750941984	19.157866190306024
6	23.032363166228738	33.84157244403426	20.790036332490946	22.33602805724605
7	19.995018638842087	16.94668195601015	39.72386975215617	23.3344296529916
8	21.018609495284153	20.954157278451984	28.00353869068607	30.023694535577793
9	21.947176324351027	20.58179159525014	30.43163803605118	27.039394044347652
10-11	25.599133813832353	29.728756197458452	20.875575298716058	23.796534689993134
12-13	23.547679003877345	23.49375846305843	27.49465251959286	25.463910013471363
14-15	24.247335197001604	24.733505078949705	26.430873323543132	24.588286400505556
16-17	25.026953371830363	24.978746182389195	25.363619009059978	24.63068143672046
18-19	24.6980041101669	25.34249156956013	25.20489626332882	24.754608056944146
20-21	24.72894538222848	25.419702294257302	25.3816023356667	24.469749987847525
22-23	24.57507326661933	25.703336068824083	25.51596461938328	24.205626045173307
24-25	24.508547180912565	25.64592378068884	25.43398625658772	24.411542781810873
26-27	24.28120178283229	25.694856879853724	25.631522127690232	24.392419209623757
28-29	24.403491717912885	25.462425595437566	25.56524298342796	24.56883970322159
30-31	24.264218411189294	25.636456080688223	25.52332152987035	24.576003978252132
32-33	24.31100978640911	25.65788371060988	25.54000485410766	24.49110164887335
34-35	24.696915149597956	25.613192604137403	25.234855165221305	24.455037081043336
36-37	24.420047412923566	25.594247600023273	25.38815341149056	24.597551575562605
38-39	24.331788170188588	25.631005122820806	25.535871351277585	24.501335355713024
40-41	24.480229494659234	25.584956735969943	25.410028089278075	24.524785680092748
42-43	24.267629202249246	25.501806622867196	25.595359359200643	24.63520481568292
44-45	24.28921328113198	25.64921793754527	25.664567072102535	24.397001709220216
46-47	24.47958596483622	25.620894881087835	25.438885876128193	24.460633277947753
48-49	24.377032283711976	25.564894110324314	25.464722096231952	24.593351509731757
50-51	24.420386518864998	25.524786954844696	25.52822384520545	24.526602681084857
52-53	24.38348920038601	25.793007751276253	25.2851449768792	24.53835807145854
54-55	24.32767926826893	25.624688896795544	25.469394562460586	24.578237272474937
56-57	24.27299633341517	25.58825327772955	25.603262675056985	24.53548771379829
58-59	24.38676866510602	25.63125573823699	25.47433458309518	24.507641013561813
60-61	24.28191279300503	25.611869683882688	25.547704113389702	24.558513409722583
62-63	24.273965176656834	25.72359945063452	25.62034111047437	24.38209426223427
64-65	24.40839381575445	25.696626072152174	25.456167796221923	24.438812315871452
66-67	24.293446559561644	25.67681044285422	25.45779064755658	24.571952350027555
68-69	24.35951693662255	25.75369814729896	25.545072144658633	24.341712771419857
70-71	24.39707838536275	25.671602598968384	25.493982180093095	24.43733683557577
72-73	24.373767296815945	25.733709559697743	25.418290991801978	24.474232151684337
74-75	24.423981790467728	25.826524448688314	25.455143819387537	24.294349941456414
76-77	24.465766233577906	25.665887045501208	25.48161610471026	24.386730616210635
78-79	24.372479659738783	25.51831020208765	25.648195844777995	24.461014293395568
80-81	24.420733305140335	25.74246753979757	25.57583891530485	24.260960239757246
82-83	24.487895465587105	25.642628301114133	25.50812751134452	24.361348721954244
84-85	24.433891183694183	25.647278886467795	25.512172314516064	24.406657615321958
86-87	24.34111883035431	25.791581637485777	25.565323482234863	24.301976049925045
88-89	24.445970964980575	25.64039965157059	25.46615809661098	24.447471286837853
90-91	24.334311745396214	25.66256800083758	25.501770136606723	24.501350117159486
92-93	24.364014626800536	25.79623174849453	25.58770326276603	24.252050361938903
94-95	24.513935792830985	25.701830490929993	25.339890170283397	24.444343545955626
96-97	24.445951278563964	25.384088368008328	25.500322608736646	24.669637744691062
98-99	23.79073748014165	25.045074173396443	26.20572995086195	24.958458395599955
100	25.263530875210407	24.273860054051877	25.39059037441883	25.07201869631889
>>END_MODULE
>>Per sequence GC content	pass
#GC Content	Count
0	294.0
1	274.5
2	269.0
3	292.5
4	343.5
5	417.0
6	482.5
7	558.5
8	672.0
9	792.0
10	900.5
11	1046.0
12	1214.5
13	1469.0
14	1882.0
15	2502.0
16	3474.5
17	4923.5
18	7669.5
19	12465.0
20	20551.5
21	32799.5
22	51058.0
23	75280.0
24	108195.5
25	150768.5
26	204090.5
27	267711.0
28	336831.5
29	415276.0
30	491974.0
31	568679.5
32	661775.5
33	753793.5
34	841724.0
35	951393.0
36	1086652.5
37	1243169.0
38	1387307.5
39	1521301.0
40	1620915.5
41	1689525.5
42	1824508.5
43	1978652.5
44	2045514.0
45	2106534.5
46	2172983.0
47	2177388.0
48	2171044.5
49	2163650.0
50	2177293.5
51	2170803.5
52	2098449.5
53	1996363.5
54	1900145.5
55	1855656.0
56	1780754.5
57	1671028.5
58	1600951.0
59	1536327.5
60	1455223.0
61	1351443.5
62	1235397.0
63	1130167.5
64	1029779.5
65	913881.0
66	801217.5
67	707572.0
68	606695.0
69	499693.5
70	405644.5
71	326235.5
72	270209.5
73	221110.0
74	178416.5
75	148200.0
76	121171.0
77	99665.0
78	78782.0
79	58074.0
80	42608.0
81	30133.5
82	20200.5
83	13354.0
84	8839.0
85	6299.0
86	4829.0
87	3729.0
88	2871.5
89	2319.0
90	1931.5
91	1628.5
92	1397.5
93	1169.5
94	978.0
95	865.5
96	771.5
97	684.0
98	617.0
99	578.0
100	699.0
>>END_MODULE
>>Per base N content	pass
#Base	N-Count
1	7.683720644024448E-4
2	8.122330748293275E-6
3	0.0
4	0.0
5	2.5991807577190226E-5
6	0.0
7	0.0
8	0.0
9	4.938510668645104E-4
10-11	1.8682086503470194E-5
12-13	0.0
14-15	0.0
16-17	4.7357291725677126E-4
18-19	0.0
20-21	0.0
22-23	0.0
24-25	4.874143640379443E-6
26-27	0.0
28-29	0.0
30-31	0.0
32-33	0.0
34-35	0.0
36-37	0.0
38-39	0.0
40-41	0.0
42-43	0.0
44-45	0.0
46-47	0.0
48-49	7.149915595246398E-5
50-51	0.0
52-53	3.851332989004664E-4
54-55	7.31278597563656E-6
56-57	1.9338618751181392E-4
58-59	0.0028943518900536314
60-61	1.137615253223323E-5
62-63	8.126034997841358E-7
64-65	9.605236638494177E-4
66-67	0.0
68-69	1.3327913098625858E-4
70-71	5.7702445005384454E-5
72-73	0.0
74-75	0.0
76-77	3.2595085269149487E-4
78-79	3.576782829517459E-4
80-81	0.0070892122238115675
82-83	0.005398897457325821
84-85	6.009760534219731E-4
86-87	3.554576751828415E-4
88-89	7.322611565479158E-6
90-91	4.883660741953251E-5
92-93	3.290109626697077E-4
94-95	0.0
96-97	7.365402305884863E-6
98-99	3.684992379435759E-5
100	7.570984343204379E-4
>>END_MODULE
>>Sequence Length Distribution	fail
#Length	Count
0-1	81.0
2-3	696.0
4-5	415.0
6-7	343.0
8-9	748.0
10-11	815.0
12-13	1002.0
14-15	1061.0
16-17	1077.0
18-19	1039.0
20-21	1066.0
22-23	931.0
24-25	933.0
26-27	857.0
28-29	875.0
30-31	832.0
32-33	729.0
34-35	847.0
36-37	879.0
38-39	835.0
40-41	742.0
42-43	842.0
44-45	814.0
46-47	899.0
48-49	958.0
50-51	1046.0
52-53	1081.0
54-55	1102.0
56-57	1271.0
58-59	1343.0
60-61	1578.0
62-63	1646.0
64-65	1810.0
66-67	1991.0
68-69	2368.0
70-71	2922.0
72-73	3283.0
74-75	3643.0
76-77	4328.0
78-79	5476.0
80-81	7201.0
82-83	10020.0
84-85	12603.0
86-87	15424.0
88-89	21635.0
90-91	31158.0
92-93	41460.0
94-95	117589.0
96-97	1544856.0
98-99	0.0
100-101	5.9701616E7
>>END_MODULE
>>Sequence Duplication Levels	fail
#Total Deduplicated Percentage	39.89730552849113
#Duplication Level	Percentage of deduplicated	Percentage of total
1	73.04441841283625	29.142754785678708
2	13.251349995594486	10.573863188784056
3	5.117995575911179	6.125826995567826
4	2.4722230095344284	3.9454014698384365
5	1.4805252650708136	2.953448442159029
6	0.9105500402306952	2.1797095892438367
7	0.6527246880185447	1.8229369412705456
8	0.46490954266744794	1.4838910453531404
9	0.3655018273322012	1.3124284268665176
>10	1.8926397345537387	13.924308229577885
>50	0.1785929170019429	4.968364210495818
>100	0.14546351071384897	11.648272743000964
>500	0.015219132830584492	4.133476526859522
>1k	0.007678241971199374	5.171194071080203
>5k	1.877032099639886E-4	0.5003546434434302
>10k+	2.0402522822172673E-5	0.11376869078031826
>>END_MODULE
>>Overrepresented sequences	pass
>>END_MODULE
>>Adapter Content	pass
#Position	Illumina Universal Adapter	Illumina Small RNA 3' Adapter	Illumina Small RNA 5' Adapter	Nextera Transposase Sequence	SOLID Small RNA Adapter
1	1.6244640121603478E-6	1.7869104133763825E-5	0.0	1.462017610944313E-5	1.6244640121603478E-6
2	1.6244640121603478E-6	6.0105168449932864E-5	0.0	6.172963246209321E-5	1.6244640121603478E-6
3	3.2489280243206955E-6	6.335409647425356E-5	0.0	6.660302449857426E-5	3.2489280243206955E-6
4	1.1371248085122434E-5	6.335409647425356E-5	0.0	7.634980857153634E-5	4.873392036481043E-6
5	1.2995712097282782E-5	6.497856048641391E-5	0.0	7.634980857153634E-5	4.873392036481043E-6
6	1.2995712097282782E-5	6.82274885107346E-5	0.0	7.797427258369669E-5	6.497856048641391E-6
7	1.462017610944313E-5	1.0396569677826226E-4	0.0	7.797427258369669E-5	8.12232006080174E-6
8	1.462017610944313E-5	1.12088016839064E-4	0.0	8.609659264449843E-5	9.746784072962086E-6
9	1.7869104133763825E-5	1.1858587288770538E-4	0.0	8.934552066881913E-5	9.746784072962086E-6
10-11	2.6803656200645736E-5	1.2995712097282783E-4	0.0	9.178221668705965E-5	1.2995712097282782E-5
12-13	3.086481623104661E-5	1.4782622510659164E-4	0.0	9.828007273570104E-5	1.705687212768365E-5
14-15	4.4672760334409564E-5	1.7462988130723738E-4	0.0	1.055901607904226E-4	1.7869104133763825E-5
16-17	5.766847243169234E-5	1.9818460948356243E-4	0.0	1.2264703291810626E-4	1.7869104133763825E-5
18-19	8.203543261409756E-5	2.1199255358692536E-4	0.0	1.3889167303970972E-4	1.7869104133763825E-5
20-21	1.0802685680866313E-4	2.2498826568420816E-4	1.6244640121603478E-6	1.49450689118752E-4	1.7869104133763825E-5
22-23	1.364549770214692E-4	2.3717174577541077E-4	1.6244640121603478E-6	1.5919747319171408E-4	1.8681336139844E-5
24-25	1.6407086522819513E-4	2.493552258666134E-4	1.6244640121603478E-6	1.7462988130723738E-4	2.0305800152004346E-5
26-27	1.9168675343492103E-4	2.542286179030944E-4	1.6244640121603478E-6	1.7950327334371842E-4	2.2742496170244868E-5
28-29	2.111803215808452E-4	2.5991424194565565E-4	1.6244640121603478E-6	1.8437666538019946E-4	2.8428120212806085E-5
30-31	2.3473504975717025E-4	2.7209772203685826E-4	2.4366960182405214E-6	1.8843782541060034E-4	2.924035221888626E-5
32-33	2.509796898787737E-4	2.8184450610982035E-4	3.2489280243206955E-6	1.892500574166805E-4	3.330151224928713E-5
34-35	2.6884879401253755E-4	2.8753013015238153E-4	3.2489280243206955E-6	1.957479134653219E-4	3.492597626144748E-5
36-37	2.8996682617062205E-4	3.0296253826790485E-4	3.2489280243206955E-6	2.0305800152004347E-4	3.655044027360782E-5
38-39	3.1433378635302726E-4	3.1514601835910746E-4	3.2489280243206955E-6	2.1036808957476503E-4	3.898713629184834E-5
40-41	3.3788851452935234E-4	3.3382735449895143E-4	3.2489280243206955E-6	2.168659456234064E-4	3.979936829792852E-5
42-43	3.6063101069959717E-4	3.435741385719135E-4	3.2489280243206955E-6	2.2742496170244868E-4	4.1423832310088864E-5
44-45	3.849979708820024E-4	3.638799387239179E-4	3.2489280243206955E-6	2.3311058574500992E-4	4.3048296322249214E-5
46-47	3.988059149853654E-4	3.776878828272808E-4	3.2489280243206955E-6	2.4042067379973148E-4	4.3860528328329386E-5
48-49	4.329196592407327E-4	3.906835949245636E-4	3.2489280243206955E-6	2.542286179030944E-4	4.5484992340489735E-5
50-51	4.459153713380154E-4	3.988059149853654E-4	3.2489280243206955E-6	2.623509379638962E-4	4.873392036481043E-5
52-53	4.7028233152042063E-4	4.353563552589732E-4	3.2489280243206955E-6	2.745344180550988E-4	4.873392036481043E-5
54-55	4.954615237089061E-4	4.7596795556298187E-4	3.2489280243206955E-6	2.8428120212806087E-4	5.117061638305095E-5
56-57	5.125183958365897E-4	5.003349157453871E-4	3.2489280243206955E-6	2.9971361024358413E-4	5.198284838913113E-5
58-59	5.376975880250751E-4	5.165795558669905E-4	3.2489280243206955E-6	3.1595825036518765E-4	5.198284838913113E-5
60-61	5.571911561709993E-4	5.247018759277924E-4	3.2489280243206955E-6	3.5575761866311613E-4	5.523177641345183E-5
62-63	5.815581163534045E-4	5.441954440737165E-4	3.2489280243206955E-6	3.78500114833361E-4	5.848070443777252E-5
64-65	6.083617725540502E-4	5.563789241649191E-4	4.06116003040087E-6	4.012426110036059E-4	6.0105168449932864E-5
66-67	6.343531967486158E-4	5.693746362622019E-4	4.873392036481043E-6	4.1667501911912916E-4	6.254186446817339E-5
68-69	6.465366768398184E-4	5.766847243169234E-4	4.873392036481043E-6	4.451031393319353E-4	6.416632848033374E-5
70-71	6.603446209431813E-4	5.92929364438527E-4	4.873392036481043E-6	4.589110834352983E-4	6.579079249249408E-5
72-73	6.806504210951857E-4	6.278553406999744E-4	4.873392036481043E-6	4.759679555629819E-4	6.660302449857426E-5
74-75	7.025806852593504E-4	6.489733728580589E-4	4.873392036481043E-6	4.938370596967457E-4	6.660302449857426E-5
76-77	7.196375573870341E-4	6.652180129796625E-4	4.873392036481043E-6	5.076450038001086E-4	6.985195252289496E-5
78-79	7.358821975086375E-4	6.741525650465443E-4	4.873392036481043E-6	5.117061638305095E-4	7.391311255329582E-5
80-81	7.513146056241607E-4	6.82274885107346E-4	4.873392036481043E-6	5.376975880250751E-4	7.878650458977686E-5
82-83	7.951751339524902E-4	6.887727411559874E-4	4.873392036481043E-6	5.450076760797967E-4	7.959873659585704E-5
84-85	8.276644141956971E-4	7.107030053201521E-4	4.873392036481043E-6	5.620645482074803E-4	8.447212863233808E-5
86-87	8.447212863233808E-4	7.253231814295952E-4	5.685624042561217E-6	6.327287327364554E-4	8.609659264449843E-5
88-89	8.45533518329461E-4	7.342577334964772E-4	7.310088054721565E-6	6.627813169614218E-4	8.69088246505786E-5
>>END_MODULE
