##FastQC	0.11.8
>>Basic Statistics	pass
#Measure	Value
Filename	forward.gz
File type	Conventional base calls
Encoding	Sanger / Illumina 1.9
Total Sequences	63320771
Sequences flagged as poor quality	0
Sequence length	100
%GC	47
>>END_MODULE
>>Per base sequence quality	pass
#Base	Mean	Median	Lower Quartile	Upper Quartile	10th Percentile	90th Percentile
1	32.5319265774575	33.0	33.0	33.0	33.0	33.0
2	32.587559254450646	33.0	33.0	33.0	33.0	33.0
3	31.886889548454803	33.0	33.0	33.0	33.0	33.0
4	36.12002737616697	37.0	37.0	37.0	33.0	37.0
5	36.33939706766994	37.0	37.0	37.0	33.0	37.0
6	36.36937985167616	37.0	37.0	37.0	37.0	37.0
7	36.34762193593632	37.0	37.0	37.0	37.0	37.0
8	36.30019184384221	37.0	37.0	37.0	33.0	37.0
9	36.33612727172889	37.0	37.0	37.0	37.0	37.0
10-11	36.34859795058402	37.0	37.0	37.0	37.0	37.0
12-13	36.31821765878372	37.0	37.0	37.0	35.0	37.0
14-15	38.240136518552504	40.0	37.0	40.0	37.0	40.0
16-17	38.208983162886625	40.0	37.0	40.0	33.0	40.0
18-19	38.163709795953054	40.0	37.0	40.0	33.0	40.0
20-21	38.123052078756274	40.0	37.0	40.0	33.0	40.0
22-23	38.04851888963891	40.0	37.0	40.0	33.0	40.0
24-25	37.95125782659848	40.0	37.0	40.0	33.0	40.0
26-27	37.79383221660393	40.0	37.0	40.0	33.0	40.0
28-29	37.64116995669556	40.0	37.0	40.0	33.0	40.0
30-31	37.51029278370599	40.0	37.0	40.0	33.0	40.0
32-33	37.364911744362686	40.0	37.0	40.0	33.0	40.0
34-35	37.346590812989305	40.0	37.0	40.0	33.0	40.0
36-37	37.30974315679131	40.0	37.0	40.0	33.0	40.0
38-39	37.34665373073237	40.0	37.0	40.0	33.0	40.0
40-41	37.36426512399857	40.0	37.0	40.0	33.0	40.0
42-43	37.281578725565424	40.0	37.0	40.0	33.0	40.0
44-45	37.160643843076386	40.0	37.0	40.0	33.0	40.0
46-47	37.00645507775008	40.0	37.0	40.0	33.0	40.0
48-49	36.84211942871005	40.0	37.0	40.0	33.0	40.0
50-51	36.689773218333045	37.0	37.0	40.0	33.0	40.0
52-53	36.504118688005235	37.0	37.0	40.0	33.0	40.0
54-55	36.32252596861147	37.0	37.0	40.0	33.0	40.0
56-57	36.10443048774627	37.0	37.0	40.0	33.0	40.0
58-59	35.90324738781213	37.0	37.0	40.0	33.0	40.0
60-61	35.68373977158301	37.0	37.0	40.0	33.0	40.0
62-63	35.434133453618244	37.0	33.0	40.0	27.0	40.0
64-65	35.17917912749357	37.0	33.0	40.0	27.0	40.0
66-67	34.92434508575393	37.0	33.0	37.0	27.0	40.0
68-69	34.65015930554604	37.0	33.0	37.0	27.0	40.0
70-71	34.37933836118326	37.0	33.0	37.0	27.0	40.0
72-73	34.08246205656593	37.0	33.0	37.0	27.0	40.0
74-75	33.83580369702068	37.0	33.0	37.0	27.0	37.0
76-77	32.93928686528469	35.0	33.0	37.0	27.0	37.0
78-79	33.32962624539111	37.0	33.0	37.0	27.0	37.0
80-81	33.247904735714606	37.0	33.0	37.0	27.0	37.0
82-83	33.08108168802935	37.0	33.0	37.0	27.0	37.0
84-85	32.8792953500203	37.0	33.0	37.0	27.0	37.0
86-87	32.67635030849514	37.0	33.0	37.0	27.0	37.0
88-89	32.51153091613493	37.0	33.0	37.0	27.0	37.0
90-91	32.34734655236589	33.0	33.0	37.0	27.0	37.0
92-93	32.15632764484185	33.0	33.0	37.0	24.5	37.0
94-95	31.91761152118631	33.0	33.0	37.0	22.0	37.0
96-97	31.615206651542508	33.0	33.0	37.0	22.0	37.0
98-99	31.256994707155414	33.0	33.0	37.0	18.5	37.0
100	29.006812630250508	33.0	27.0	37.0	2.0	37.0
>>END_MODULE
>>Per sequence quality scores	pass
#Quality	Count
2	222.0
3	171.0
4	353.0
5	824.0
6	2160.0
7	6212.0
8	17477.0
9	37891.0
10	57039.0
11	68204.0
12	78725.0
13	87491.0
14	96119.0
15	105329.0
16	116381.0
17	128382.0
18	140703.0
19	153342.0
20	167205.0
21	186666.0
22	213780.0
23	255282.0
24	312467.0
25	392275.0
26	494060.0
27	620783.0
28	783518.0
29	990190.0
30	1253923.0
31	1606649.0
32	2085753.0
33	2760793.0
34	3749434.0
35	5499567.0
36	9616392.0
37	1.8552312E7
38	1.2642467E7
39	40230.0
>>END_MODULE
>>Per base sequence content	warn
#Base	G	A	T	C
1	28.174379536418787	14.41187564794976	14.528627310811077	42.88511750482037
2	20.808101801092484	21.370481565003942	33.04771178035125	24.773704853552317
3	24.635448608892556	22.93053857804672	23.828455028815064	28.605557784245665
4	25.158720824798547	30.07295189125224	21.164355374005158	23.60397190994405
5	28.169626993328933	30.917805786035046	21.6217250418508	19.29084217878522
6	23.267936835450094	34.535541268125115	21.956114526779846	20.24040736964495
7	19.8513217724402	19.96326450289116	39.132972654423305	21.05244107024534
8	21.170588222192126	23.470649897347347	28.997668229557828	26.3610936509027
9	21.55599305637008	22.412846173335442	31.264987281977348	24.76617348831713
10-11	24.374025704772293	31.31258777629224	22.151900203489312	22.161486315446158
12-13	22.992952028332063	25.201257419938873	27.578321022022934	24.227469529706134
14-15	23.216501334990085	26.23520240894387	27.077694741032136	23.47060151503391
16-17	23.733095650072258	26.227044546770845	26.359973464594916	23.679886338561978
18-19	23.575106595325664	26.384417775423536	26.311024926223585	23.729450703027215
20-21	23.616431658791658	26.429701374256414	26.242810612921485	23.71105635403044
22-23	23.567340283412808	26.69343101555522	26.17194448167572	23.56728421935626
24-25	23.588098229270308	26.553142208071893	26.182988946388885	23.675770616268917
26-27	23.469436892632245	26.583989800852425	26.207096918435248	23.73947638808008
28-29	23.64590807915545	26.381052046780777	26.219694853941984	23.75334502012179
30-31	23.429831028269664	26.491580793717457	26.294532616388217	23.784055561624662
32-33	23.420646297490258	26.511751439725945	26.275907549131695	23.791694713652102
34-35	23.780694084781874	26.435211427737066	26.05239810616687	23.73169638131419
36-37	23.578855673377852	26.513939862520324	26.16113078078466	23.74607368331716
38-39	23.496448874606862	26.54503652495257	26.170656995628732	23.787857604811837
40-41	23.596859065451348	26.428789797451962	26.11532458764387	23.859026549452825
42-43	23.402833619975578	26.431342355681416	26.363945031141196	23.801878993201818
44-45	23.459898043704495	26.485448426617346	26.38752857269719	23.667124956980967
46-47	23.509841343708427	26.555106105961034	26.279206065409273	23.655846484921266
48-49	23.401236435503478	26.487488415638733	26.35181835765793	23.759456791199856
50-51	23.566701703696832	26.364968856100518	26.330907864828934	23.73742157537372
52-53	23.46036834079227	26.570152962498874	26.165429249707856	23.804049447000995
54-55	23.421213999506683	26.52633963525397	26.27350052730107	23.778945837938274
56-57	23.403808385999266	26.443497220265076	26.399039600383556	23.753654793352098
58-59	23.402672505067635	26.473675225384397	26.364047266927187	23.75960500262078
60-61	23.413965586048043	26.379787176896848	26.421117334006095	23.785129903049015
62-63	23.391371426488913	26.519560301339386	26.434883867022112	23.65418440514959
64-65	23.4064807745682	26.537272372389133	26.273885802984747	23.782361050057915
66-67	23.316850020015796	26.50405805458358	26.342822257916758	23.83626966748387
68-69	23.340005736259197	26.659205786715408	26.41303275688911	23.587755720136283
70-71	23.389445104111868	26.54359394273453	26.40129861063277	23.665662342520825
72-73	23.35615027246006	26.543743842138916	26.364473833102846	23.73563205229818
74-75	23.42700482043054	26.627186595871173	26.378494621040666	23.56731396265762
76-77	23.42749512742344	26.55371137634078	26.379902925775976	23.638890570459804
78-79	23.293494785930275	26.43470237170435	26.525308715214447	23.746494127150928
80-81	23.37604561641415	26.58095418748755	26.42821498927761	23.61478520682069
82-83	23.49317709193296	26.566139616823165	26.337331762757266	23.60335152848661
84-85	23.444285723367024	26.52327229207349	26.333086019054402	23.699355965505088
86-87	23.4185262898738	26.60824791881148	26.374497168215207	23.598728623099518
88-89	23.390118054883775	26.588709167398033	26.300267099453002	23.72090567826519
90-91	23.326978990294762	26.57783543764011	26.377747070084105	23.717438501981018
92-93	23.298713439370708	26.78131605684373	26.35948685150703	23.56048365227853
94-95	23.412685855894267	26.69966153207774	26.255516875157298	23.632135736870698
96-97	23.45575600804674	26.482410992005445	26.248534133509118	23.813298866438696
98-99	23.428348517896303	26.493407301494642	26.446520411503233	23.63172376910582
100	22.863047772452866	26.837464444635113	26.087444857806414	24.212042925105607
>>END_MODULE
>>Per sequence GC content	pass
#GC Content	Count
0	1319.0
1	804.5
2	232.5
3	177.5
4	187.5
5	221.5
6	254.5
7	275.0
8	352.0
9	464.5
10	568.0
11	763.0
12	1069.5
13	1462.5
14	2108.0
15	3213.5
16	5301.0
17	8589.0
18	13853.0
19	23070.5
20	38533.5
21	61967.0
22	96066.0
23	141345.0
24	201794.0
25	273509.5
26	356611.0
27	453917.5
28	554523.5
29	651388.0
30	741081.5
31	835571.5
32	933416.0
33	999931.5
34	1071441.5
35	1187126.0
36	1316957.5
37	1475235.5
38	1549038.0
39	1597834.0
40	1698348.5
41	1771134.5
42	1907631.0
43	2075982.0
44	2140056.5
45	2175694.5
46	2216751.0
47	2245987.0
48	2313749.0
49	2363630.5
50	2359647.5
51	2264658.5
52	2102613.0
53	1964559.5
54	1853126.5
55	1760149.0
56	1651360.0
57	1526180.5
58	1449507.5
59	1386221.5
60	1286621.0
61	1175464.5
62	1064331.5
63	963370.0
64	868691.5
65	754244.5
66	648730.5
67	561428.5
68	474414.0
69	384547.5
70	303153.5
71	235996.5
72	183530.5
73	143722.0
74	114302.5
75	89916.5
76	68711.0
77	50238.5
78	35631.0
79	25782.5
80	18002.0
81	11951.0
82	8114.5
83	5692.0
84	4091.0
85	3013.0
86	2291.5
87	1765.0
88	1304.5
89	994.0
90	753.5
91	591.0
92	476.5
93	340.5
94	231.0
95	165.5
96	111.5
97	68.0
98	38.5
99	25.0
100	15.5
>>END_MODULE
>>Per base N content	pass
#Base	N-Count
1	0.07446845522458974
2	5.6853382281147526E-5
3	1.0896898270553276E-4
4	0.0
5	0.0
6	0.0
7	0.0
8	0.026076751339619668
9	0.0
10-11	0.0
12-13	0.0
14-15	1.200238070379781E-4
16-17	1.373956738461065E-4
18-19	8.993889224753754E-4
20-21	1.4450234663124996E-4
22-23	5.432656529087429E-4
24-25	5.96960513952049E-4
26-27	0.00648602336190758
28-29	0.015286453160843542
30-31	0.020377199765934623
32-33	0.03392962476720317
34-35	0.0506792628914768
36-37	0.04696957969763192
38-39	0.059480482320722214
40-41	0.052692030550291306
42-43	0.04219073706477769
44-45	0.05500722661762915
46-47	0.06498657446858946
48-49	0.08768370808371868
50-51	0.08662165531749447
52-53	0.09352302422217822
54-55	0.0931747972557062
56-57	0.049404009941698274
58-59	0.009030212218988932
60-61	0.011746540483532646
62-63	0.007033237166363625
64-65	0.002642103015454439
66-67	0.0012239269796635926
68-69	0.0039520996988492135
70-71	0.0022212300605120557
72-73	0.003657567593420491
74-75	0.0048743879002989396
76-77	0.005770618301536474
78-79	0.004593279510131044
80-81	0.004795424869352902
82-83	0.005450818026205019
84-85	0.006156747522862601
86-87	0.00964612386036803
88-89	0.03927937011379726
90-91	0.05722056037504661
92-93	0.04942059217819695
94-95	0.033360301314082234
96-97	0.01055419871624747
98-99	0.002156480375136304
100	2.495231777894808E-4
>>END_MODULE
>>Sequence Length Distribution	pass
#Length	Count
100	6.3320771E7
>>END_MODULE
>>Sequence Duplication Levels	fail
#Total Deduplicated Percentage	35.765718137725514
#Duplication Level	Percentage of deduplicated	Percentage of total
1	71.05191071301238	25.41222611708441
2	14.232076114614916	10.180408456599457
3	5.240822557470065	5.623253472009244
4	2.6592213234311752	3.8043584127867534
5	1.5790270343547574	2.8237517921290443
6	1.0385425183582309	2.228653139138647
7	0.7178544638761498	1.7972206293231703
8	0.517128622537261	1.479638124369434
9	0.39592552437623757	1.2744504637534517
>10	2.182122465125241	14.559103086817334
>50	0.19633786635085893	4.9033205687507495
>100	0.15813133814273783	11.516900984413326
>500	0.018179284490998395	4.49624060999306
>1k	0.012028720304988262	8.028221486724451
>5k	6.07238057062491E-4	1.4281608732757491
>10k+	8.4215496964871E-5	0.44409178283153544
>>END_MODULE
>>Overrepresented sequences	pass
>>END_MODULE
>>Adapter Content	pass
#Position	Illumina Universal Adapter	Illumina Small RNA 3' Adapter	Illumina Small RNA 5' Adapter	Nextera Transposase Sequence	SOLID Small RNA Adapter
1	1.8951127427049176E-5	1.5792606189207646E-6	0.0	0.0	1.5792606189207646E-6
2	2.6847430521652998E-5	1.4213345570286881E-5	0.0	1.4213345570286881E-5	1.5792606189207646E-6
3	5.0536339805464466E-5	1.4213345570286881E-5	0.0	1.5792606189207646E-5	6.317042475683058E-6
4	2.4004761407595622E-4	1.4213345570286881E-5	0.0	1.737186680812841E-5	6.317042475683058E-6
5	2.9532173573818297E-4	1.4213345570286881E-5	0.0	1.737186680812841E-5	6.317042475683058E-6
6	4.2955888834644797E-4	1.737186680812841E-5	0.0	2.0530388045969938E-5	7.896303094603823E-6
7	4.7851596753299165E-4	2.5268169902732233E-5	0.0	2.2109648664890703E-5	7.896303094603823E-6
8	6.001190351898906E-4	3.632299423517759E-5	0.0	2.3688909283811468E-5	7.896303094603823E-6
9	7.027709754197402E-4	4.579855794870217E-5	0.0	2.5268169902732233E-5	9.475563713524588E-6
10-11	0.0010912690876742482	5.132597011492485E-5	0.0	2.6847430521652998E-5	9.475563713524588E-6
12-13	0.0015153005638544738	5.6853382281147526E-5	0.0	3.0005951759494528E-5	1.0265194022984969E-5
14-15	0.0020522491742875335	7.106672785143441E-5	0.0	3.316447299733606E-5	1.1054824332445351E-5
16-17	0.002658685251953107	7.97526612554986E-5	0.0	3.474373361625682E-5	1.1054824332445351E-5
18-19	0.003224060553526741	8.212155218387975E-5	0.0	3.5533363925717205E-5	1.1844454641905734E-5
20-21	0.003805228461289582	8.44904431122609E-5	0.0	4.185040640140026E-5	1.4213345570286881E-5
22-23	0.004497734242686338	9.159711589740434E-5	0.0	5.211560042438523E-5	1.4213345570286881E-5
24-25	0.005247883036673701	1.0107267961092893E-4	0.0	5.922227320952867E-5	1.4213345570286881E-5
26-27	0.0061164763770801215	1.0581046146769123E-4	0.0	6.71185763041325E-5	1.4213345570286881E-5
28-29	0.0070592949665758175	1.1212750394337429E-4	0.0	7.185635816089479E-5	2.132001835543032E-5
30-31	0.008235054497362327	1.1449639487175543E-4	0.0	7.501487939873632E-5	2.3688909283811468E-5
32-33	0.009600325302419327	1.1844454641905735E-4	0.0	7.58045097081967E-5	2.763706083111338E-5
34-35	0.011091147326680529	1.247615888947404E-4	0.0	7.58045097081967E-5	3.0005951759494528E-5
36-37	0.012670407945601293	1.34237152608265E-4	0.0	7.659414001765709E-5	3.316447299733606E-5
38-39	0.014406804996104675	1.4055419508394806E-4	0.0	7.97526612554986E-5	3.316447299733606E-5
40-41	0.01623243027157708	1.4687123755963112E-4	0.0	8.291118249334013E-5	3.316447299733606E-5
42-43	0.018052528134883263	1.555571709636953E-4	0.0	8.764896435010243E-5	3.316447299733606E-5
44-45	0.020026603908534217	1.7056014684344256E-4	0.0	9.159711589740434E-5	3.474373361625682E-5
46-47	0.022074904931274446	1.8161497117588792E-4	0.0	9.159711589740434E-5	3.948151547301911E-5
48-49	0.02406556294142407	1.8477349241372945E-4	0.0	9.475563713524587E-5	4.1060776091939876E-5
50-51	0.026402868657426803	1.910905348894125E-4	0.0	1.0028304930146855E-4	4.264003671086064E-5
52-53	0.028853091507682366	1.9424905612725404E-4	0.0	1.0344157053931008E-4	4.4219297329781406E-5
54-55	0.031594687942128816	2.053038804596994E-4	0.0	1.0423120084877046E-4	4.4219297329781406E-5
56-57	0.03440024443164155	2.1477944417322398E-4	0.0	1.0660009177715161E-4	4.7377818567622936E-5
58-59	0.03747980263853705	2.2030685633944665E-4	0.0	1.113378736339139E-4	4.7377818567622936E-5
60-61	0.04102761161894254	2.266238988151297E-4	0.0	1.2160306765689888E-4	4.7377818567622936E-5
62-63	0.045004189857385024	2.368890928381147E-4	0.0	1.2634084951366117E-4	4.89570791865437E-5
64-65	0.04940085142046044	2.447853959327185E-4	0.0	1.2634084951366117E-4	5.132597011492485E-5
66-67	0.05418916961702819	2.503128080989412E-4	0.0	1.2870974044204233E-4	5.527412166222676E-5
68-69	0.05917410576065159	2.5189206871786195E-4	0.0	1.34237152608265E-4	5.606375197168714E-5
70-71	0.06499920855354083	2.5662985057462427E-4	0.0	1.3818530415556692E-4	5.6853382281147526E-5
72-73	0.0714275889028578	2.6136763243138654E-4	0.0	1.4687123755963112E-4	5.764301259060791E-5
74-75	0.07829895185578205	2.708431961449111E-4	0.0	1.5002975879747265E-4	5.843264290006829E-5
76-77	0.08566304412180957	2.787394992395149E-4	0.0	1.555571709636953E-4	5.843264290006829E-5
78-79	0.09374175181789873	2.803187598584357E-4	0.0	1.5634680127315568E-4	5.843264290006829E-5
80-81	0.1031880992099733	2.897943235719603E-4	0.0	1.650327346772199E-4	6.553931568521173E-5
82-83	0.11470485727345298	2.9453210542872263E-4	0.0	1.6582236498668027E-4	6.790820661359288E-5
84-85	0.12851075360405828	2.9611136604764337E-4	0.0	1.737186680812841E-4	6.948746723251365E-5
86-87	0.14421965898046313	3.0163877821386603E-4	0.0	2.1083129262592206E-4	7.106672785143441E-5
88-89	0.16198476168270282	3.0400766914224716E-4	0.0	2.282031594340505E-4	7.422524908927594E-5
>>END_MODULE
