##FastQC	0.11.8
>>Basic Statistics	pass
#Measure	Value
Filename	SRR3184297_2.gz
File type	Conventional base calls
Encoding	Sanger / Illumina 1.9
Total Sequences	60601066
Sequences flagged as poor quality	0
Sequence length	0-100
%GC	49
>>END_MODULE
>>Per base sequence quality	pass
#Base	Mean	Median	Lower Quartile	Upper Quartile	10th Percentile	90th Percentile
1	30.72567877496642	33.0	33.0	33.0	27.0	33.0
2	30.67436323911576	33.0	33.0	33.0	27.0	33.0
3	30.70568317166939	33.0	33.0	33.0	27.0	33.0
4	34.341037054364726	37.0	37.0	37.0	27.0	37.0
5	34.327548732774595	37.0	37.0	37.0	27.0	37.0
6	34.27094757198258	37.0	37.0	37.0	27.0	37.0
7	34.05514546570762	37.0	37.0	37.0	27.0	37.0
8	34.07848352359365	37.0	37.0	37.0	27.0	37.0
9	34.09383907080622	37.0	37.0	37.0	27.0	37.0
10-11	34.176984717680995	37.0	37.0	37.0	27.0	37.0
12-13	34.06364485955305	37.0	37.0	37.0	27.0	37.0
14-15	35.637791649432444	40.0	37.0	40.0	27.0	40.0
16-17	35.54293025058877	40.0	37.0	40.0	27.0	40.0
18-19	35.48712492023094	40.0	37.0	40.0	27.0	40.0
20-21	35.41514840530146	40.0	37.0	40.0	27.0	40.0
22-23	35.372194795148665	40.0	37.0	40.0	27.0	40.0
24-25	35.26161043096652	40.0	37.0	40.0	27.0	40.0
26-27	35.170873062253655	40.0	37.0	40.0	27.0	40.0
28-29	35.03247407233127	40.0	37.0	40.0	27.0	40.0
30-31	34.92567650845002	38.5	37.0	40.0	27.0	40.0
32-33	34.74849083758927	37.0	37.0	40.0	22.0	40.0
34-35	34.57091796055517	37.0	37.0	40.0	22.0	40.0
36-37	34.41472874943753	37.0	35.0	40.0	22.0	40.0
38-39	34.19647812692213	37.0	33.0	40.0	22.0	40.0
40-41	34.00223824724286	37.0	33.0	40.0	22.0	40.0
42-43	33.929358283812064	37.0	33.0	40.0	22.0	40.0
44-45	33.94013607878279	37.0	33.0	40.0	22.0	40.0
46-47	33.83171608286992	37.0	33.0	40.0	22.0	40.0
48-49	33.89982503726875	37.0	33.0	40.0	22.0	40.0
50-51	33.37877277140587	37.0	33.0	38.5	18.5	40.0
52-53	33.34809764628934	37.0	33.0	40.0	22.0	40.0
54-55	33.56461322488404	37.0	33.0	40.0	22.0	40.0
56-57	33.46185707743669	37.0	33.0	40.0	22.0	40.0
58-59	33.266346178436066	37.0	33.0	40.0	15.0	40.0
60-61	33.02642862536627	37.0	33.0	40.0	15.0	40.0
62-63	32.75348383538652	37.0	33.0	38.5	15.0	40.0
64-65	32.50172466968398	37.0	33.0	37.0	15.0	40.0
66-67	32.27078400287172	37.0	33.0	37.0	15.0	40.0
68-69	32.020073684131205	37.0	33.0	37.0	15.0	40.0
70-71	31.729072112763667	37.0	33.0	37.0	6.0	40.0
72-73	31.493858983675086	37.0	33.0	37.0	6.0	37.0
74-75	31.28389199008361	37.0	33.0	37.0	6.0	37.0
76-77	31.064660659421893	37.0	33.0	37.0	4.0	37.0
78-79	30.84755089056371	37.0	33.0	37.0	2.0	37.0
80-81	30.670695572091237	37.0	33.0	37.0	2.0	37.0
82-83	30.478856845222737	33.0	33.0	37.0	2.0	37.0
84-85	30.300644700093947	33.0	33.0	37.0	2.0	37.0
86-87	30.08097141697936	33.0	33.0	37.0	2.0	37.0
88-89	29.91865931572539	33.0	33.0	37.0	2.0	37.0
90-91	29.74495692128916	33.0	33.0	37.0	2.0	37.0
92-93	29.5696957255299	33.0	27.0	37.0	2.0	37.0
94-95	29.352617409112824	33.0	27.0	37.0	2.0	37.0
96-97	29.095813891867643	33.0	27.0	37.0	2.0	37.0
98-99	28.813369626279666	33.0	27.0	37.0	2.0	37.0
100	27.171024166252856	33.0	27.0	37.0	2.0	37.0
>>END_MODULE
>>Per sequence quality scores	pass
#Quality	Count
2	2271637.0
3	329159.0
4	228399.0
5	208615.0
6	190153.0
7	179293.0
8	173243.0
9	176357.0
10	177868.0
11	174051.0
12	173501.0
13	177639.0
14	181312.0
15	184632.0
16	187726.0
17	191687.0
18	196727.0
19	202564.0
20	215168.0
21	239325.0
22	278961.0
23	333071.0
24	404021.0
25	489430.0
26	590002.0
27	712988.0
28	854790.0
29	1035398.0
30	1268678.0
31	1586756.0
32	2031764.0
33	2675900.0
34	3583113.0
35	5092525.0
36	8444644.0
37	1.4966772E7
38	1.0150147E7
39	43033.0
>>END_MODULE
>>Per base sequence content	warn
#Base	G	A	T	C
1	39.23081925529045	13.870888604585046	10.760152023111019	36.138140117013485
2	25.832293816055486	19.46108355062194	29.48660703788194	25.220015595440643
3	29.482901442913008	20.82075516220684	22.409404990213037	27.286938404667115
4	30.087489910014746	27.755548838020328	19.60900072640798	22.54796052555694
5	29.373981244502968	30.74937170900102	20.22150991156897	19.65513713492704
6	24.47941729918538	32.76494244089876	21.16253764262879	21.593102617287066
7	21.75428701589677	19.384767317327643	36.90744793961292	21.95349772716266
8	22.299371072088306	22.505662265373143	27.579261608087492	27.615705054451062
9	22.822286237655746	22.197037312990496	29.444235132473136	25.53644131688062
10-11	26.048620550905717	29.6338050374037	21.44736396563826	22.870210446052326
12-13	24.707867592791604	23.860175321275886	26.57956598310153	24.85239110283097
14-15	24.686117627582945	25.02378924991086	26.245570306765277	24.044522815740915
16-17	25.25678512092235	25.138936951757557	25.352430011838695	24.251847915481402
18-19	25.180445702357634	25.22536601323767	25.278671855866612	24.315516428538082
20-21	25.02783621045546	25.360618224028237	25.327566926999367	24.28397863851693
22-23	25.2068844724524	25.515140061175856	25.03417652183947	24.24379894453227
24-25	25.235717448757526	25.332129854692887	25.04699941821836	24.385153278331234
26-27	24.798615011469057	25.60998196937562	25.189044067817644	24.40235895133768
28-29	25.132082747802702	25.31586927824915	25.173822033964942	24.378225939983206
30-31	24.900940388049104	25.446750994573293	25.270333756926792	24.381974860450807
32-33	24.854371734344706	25.444510834187806	25.258201018314434	24.44291641315305
34-35	25.28823811636538	25.33092373966262	24.984390412992195	24.396447730979805
36-37	25.06549294144055	25.423438393742426	25.078547217804463	24.43252144701257
38-39	24.79652033558858	25.518672829191285	25.14900139539758	24.53580543982255
40-41	25.11387856664109	25.347884969927172	24.972794261438857	24.565442201992877
42-43	24.939229756808114	25.310041297357877	25.20553034300164	24.545198602832365
44-45	24.92655895607893	25.400234966777685	25.262841055380324	24.41036502176306
46-47	25.035171727164297	25.441370236700234	25.062532214324563	24.460925821810903
48-49	24.785759946446127	25.43306820429046	25.255240483697012	24.5259313655664
50-51	24.85846358342704	25.40891630322032	25.287537867757713	24.445082245594925
52-53	24.878623125996775	25.516810658877375	25.0356758253615	24.568890389764345
54-55	24.785721825831867	25.498011207031805	25.112090539043653	24.604176428092668
56-57	24.63985426216005	25.387369319524026	25.396549906759226	24.576226511556698
58-59	24.716626881439733	25.48880807987696	25.291297368067067	24.503267670616243
60-61	24.791378890724886	25.29395336117829	25.332214758591366	24.58245298950546
62-63	24.65626365177161	25.506183608154952	25.394418724456052	24.44313401561738
64-65	24.85048329805829	25.555163601458496	25.1198510270642	24.474502073419014
66-67	24.713769062579377	25.401743534279785	25.221116047127744	24.66337135601309
68-69	24.653728595746742	25.626368774361257	25.31478822653737	24.405114403354627
70-71	24.829410487584795	25.50276457860008	25.159718295404073	24.508106638411054
72-73	24.682880136982426	25.42472736170693	25.26113228905602	24.631260212254624
74-75	24.75014268176548	25.518929284883114	25.295516391554884	24.435411641796527
76-77	24.828792585105422	25.472975640852134	25.18829993244341	24.509931841599037
78-79	24.770319869808073	25.258576759171287	25.33152369151074	24.639579679509904
80-81	24.747756815430197	25.524021287654662	25.286678037233557	24.441543859681587
82-83	24.96463805667353	25.421898226374832	25.12858201246921	24.484881704482433
84-85	24.95287338172581	25.251265940126206	25.10666084961847	24.689199828529514
86-87	24.78097536270693	25.3981007921557	25.22450952074434	24.596414324393034
88-89	24.88699914755944	25.40487908976376	25.106979194529117	24.601142568147687
90-91	24.8049866347901	25.324769195715984	25.24297319641041	24.6272709730835
92-93	24.725626465037884	25.499752394256557	25.20806358572752	24.566557554978036
94-95	24.863300307964572	25.4779948470061	25.04680751635894	24.611897328670388
96-97	24.943789603629178	25.04953557021672	25.209433058449388	24.797241767704715
98-99	24.360219188136032	24.723099841221195	25.87732671243045	25.039354258212327
100	26.073000253591605	23.872682580650746	24.849924622929993	25.204392542827648
>>END_MODULE
>>Per sequence GC content	pass
#GC Content	Count
0	3477.0
1	2885.0
2	2485.0
3	3012.5
4	3575.5
5	4096.0
6	4655.0
7	5264.5
8	5908.5
9	6469.0
10	7087.0
11	7844.0
12	8659.0
13	9532.0
14	10671.5
15	12151.5
16	14103.0
17	16537.5
18	19844.5
19	25455.5
20	35636.0
21	50814.0
22	72398.5
23	101034.0
24	135316.5
25	172869.0
26	221164.5
27	282262.5
28	347502.5
29	412169.0
30	475121.0
31	550192.5
32	635417.5
33	706665.5
34	770062.0
35	859002.5
36	983156.0
37	1116132.5
38	1208134.0
39	1289684.0
40	1387812.5
41	1511691.5
42	1704752.5
43	1876876.5
44	1943963.5
45	1989266.5
46	2042124.5
47	2041348.0
48	2051327.5
49	2126135.0
50	2152407.0
51	2081019.5
52	1992297.0
53	1922152.5
54	1860678.5
55	1828696.5
56	1762087.0
57	1659053.0
58	1608420.5
59	1567477.0
60	1488731.0
61	1414043.5
62	1339095.0
63	1236622.5
64	1137204.5
65	1024304.5
66	900072.5
67	793478.5
68	691360.0
69	580032.0
70	478997.5
71	389019.0
72	303902.0
73	236732.0
74	187282.5
75	149506.0
76	119833.0
77	94221.5
78	73051.5
79	58541.0
80	47590.5
81	38657.0
82	32154.0
83	27950.5
84	24477.0
85	21448.5
86	19190.5
87	17127.0
88	15231.5
89	13646.0
90	12190.0
91	10843.0
92	9479.0
93	8203.0
94	7106.5
95	6078.5
96	5025.0
97	3950.0
98	3012.0
99	2136.5
100	1363.0
>>END_MODULE
>>Per base N content	pass
#Base	N-Count
1	0.0
2	0.0
3	0.0
4	0.0
5	0.0
6	0.0
7	0.3025999057570384
8	0.0
9	0.0
10-11	0.0
12-13	8.25080057517981E-6
14-15	0.0
16-17	5.536349766611091E-4
18-19	0.0011188284789901421
20-21	8.135485369988012E-4
22-23	2.0627653283472722E-5
24-25	0.004744398696889428
26-27	0.0
28-29	2.8714500100562634E-4
30-31	0.0
32-33	0.0
34-35	0.0
36-37	8.251754902778112E-7
38-39	1.7494013581559963E-4
40-41	9.077235922907002E-5
42-43	0.0018435391158152037
44-45	3.2184187032510757E-4
46-47	7.8399114509235E-5
48-49	0.031275379214695094
50-51	0.036615022011392086
52-53	0.003002504441940395
54-55	3.796573328461614E-4
56-57	2.3935715732704942E-5
58-59	0.0
60-61	0.0
62-63	0.0
64-65	2.559093070623993E-5
66-67	5.7788904545187325E-6
68-69	8.833957123538729E-5
70-71	0.0017289283288944158
72-73	1.0982072221244663E-4
74-75	1.816733911283185E-5
76-77	1.6930206388630724E-4
78-79	0.0
80-81	0.0
82-83	0.0
84-85	3.222755602965137E-5
86-87	6.942885624274272E-5
88-89	5.2912185407604686E-5
90-91	3.3909247720940853E-4
92-93	1.2991144491199507E-4
94-95	1.1840923633114E-4
96-97	2.3850479796445545E-4
98-99	4.075124582076872E-5
100	0.0
>>END_MODULE
>>Sequence Length Distribution	fail
#Length	Count
0-1	21.0
2-3	114.0
4-5	89.0
6-7	97.0
8-9	271.0
10-11	220.0
12-13	320.0
14-15	343.0
16-17	398.0
18-19	369.0
20-21	445.0
22-23	470.0
24-25	588.0
26-27	593.0
28-29	709.0
30-31	763.0
32-33	857.0
34-35	952.0
36-37	1034.0
38-39	995.0
40-41	1140.0
42-43	1216.0
44-45	1292.0
46-47	1409.0
48-49	1536.0
50-51	1650.0
52-53	1753.0
54-55	1963.0
56-57	2151.0
58-59	2507.0
60-61	2717.0
62-63	2994.0
64-65	3039.0
66-67	3308.0
68-69	3957.0
70-71	4318.0
72-73	4981.0
74-75	5322.0
76-77	5994.0
78-79	7225.0
80-81	9071.0
82-83	11352.0
84-85	13285.0
86-87	15251.0
88-89	19969.0
90-91	28050.0
92-93	36264.0
94-95	103098.0
96-97	1400701.0
98-99	0.0
100-101	5.8893905E7
>>END_MODULE
>>Sequence Duplication Levels	fail
#Total Deduplicated Percentage	33.56892008502924
#Duplication Level	Percentage of deduplicated	Percentage of total
1	73.37298884571655	24.63051998961601
2	12.4246441309138	8.341637718311459
3	4.755245083670952	4.7888532659543515
4	2.464559698609945	3.3093043026968396
5	1.5009056275437695	2.519189053309373
6	0.9464299760629111	1.9062379339519202
7	0.6794537012659975	1.5965968899492917
8	0.5079413780387313	1.3640834821809438
9	0.3929121048751597	1.187067154409538
>10	2.46519357733749	15.620435535599972
>50	0.24599887616775828	5.800468296740726
>100	0.2060883712319266	13.87584630751722
>500	0.02287462740716849	5.29438289941241
>1k	0.014253689669657859	8.540683568331524
>5k	4.6572116378523147E-4	1.0212052923030865
>10k+	4.4590324192203015E-5	0.20348830971540116
>>END_MODULE
>>Overrepresented sequences	pass
>>END_MODULE
>>Adapter Content	pass
#Position	Illumina Universal Adapter	Illumina Small RNA 3' Adapter	Illumina Small RNA 5' Adapter	Nextera Transposase Sequence	SOLID Small RNA Adapter
1	1.650135989357019E-6	3.300271978714038E-6	0.0	0.0	1.650135989357019E-6
2	3.300271978714038E-6	2.970244780842634E-5	0.0	1.485122390421317E-5	1.650135989357019E-6
3	4.950407968071057E-6	3.300271978714038E-5	0.0	1.485122390421317E-5	4.950407968071057E-6
4	1.1550951925499133E-5	3.630299176585442E-5	0.0	2.1451767861641247E-5	4.950407968071057E-6
5	1.650135989357019E-5	3.630299176585442E-5	0.0	2.1451767861641247E-5	4.950407968071057E-6
6	1.815149588292721E-5	3.630299176585442E-5	0.0	2.1451767861641247E-5	4.950407968071057E-6
7	2.1451767861641247E-5	4.125339973392547E-5	0.0	2.1451767861641247E-5	4.950407968071057E-6
8	2.1451767861641247E-5	4.785394369135355E-5	0.0	2.3101903850998266E-5	6.600543957428076E-6
9	2.8052311819069323E-5	5.280435165942461E-5	0.0	2.4752039840355285E-5	8.250679946785095E-6
10-11	3.630299176585442E-5	5.775475962749566E-5	0.0	2.6402175829712304E-5	9.900815936142114E-6
12-13	5.362941965410312E-5	6.600543957428076E-5	0.0	2.6402175829712304E-5	1.650135989357019E-5
14-15	7.425611952106584E-5	6.93057115529948E-5	0.0	3.217765179246187E-5	1.650135989357019E-5
16-17	9.65329553773856E-5	7.673132350510139E-5	0.0	4.0428331739246967E-5	1.650135989357019E-5
18-19	1.2788553917516898E-4	8.580707144656497E-5	0.0	4.702887569667504E-5	1.815149588292721E-5
20-21	1.740893468771655E-4	9.65329553773856E-5	0.0	5.280435165942461E-5	1.815149588292721E-5
22-23	2.3184410650466114E-4	1.0148336334545667E-4	0.0	6.435530358492374E-5	1.815149588292721E-5
24-25	2.838233901694073E-4	1.0560870331884921E-4	0.0	8.003159548381541E-5	1.9801631872284228E-5
26-27	3.382778778181889E-4	1.0725883930820622E-4	0.0	8.82822754306005E-5	1.9801631872284228E-5
28-29	3.9768277343504155E-4	1.1468445126031282E-4	0.0	9.158254740931455E-5	1.9801631872284228E-5
30-31	4.628631450146438E-4	1.229351312070979E-4	0.0	9.405775139335007E-5	2.1451767861641247E-5
32-33	5.313437885729601E-4	1.3118581115388302E-4	0.0	9.405775139335007E-5	2.3101903850998266E-5
34-35	5.932238881738483E-4	1.3448608313259704E-4	0.0	9.65329553773856E-5	2.5577107835033792E-5
36-37	6.658298717055571E-4	1.4521196706341767E-4	0.0	9.735802337206412E-5	2.6402175829712304E-5
38-39	7.425611952106585E-4	1.485122390421317E-4	8.250679946785095E-7	9.735802337206412E-5	2.970244780842634E-5
40-41	8.135170427530103E-4	1.5181251102084573E-4	1.650135989357019E-6	9.735802337206412E-5	3.0527515803104846E-5
42-43	9.16650542087824E-4	1.575879869835953E-4	1.650135989357019E-6	1.0395856732949219E-4	3.135258379778336E-5
44-45	0.0010255595173853872	1.6913893890909445E-4	1.650135989357019E-6	1.047836353241707E-4	3.135258379778336E-5
46-47	0.001108066316853238	1.757394828665225E-4	1.650135989357019E-6	1.0725883930820622E-4	3.135258379778336E-5
48-49	0.0012211006321241938	1.8068989083459358E-4	1.650135989357019E-6	1.1468445126031281E-4	3.300271978714038E-5
50-51	0.0013159834515122225	1.8811550278670017E-4	1.650135989357019E-6	1.2128499521774089E-4	3.300271978714038E-5
52-53	0.0014149916108736438	1.9884138671752077E-4	2.4752039840355285E-6	1.237601992017764E-4	3.4652855776497395E-5
54-55	0.001532151266117992	2.1369261062173395E-4	3.300271978714038E-6	1.2623540318581193E-4	3.8778195749889944E-5
56-57	0.0016443605133942695	2.2441849455255458E-4	3.300271978714038E-6	1.303607431592045E-4	4.207846772860398E-5
58-59	0.0017219169048940492	2.3101903850998264E-4	3.300271978714038E-6	1.402615590953466E-4	4.3728603717961E-5
60-61	0.0018093741123299712	2.359694464780537E-4	3.300271978714038E-6	1.6006319096763082E-4	4.455367171263951E-5
62-63	0.0019248836315849623	2.4999560238758836E-4	3.300271978714038E-6	1.6501359893570188E-4	4.537873970731802E-5
64-65	0.0020527691707601316	2.5577107835033795E-4	4.950407968071057E-6	1.7161414289312997E-4	4.620380770199653E-5
66-67	0.0021856051179033713	2.62371622307766E-4	6.600543957428076E-6	1.740893468771655E-4	4.702887569667504E-5
68-69	0.0023200912010359685	2.62371622307766E-4	6.600543957428076E-6	1.7903975484523653E-4	4.950407968071057E-5
70-71	0.0023992977285251056	2.664969622811586E-4	6.600543957428076E-6	1.8399016281330763E-4	4.950407968071057E-5
72-73	0.0024933554799184557	2.7474764222794367E-4	7.425611952106585E-6	1.930659107547712E-4	5.0329147675389074E-5
74-75	0.002576687347380985	2.821732541800502E-4	8.250679946785095E-6	2.013165907015563E-4	5.5279555643460134E-5
76-77	0.0026492933309126936	2.871236621481213E-4	9.075747941463604E-6	2.0709206666430589E-4	5.6104623638138645E-5
78-79	0.0027037478185614754	2.9042393412683534E-4	9.900815936142114E-6	2.095672706483414E-4	5.857982762217417E-5
80-81	0.002764802850167685	2.945492741002279E-4	9.900815936142114E-6	2.2194329056851903E-4	5.940489561685268E-5
82-83	0.0028918633213481757	2.978495460789419E-4	9.900815936142114E-6	2.285438345259471E-4	5.940489561685268E-5
84-85	0.002980145596778776	3.09400498004441E-4	1.1550951925499133E-5	2.3761958246741073E-4	6.518037157960225E-5
86-87	0.0030114981805765594	3.1352583797783354E-4	1.3201087914856152E-5	2.7804791420665766E-4	7.01307795476733E-5
88-89	0.003012323248571238	3.1847624594590464E-4	1.650135989357019E-5	2.953743420949064E-4	7.343105152638735E-5
>>END_MODULE
