##FastQC	0.11.8
>>Basic Statistics	pass
#Measure	Value
Filename	SRR3184289_2.gz
File type	Conventional base calls
Encoding	Sanger / Illumina 1.9
Total Sequences	80513538
Sequences flagged as poor quality	0
Sequence length	20-100
%GC	50
>>END_MODULE
>>Per base sequence quality	pass
#Base	Mean	Median	Lower Quartile	Upper Quartile	10th Percentile	90th Percentile
1	31.88370774365921	33.0	33.0	33.0	27.0	33.0
2	31.90622654043597	33.0	33.0	33.0	33.0	33.0
3	31.932335764452432	33.0	33.0	33.0	33.0	33.0
4	35.720550561322995	37.0	37.0	37.0	33.0	37.0
5	35.709840250716596	37.0	37.0	37.0	33.0	37.0
6	35.68762835884817	37.0	37.0	37.0	33.0	37.0
7	35.588431960349325	37.0	37.0	37.0	33.0	37.0
8	35.62261212518074	37.0	37.0	37.0	33.0	37.0
9	35.60515502374272	37.0	37.0	37.0	33.0	37.0
10-11	35.60688595624751	37.0	37.0	37.0	33.0	37.0
12-13	35.551850938409885	37.0	37.0	37.0	33.0	37.0
14-15	37.490032843917504	40.0	37.0	40.0	33.0	40.0
16-17	37.33244460701752	40.0	37.0	40.0	33.0	40.0
18-19	37.38168868569656	40.0	37.0	40.0	33.0	40.0
20-21	37.38053566435373	40.0	37.0	40.0	33.0	40.0
22-23	37.32952343324277	40.0	37.0	40.0	33.0	40.0
24-25	37.28141035555455	40.0	37.0	40.0	33.0	40.0
26-27	37.17122923881311	40.0	37.0	40.0	33.0	40.0
28-29	37.09400794765992	40.0	37.0	40.0	33.0	40.0
30-31	36.997916297503195	40.0	37.0	40.0	33.0	40.0
32-33	36.87899117706709	40.0	37.0	40.0	33.0	40.0
34-35	36.77027408642832	40.0	37.0	40.0	33.0	40.0
36-37	36.64695974430886	40.0	37.0	40.0	33.0	40.0
38-39	36.53271041626096	40.0	37.0	40.0	33.0	40.0
40-41	36.416203290662935	40.0	37.0	40.0	33.0	40.0
42-43	36.266759953495914	40.0	37.0	40.0	33.0	40.0
44-45	36.07629556180613	37.0	37.0	40.0	33.0	40.0
46-47	35.934953868527934	37.0	37.0	40.0	33.0	40.0
48-49	35.752061220109844	37.0	37.0	40.0	27.0	40.0
50-51	35.076699949001906	37.0	35.0	38.5	27.0	40.0
52-53	35.078572607305695	37.0	35.0	40.0	27.0	40.0
54-55	35.61966130925863	37.0	37.0	40.0	27.0	40.0
56-57	35.62475721540362	37.0	37.0	40.0	27.0	40.0
58-59	35.466276686794735	37.0	37.0	40.0	27.0	40.0
60-61	35.261977230911796	37.0	37.0	40.0	27.0	40.0
62-63	35.043955242331855	37.0	35.0	40.0	27.0	40.0
64-65	34.816122038752766	37.0	33.0	40.0	27.0	40.0
66-67	34.58844527524998	37.0	33.0	37.0	27.0	40.0
68-69	34.34185218473701	37.0	33.0	37.0	27.0	40.0
70-71	34.11718396509998	37.0	33.0	37.0	27.0	40.0
72-73	33.90300879423549	37.0	33.0	37.0	27.0	40.0
74-75	33.68593843012452	37.0	33.0	37.0	27.0	37.0
76-77	33.476049437758654	37.0	33.0	37.0	27.0	37.0
78-79	33.268155092953336	37.0	33.0	37.0	27.0	37.0
80-81	33.080278437184006	37.0	33.0	37.0	27.0	37.0
82-83	32.90945620560912	37.0	33.0	37.0	27.0	37.0
84-85	32.76815614212279	37.0	33.0	37.0	27.0	37.0
86-87	32.62241613006751	37.0	33.0	37.0	27.0	37.0
88-89	32.48517901183811	37.0	33.0	37.0	27.0	37.0
90-91	32.337853494067545	37.0	33.0	37.0	22.0	37.0
92-93	32.17641074508286	37.0	33.0	37.0	22.0	37.0
94-95	32.01832508367749	37.0	33.0	37.0	22.0	37.0
96-97	31.841384515038012	37.0	33.0	37.0	22.0	37.0
98-99	31.643943356565927	37.0	33.0	37.0	22.0	37.0
100	30.539131080028103	33.0	33.0	37.0	15.0	37.0
>>END_MODULE
>>Per sequence quality scores	pass
#Quality	Count
2	736454.0
3	156270.0
4	126028.0
5	119463.0
6	120189.0
7	126751.0
8	132407.0
9	138454.0
10	148530.0
11	149759.0
12	150155.0
13	149833.0
14	152630.0
15	158222.0
16	164961.0
17	171239.0
18	178099.0
19	186814.0
20	202670.0
21	230601.0
22	269604.0
23	322846.0
24	391703.0
25	473136.0
26	571904.0
27	693532.0
28	845621.0
29	1044882.0
30	1314187.0
31	1690631.0
32	2220262.0
33	2979171.0
34	4095329.0
35	6027220.0
36	1.0926958E7
37	2.3636335E7
38	1.9233604E7
39	77084.0
>>END_MODULE
>>Per base sequence content	warn
#Base	G	A	T	C
1	31.992581173118985	11.168649674791338	11.579889831695137	45.25887932039454
2	23.861990762348565	17.228623091932686	32.07219883940512	26.83718730631363
3	28.20868957466507	19.684674644405764	21.821176210142447	30.285459570786717
4	30.60405692270038	26.042595470093488	18.10625562125962	25.24709198594651
5	31.462683952604344	28.591400367972895	20.129271924430896	19.816643754991862
6	25.747817714829523	32.68718361376692	20.38532451523867	21.179674156164893
7	22.73498278016301	19.567542790133007	36.15433220683955	21.543142222864432
8	22.63324833644747	22.22266645393226	28.157217485586088	26.986867724034187
9	23.186008792707632	20.765526413706972	30.408934457705733	25.639530335879662
10-11	26.143744298008613	29.052804759368545	21.794303710762282	23.00914723186056
12-13	24.856314847324185	23.714298209078827	26.398351790229363	25.031035153367625
14-15	24.92661917303895	24.707235570743393	25.970583978063416	24.39556127815424
16-17	25.803895240574327	24.599617644426456	25.001948119582075	24.594538995417143
18-19	25.425395540312735	24.756555847787983	24.9299391116063	24.88810950029298
20-21	25.157418374735784	24.775795851717355	25.143107514597013	24.923678258949845
22-23	25.302829545883576	24.924140569229884	25.063353990945714	24.709675893940826
24-25	25.21739027278619	24.952104080209402	25.04438671993562	24.78611892706879
26-27	24.963028611476425	25.04411305568435	25.233611336609655	24.759246996229574
28-29	25.13305971302596	24.779704690400735	25.015115484512968	25.072120112060343
30-31	24.934220124231047	24.80354367840526	25.070990882533344	25.191245314830347
32-33	24.943101040841974	24.97685791668095	25.150609977155185	24.929431065321893
34-35	25.220554169414278	24.94245731660957	24.90172051904281	24.935267994933344
36-37	25.014731122733274	24.905138403223454	25.013081733978108	25.067048740065168
38-39	24.898493656920966	25.056136487257685	25.02428064019666	25.02108921562469
40-41	25.0817208599573	24.963690800945567	24.947530529623492	25.007057809473636
42-43	24.978854868539578	24.93954284565327	25.077875214271277	25.00372707153587
44-45	24.976529281788444	25.00723600223142	25.165504134499823	24.850730581480317
46-47	25.054839387437255	25.10130568289467	24.846752626558583	24.997102303109497
48-49	24.97223342371747	25.085676525407525	24.958418798587935	24.983671252287067
50-51	24.967606783464127	25.0560407508494	25.10611345945969	24.87023900622678
52-53	24.99564617593993	25.137807192542827	24.914077340432648	24.952469291084594
54-55	24.78578024594977	25.045890028540015	25.047408220129352	25.12092150538086
56-57	24.804156895926372	25.076696864724223	25.183737439464064	24.93540879988534
58-59	24.92152421545642	25.073032972082437	25.01625308014553	24.989189732315616
60-61	24.79903777873651	25.05459392799952	25.129387393374202	25.016980899889766
62-63	24.683566129562156	25.19924801954097	25.19938414338916	24.917801707507717
64-65	24.860924202190564	25.10858716399425	25.080936792738196	24.94955184107699
66-67	24.78981912702841	25.036311811679518	25.122433687066675	25.0514353742254
68-69	24.85836921718094	25.188642879188528	25.182909006777106	24.770078896853427
70-71	24.957223394249414	25.149948940892365	25.011874290603075	24.880953374255146
72-73	24.801499450580337	25.198778492595398	25.02828802424311	24.971434032581158
74-75	24.78934485445513	25.302404914736275	25.08163037108303	24.82661985972556
76-77	24.930090047823384	25.2401342355167	24.913712096297626	24.91606362036229
78-79	24.879087238480153	25.115559719171166	25.103568555982925	24.90178448636576
80-81	24.789210238796727	25.20824658025525	25.083513757339826	24.919029423608194
82-83	24.950381596124107	25.207151586092095	24.937530620856855	24.904936196926943
84-85	24.861474382218756	25.228915490630083	25.007231432561305	24.902378694589856
86-87	24.809983736371986	25.400486267709923	25.04426196158126	24.74526803433683
88-89	24.93521257519249	25.248269661923175	24.960017260328975	24.856500502555363
90-91	24.84659778374897	25.183152526132435	24.999352888387822	24.97089680173077
92-93	24.71165154347672	25.35319116624228	25.062401447339838	24.872755842941167
94-95	24.92723469300785	25.307736789620527	24.94079048201104	24.824238035360587
96-97	24.908850747882806	24.929918063381084	25.104393973555528	25.056837215180582
98-99	24.201170372766683	24.638429401114212	25.67974651532255	25.480653710796553
100	25.797052103579748	23.68826575428138	24.882335663969368	25.632346478169506
>>END_MODULE
>>Per sequence GC content	pass
#GC Content	Count
0	319.0
1	301.0
2	296.5
3	362.0
4	446.5
5	529.5
6	623.5
7	732.5
8	880.0
9	1012.0
10	1186.5
11	1403.5
12	1635.0
13	2011.5
14	2557.0
15	3228.5
16	4535.5
17	6695.5
18	10040.5
19	15187.5
20	23870.0
21	37610.5
22	57790.5
23	86284.0
24	125875.5
25	177235.5
26	242136.0
27	318083.0
28	401041.0
29	492602.0
30	586818.0
31	689652.0
32	804511.0
33	915608.5
34	1025520.5
35	1168997.5
36	1327781.5
37	1490290.5
38	1653247.5
39	1806002.0
40	1935448.5
41	2042521.0
42	2177571.5
43	2324758.5
44	2437237.5
45	2521308.0
46	2570257.5
47	2593888.5
48	2598457.5
49	2587440.5
50	2599290.5
51	2572929.0
52	2568215.0
53	2584006.0
54	2548792.5
55	2549298.5
56	2500361.0
57	2391331.0
58	2305420.5
59	2217830.5
60	2139396.5
61	2055983.5
62	1949397.5
63	1808547.5
64	1650672.5
65	1466488.5
66	1268588.5
67	1118791.0
68	980168.5
69	827086.5
70	689221.0
71	566654.0
72	457385.5
73	372812.5
74	309214.5
75	250370.0
76	196511.0
77	156101.0
78	122272.0
79	89913.5
80	61264.5
81	38927.5
82	23891.5
83	14724.0
84	9008.5
85	5852.0
86	4287.5
87	3358.5
88	2604.0
89	2067.0
90	1671.5
91	1369.0
92	1122.5
93	903.0
94	716.5
95	559.5
96	464.0
97	363.0
98	254.5
99	162.0
100	103.0
>>END_MODULE
>>Per base N content	pass
#Base	N-Count
1	0.0
2	0.0
3	0.0
4	0.0
5	0.0
6	0.0
7	0.0
8	0.0
9	0.0
10-11	0.0
12-13	0.0
14-15	0.0
16-17	0.0
18-19	0.0
20-21	0.0
22-23	7.663874488640551E-4
24-25	6.397261465280689E-4
26-27	1.2422450986350063E-6
28-29	0.0
30-31	0.0
32-33	0.0
34-35	0.0
36-37	0.0
38-39	1.304650715741944E-5
40-41	0.0
42-43	0.0
44-45	0.0
46-47	9.183567433941505E-4
48-49	0.0019424109092358358
50-51	0.0
52-53	0.0
54-55	0.0
56-57	9.32208800328252E-6
58-59	1.553757241068096E-5
60-61	5.469509501411261E-4
62-63	0.0
64-65	2.150759380922436E-4
66-67	8.790089389303441E-4
68-69	3.748793345485226E-4
70-71	0.0
72-73	0.0
74-75	0.0
76-77	0.0
78-79	0.0
80-81	0.0
82-83	0.0
84-85	1.8671799702077743E-6
86-87	1.2451672723471571E-6
88-89	2.4912430781667437E-6
90-91	6.299718039949222E-4
92-93	1.6585779089880564E-4
94-95	0.011984557464271097
96-97	0.009997653989161718
98-99	0.003997582024243375
100	0.005989636619858152
>>END_MODULE
>>Sequence Length Distribution	warn
#Length	Count
20-21	4879.0
22-23	4358.0
24-25	3969.0
26-27	3396.0
28-29	3155.0
30-31	2752.0
32-33	2856.0
34-35	2934.0
36-37	3227.0
38-39	3079.0
40-41	2846.0
42-43	2742.0
44-45	2842.0
46-47	2780.0
48-49	2906.0
50-51	3151.0
52-53	3217.0
54-55	3441.0
56-57	3888.0
58-59	4038.0
60-61	4456.0
62-63	4674.0
64-65	5098.0
66-67	5493.0
68-69	6118.0
70-71	7206.0
72-73	8106.0
74-75	8825.0
76-77	10087.0
78-79	11733.0
80-81	15036.0
82-83	19336.0
84-85	23782.0
86-87	27710.0
88-89	35914.0
90-91	49658.0
92-93	64841.0
94-95	173534.0
96-97	2030864.0
98-99	0.0
100-101	7.7934611E7
>>END_MODULE
>>Sequence Duplication Levels	fail
#Total Deduplicated Percentage	37.50208852745192
#Duplication Level	Percentage of deduplicated	Percentage of total
1	69.98590130919948	26.24617466571112
2	13.920934441579455	10.441282316259342
3	5.465953393825871	6.149540041865523
4	2.8762877395573487	4.31467189757217
5	1.7361897423486312	3.255537070900615
6	1.1447693723034644	2.575874540618405
7	0.7940370353510492	2.0844633035667357
8	0.6029624010608157	1.8089879474646138
9	0.4413975677037078	1.489799759384376
>10	2.658336696297868	18.51135732733872
>50	0.21945119918258407	5.694255712759624
>100	0.1364690967029549	9.724367906952033
>500	0.011306665237073965	2.896115443922171
>1k	0.0056717597815986705	3.7738892804479147
>5k	2.7521129041379824E-4	0.6859994440027009
>10k+	5.6368577554633364E-5	0.34768334123425587
>>END_MODULE
>>Overrepresented sequences	pass
>>END_MODULE
>>Adapter Content	pass
#Position	Illumina Universal Adapter	Illumina Small RNA 3' Adapter	Illumina Small RNA 5' Adapter	Nextera Transposase Sequence	SOLID Small RNA Adapter
1	1.2420271482790882E-6	8.694190037953617E-6	0.0	1.2420271482790882E-6	2.4840542965581764E-6
2	3.7260814448372643E-6	7.32796017484662E-5	0.0	2.608257011386085E-5	4.968108593116353E-6
3	7.452162889674529E-6	7.948973748986164E-5	0.0	2.8566624410419028E-5	4.968108593116353E-6
4	2.608257011386085E-5	8.197379178641982E-5	1.2420271482790882E-6	3.229270585525629E-5	6.210135741395441E-6
5	3.229270585525629E-5	8.694190037953617E-5	2.4840542965581764E-6	3.6018787300093554E-5	6.210135741395441E-6
6	3.974486874493082E-5	8.942595467609435E-5	2.4840542965581764E-6	3.6018787300093554E-5	6.210135741395441E-6
7	4.5955004486326264E-5	1.1178244334511794E-4	2.4840542965581764E-6	3.6018787300093554E-5	6.210135741395441E-6
8	4.9681085931163526E-5	1.1675055193823428E-4	2.4840542965581764E-6	3.974486874493082E-5	6.210135741395441E-6
9	6.0859330265675323E-5	1.3413893201414152E-4	2.4840542965581764E-6	4.2228923041488996E-5	8.694190037953617E-6
10-11	9.066798182437343E-5	1.5401136638660694E-4	3.7260814448372643E-6	4.719703163460535E-5	9.936217186232705E-6
12-13	1.2730778269860654E-4	1.7636785505563052E-4	4.968108593116353E-6	5.154412665358216E-5	1.1799257908651338E-5
14-15	1.62084542850421E-4	2.0307143874363093E-4	4.968108593116353E-6	5.4028180950140334E-5	1.2420271482790881E-5
16-17	2.067975201884682E-4	2.3909022604372447E-4	6.210135741395441E-6	6.0238316691535777E-5	1.4283312205209514E-5
18-19	2.5026847037823625E-4	2.508894839523758E-4	6.210135741395441E-6	6.893250672948939E-5	1.6146352927628146E-5
20-21	2.931184069938648E-4	2.60204687564469E-4	6.210135741395441E-6	7.638466961916392E-5	1.6146352927628146E-5
22-23	3.521146965371215E-4	2.6641482330586443E-4	7.452162889674529E-6	8.259480536055936E-5	1.6146352927628146E-5
24-25	4.030378096165641E-4	2.7386698619553897E-4	7.452162889674529E-6	9.066798182437343E-5	1.6146352927628146E-5
26-27	4.384355833425181E-4	2.813191490852135E-4	8.694190037953617E-6	9.874115828818751E-5	1.7388380075907233E-5
28-29	4.986739000340538E-4	2.8877131197488804E-4	8.694190037953617E-6	1.043302804554434E-4	1.987243437246541E-5
30-31	5.489759995393569E-4	2.9498144771628347E-4	8.694190037953617E-6	1.0867737547442022E-4	2.173547509488404E-5
32-33	6.011411397670787E-4	3.0057056988353934E-4	8.694190037953617E-6	1.1240345691925748E-4	2.421952939144222E-5
34-35	6.502012121241026E-4	3.2541111284912106E-4	9.31520361209316E-6	1.1737156551237384E-4	2.4840542965581763E-5
36-37	6.980192573328475E-4	3.620509137233542E-4	9.936217186232705E-6	1.19855619808932E-4	2.5461556539721306E-5
38-39	7.414902075226157E-4	3.806813209475405E-4	9.936217186232705E-6	1.2296068767962974E-4	2.7945610836279484E-5
40-41	7.843401441382442E-4	3.924805788561919E-4	9.936217186232705E-6	1.3041285056930428E-4	2.918763798455857E-5
42-43	8.222219721607563E-4	4.055218639131223E-4	9.936217186232705E-6	1.3600197273656015E-4	3.042966513283766E-5
44-45	8.712820445177804E-4	4.2042618969247137E-4	9.936217186232705E-6	1.4097008132967653E-4	3.229270585525629E-5
46-47	9.178580625782461E-4	4.365725426200995E-4	9.936217186232705E-6	1.4407514920037424E-4	3.353473300353538E-5
48-49	9.607079991938747E-4	4.5023484125116946E-4	9.936217186232705E-6	1.4718021707107196E-4	3.4155746577674927E-5
50-51	9.936217186232704E-4	4.607920720115417E-4	1.1178244334511794E-5	1.4966427136763012E-4	3.539777372595401E-5
52-53	0.0010377136823871782	4.874956556995421E-4	1.1178244334511794E-5	1.5711643425730465E-4	3.8502841596651735E-5
54-55	0.001099194026226993	5.104731579427053E-4	1.1178244334511794E-5	1.6084251570214192E-4	3.8502841596651735E-5
56-57	0.0011445280171391797	5.322086330375893E-4	1.1178244334511794E-5	1.7015771931423507E-4	3.9123855170791275E-5
58-59	0.001189240994477227	5.682274203376828E-4	1.366229863106997E-5	1.7947292292632824E-4	3.974486874493082E-5
60-61	0.0012196706596100647	5.825107325428923E-4	1.366229863106997E-5	1.999663708729332E-4	3.974486874493082E-5
62-63	0.0012836350577464376	6.19771546991265E-4	1.366229863106997E-5	2.0741853376260772E-4	4.409196376390763E-5
64-65	0.0013612617545138805	6.33433845622335E-4	1.366229863106997E-5	2.1921779167125905E-4	4.533399091218672E-5
66-67	0.0014264681797985328	6.508222256982422E-4	1.366229863106997E-5	2.2729096813507314E-4	4.843905878288444E-5
68-69	0.0014798753471745335	6.613794564586144E-4	1.4283312205209514E-5	2.4343732106270127E-4	4.9060072357023986E-5
70-71	0.001535145555272953	6.887040537207544E-4	1.4904325779349057E-5	2.558575925454922E-4	5.092311307944261E-5
72-73	0.0015860686683523955	7.296909496139644E-4	1.6146352927628146E-5	2.676568504541435E-4	5.3407167376000794E-5
74-75	0.001653759147933606	7.489423704122902E-4	1.676736650176769E-5	2.850452305300507E-4	5.527020809841943E-5
76-77	0.0016997141524199323	7.582575740243834E-4	1.987243437246541E-5	2.9746550201284163E-4	5.589122167255897E-5
78-79	0.0017400800347390027	7.669517640623369E-4	1.987243437246541E-5	3.0553867847665566E-4	5.589122167255897E-5
80-81	0.001772372740594259	7.775089948227091E-4	2.0493447946604955E-5	3.235480721267025E-4	5.899628954325668E-5
82-83	0.0018431682880461668	7.862031848606628E-4	2.1114461520744498E-5	3.285161807198188E-4	5.961730311739623E-5
84-85	0.0018885022789583536	7.992444699175933E-4	2.1114461520744498E-5	3.465255743698656E-4	5.961730311739623E-5
86-87	0.001900301536867005	8.203589314383377E-4	2.235648866902359E-5	4.2601531185972724E-4	5.961730311739623E-5
88-89	0.0019009225504411445	8.278110943280123E-4	2.3598515817302676E-5	4.676232213270767E-4	6.0238316691535777E-5
>>END_MODULE
