##FastQC	0.11.8
>>Basic Statistics	pass
#Measure	Value
Filename	forward.gz
File type	Conventional base calls
Encoding	Sanger / Illumina 1.9
Total Sequences	107450280
Sequences flagged as poor quality	0
Sequence length	100
%GC	49
>>END_MODULE
>>Per base sequence quality	pass
#Base	Mean	Median	Lower Quartile	Upper Quartile	10th Percentile	90th Percentile
1	32.72471978667715	33.0	33.0	33.0	33.0	33.0
2	32.75953250191623	33.0	33.0	33.0	33.0	33.0
3	32.65306969884118	33.0	33.0	33.0	33.0	33.0
4	34.10823479473483	37.0	37.0	37.0	33.0	37.0
5	35.01066831096205	37.0	37.0	37.0	33.0	37.0
6	36.133831526544185	37.0	37.0	37.0	33.0	37.0
7	36.427436978293585	37.0	37.0	37.0	37.0	37.0
8	36.446431614696586	37.0	37.0	37.0	37.0	37.0
9	36.46390018713772	37.0	37.0	37.0	37.0	37.0
10-11	36.46187911748578	37.0	37.0	37.0	37.0	37.0
12-13	36.434852035750865	37.0	37.0	37.0	37.0	37.0
14-15	38.34557478584513	40.0	37.0	40.0	37.0	40.0
16-17	38.36579570569756	40.0	37.0	40.0	37.0	40.0
18-19	38.33981007774014	40.0	37.0	40.0	37.0	40.0
20-21	38.33315552551375	40.0	37.0	40.0	37.0	40.0
22-23	38.246477310249915	40.0	37.0	40.0	37.0	40.0
24-25	38.216822166494126	40.0	37.0	40.0	37.0	40.0
26-27	36.71001527404117	40.0	37.0	40.0	29.5	40.0
28-29	36.66495720160059	40.0	37.0	40.0	30.0	40.0
30-31	37.63847068616294	40.0	37.0	40.0	33.0	40.0
32-33	37.656985100457625	40.0	37.0	40.0	33.0	40.0
34-35	37.63871438957628	40.0	37.0	40.0	33.0	40.0
36-37	37.539239320735135	40.0	37.0	40.0	33.0	40.0
38-39	37.47720973830873	40.0	37.0	40.0	33.0	40.0
40-41	37.438200123815406	40.0	37.0	40.0	33.0	40.0
42-43	37.46128146897337	40.0	37.0	40.0	33.0	40.0
44-45	37.49585271904364	40.0	37.0	40.0	33.0	40.0
46-47	37.36214023360386	40.0	37.0	40.0	33.0	40.0
48-49	37.215557390822994	40.0	37.0	40.0	33.0	40.0
50-51	37.10167141490929	38.5	37.0	40.0	33.0	40.0
52-53	36.95868536591993	37.0	37.0	40.0	33.0	40.0
54-55	36.792246539515766	37.0	37.0	40.0	33.0	40.0
56-57	36.62876559744656	37.0	37.0	40.0	33.0	40.0
58-59	36.39710926300052	37.0	37.0	40.0	33.0	40.0
60-61	36.184548462786694	37.0	37.0	40.0	33.0	40.0
62-63	35.931168034182875	37.0	37.0	40.0	33.0	40.0
64-65	35.6489795466331	37.0	35.0	38.5	33.0	40.0
66-67	35.390278084896565	37.0	33.0	37.0	33.0	40.0
68-69	35.1644754345917	37.0	33.0	37.0	33.0	40.0
70-71	34.91317625230944	37.0	33.0	37.0	33.0	40.0
72-73	34.65659524107336	37.0	33.0	37.0	27.0	38.5
74-75	34.4502723817937	37.0	33.0	37.0	27.0	37.0
76-77	33.62993632031485	35.0	33.0	37.0	27.0	37.0
78-79	34.01575155504481	37.0	33.0	37.0	27.0	37.0
80-81	33.92792606496698	37.0	33.0	37.0	27.0	37.0
82-83	33.78470071460028	37.0	33.0	37.0	27.0	37.0
84-85	33.76059995841798	37.0	33.0	37.0	27.0	37.0
86-87	33.62031986794264	37.0	33.0	37.0	27.0	37.0
88-89	33.49018041646797	37.0	33.0	37.0	27.0	37.0
90-91	33.33951878952759	37.0	33.0	37.0	27.0	37.0
92-93	33.173898364899564	37.0	33.0	37.0	27.0	37.0
94-95	33.0043749490462	37.0	33.0	37.0	27.0	37.0
96-97	32.84635037246994	37.0	33.0	37.0	27.0	37.0
98-99	32.638671150973266	37.0	33.0	37.0	27.0	37.0
100	31.237039168255308	33.0	33.0	37.0	22.0	37.0
>>END_MODULE
>>Per sequence quality scores	pass
#Quality	Count
2	231.0
3	283.0
4	452.0
5	935.0
6	2373.0
7	6365.0
8	15703.0
9	30974.0
10	48288.0
11	59011.0
12	73582.0
13	80543.0
14	87956.0
15	96789.0
16	108405.0
17	120914.0
18	134512.0
19	149925.0
20	169251.0
21	196144.0
22	234269.0
23	291745.0
24	371791.0
25	479162.0
26	622945.0
27	799559.0
28	1038168.0
29	1355374.0
30	1781046.0
31	2365420.0
32	3197743.0
33	4412908.0
34	6290959.0
35	9856750.0
36	1.8947939E7
37	3.524328E7
38	1.8750183E7
39	28403.0
>>END_MODULE
>>Per base sequence content	warn
#Base	G	A	T	C
1	29.14281340616689	12.392799699528885	12.560049558880987	45.90433733542324
2	21.146169186343673	18.919868798852825	32.92882066012299	27.005141354680507
3	24.248867476194572	21.87048930910185	23.199587753517253	30.68105546118633
4	26.479020101751516	28.621804875527967	19.7533038864435	25.14587113627702
5	31.041628742149392	29.097966054625452	20.208943150264474	19.65146205296068
6	24.914876908650214	33.630547077215624	20.461411547740965	20.9931644663932
7	21.587399306916648	19.57025891416942	37.0069952353777	21.83534654353623
8	22.301091258207983	22.476688753160996	28.106322291575232	27.11589769705579
9	22.796654415418928	20.995938772797988	30.83637008670429	25.3710367250788
10-11	25.61137672233148	29.83886733473379	21.65883932550013	22.890916617434595
12-13	24.178708980562917	23.894058721857217	26.714112797100203	25.213119500479664
14-15	24.32995940075726	25.089752209114764	26.139731790368533	24.440556599759443
16-17	25.032546942833083	24.94661394902323	25.345219186672917	24.67561992147077
18-19	24.768415818704018	24.993437746512033	25.238863165159238	24.999283269624716
20-21	24.770776306957973	24.878630376765887	25.33200751082268	25.018585805453462
22-23	24.827527206071494	25.2816930770213	25.07595931811439	24.81482039879282
24-25	24.71174598213109	25.132176593504553	25.200543456063933	24.95553396830042
26-27	24.64759127147386	25.530486070292053	25.13291566535524	24.68900699287884
28-29	24.799266693395307	24.85785890925552	25.254284120990654	25.08859027635852
30-31	24.377505404417516	24.97403011060804	25.483662140380904	25.16480234459354
32-33	24.52946379315425	25.037658259809852	25.338026557835136	25.094851389200763
34-35	24.935413511744073	24.98602598399149	25.087908934368503	24.990651569895935
36-37	24.59418655178371	25.11423543831217	25.310826295181794	24.980751714722327
38-39	24.66239362352084	25.144331848004793	25.14942615824991	25.04384837022446
40-41	24.707126386017258	25.052256800576387	25.14024135191888	25.100375461487474
42-43	24.546224691903074	25.094982884441443	25.348543336045026	25.010249087610458
44-45	24.679507202990767	25.121512304802607	25.469291686009797	24.729688806196826
46-47	24.743184352240405	25.291199201117077	25.05291653577324	24.91269991086928
48-49	24.62609109415569	25.288628010084224	25.238287060137214	24.84699383562287
50-51	24.715693927904137	25.12887523377694	25.25346798868983	24.90196284962909
52-53	24.725227709168088	25.245449862892254	25.020196601129886	25.009125826809775
54-55	24.456644490553575	25.23685346685809	25.19564249807575	25.110859544512586
56-57	24.51073003428962	25.210740788143028	25.37593010256814	24.90259907499922
58-59	24.543600350699567	25.230418407638606	25.276376190500322	24.94960505116151
60-61	24.427392134268253	25.06777022537383	25.44531229291242	25.059525347445494
62-63	24.405868742337606	25.237366897557845	25.514436591478724	24.84232776862583
64-65	24.640367923104133	25.21266906661778	25.228592772458303	24.918370237819776
66-67	24.350171691465818	25.116140311370224	25.46928807482272	25.06439992234124
68-69	24.52472493781183	25.264870717546	25.541648085168077	24.668756259474097
70-71	24.599005477645562	25.215660751366116	25.267451342058266	24.917882428930056
72-73	24.33427369968971	25.39212404576635	25.37717867959736	24.89642357494658
74-75	24.481438022400862	25.433840299149775	25.356083391535204	24.728638286914155
76-77	24.5676332006409	25.493830036978743	25.168491095166186	24.770045667214173
78-79	24.506053354701855	25.289964281185977	25.383130543803638	24.820851820308526
80-81	24.571823698848828	25.379794040975685	25.188864120383386	24.8595181397921
82-83	24.788510872540666	25.447764974916538	25.01734304810238	24.746381104440413
84-85	24.55490803876521	25.61027702853617	24.968924082588536	24.865890850110087
86-87	24.61548619140858	25.71103078957504	25.122245917940923	24.55123710107546
88-89	24.65426199489407	25.561902981899383	25.10306209536243	24.680772927844117
90-91	24.479945723064766	25.482431727866565	25.19338010701469	24.84424244205397
92-93	24.44042081115073	25.794674894233538	25.120709541897025	24.64419475271871
94-95	24.642080196801526	25.71435717930643	25.042815845543554	24.600746778348487
96-97	24.59598538334257	25.486492994020015	25.058541291887828	24.858980330749585
98-99	24.584526900867136	25.613900948147638	25.321609845021314	24.479962305963912
100	25.01771743780459	25.499557101284214	24.732242010148493	24.750483450762705
>>END_MODULE
>>Per sequence GC content	warn
#GC Content	Count
0	107.0
1	80.0
2	52.5
3	55.0
4	66.0
5	94.0
6	112.0
7	127.5
8	178.0
9	271.0
10	364.5
11	449.0
12	579.5
13	838.0
14	1222.5
15	1790.0
16	2715.5
17	4354.5
18	7098.5
19	11751.0
20	19152.0
21	30687.0
22	48192.5
23	72257.5
24	104797.5
25	148339.0
26	204521.0
27	272045.5
28	357605.5
29	449090.5
30	541423.5
31	670598.5
32	856948.5
33	1053917.5
34	1250513.5
35	1491701.0
36	1769235.0
37	2062324.5
38	2396266.0
39	2668029.0
40	2835949.0
41	3058122.0
42	3398679.0
43	3675750.5
44	3833771.5
45	3967233.5
46	4029963.0
47	4063679.0
48	4059870.5
49	4030047.5
50	3990021.0
51	3799502.5
52	3600084.0
53	3545506.0
54	3518794.5
55	3450152.5
56	3222826.0
57	2968615.0
58	2762399.5
59	2602461.0
60	2500084.0
61	2336222.5
62	2143229.0
63	1965209.0
64	1792595.0
65	1596797.0
66	1403941.5
67	1224252.0
68	1063035.0
69	895160.5
70	722729.5
71	588606.5
72	492583.5
73	408147.0
74	344098.0
75	292799.0
76	231659.0
77	175000.0
78	131144.5
79	92077.0
80	57400.5
81	34086.0
82	19126.5
83	10613.0
84	5795.0
85	3268.0
86	2123.0
87	1472.0
88	1051.5
89	796.5
90	558.5
91	417.5
92	304.5
93	214.5
94	154.5
95	88.0
96	44.5
97	33.0
98	22.5
99	10.0
100	4.5
>>END_MODULE
>>Per base N content	warn
#Base	N-Count
1	0.0870523557500269
2	0.0
3	0.0
4	7.233808045916678
5	0.0
6	0.0
7	0.0
8	0.0
9	0.0
10-11	0.0
12-13	0.0
14-15	0.0
16-17	8.040928325175142E-4
18-19	4.927860588171571E-4
20-21	0.0
22-23	0.0
24-25	5.244286008375223E-4
26-27	2.491631478298614
28-29	0.0
30-31	0.007951584677117639
32-33	0.01737501288968256
34-35	0.0041246984186546565
36-37	0.0070660588320477155
38-39	0.01553974545250138
40-41	0.04087890696980966
42-43	0.027680244295315005
44-45	0.026470847726036636
46-47	0.026321010982940204
48-49	0.038807716461976643
50-51	0.025220501984731913
52-53	0.004858991526127247
54-55	0.016488556381612035
56-57	0.004721718733538898
58-59	0.0025644418981504748
60-61	0.007274062012681586
62-63	0.0354912988593422
64-65	0.020844524555915536
66-67	0.03182448663698224
68-69	0.025237719250243
70-71	0.044267916286490835
72-73	0.0519202928089159
74-75	0.01557743730402564
76-77	0.011615139578975503
78-79	0.0029069258823708976
80-81	0.00937549906803407
82-83	0.015582090619028634
84-85	0.020320561286578314
86-87	0.00481990368010209
88-89	0.012538357275569687
90-91	0.027295415144567327
92-93	0.03661507443256547
94-95	0.02335777998903307
96-97	0.018333130448799206
98-99	0.009745902942272464
100	0.007545815608856487
>>END_MODULE
>>Sequence Length Distribution	pass
#Length	Count
100	1.0745028E8
>>END_MODULE
>>Sequence Duplication Levels	fail
#Total Deduplicated Percentage	32.38430071272148
#Duplication Level	Percentage of deduplicated	Percentage of total
1	69.24819338950333	22.425543185383674
2	14.170691772739497	9.178158873513683
3	5.628050381976597	5.467814279888314
4	2.9729770682465264	3.8511113356048248
5	1.7910758290107613	2.900136912298571
6	1.1661955551943517	2.2659856529551843
7	0.833778670821145	1.8900937442607624
8	0.6138386645056187	1.590298872035625
9	0.4680313972239042	1.3641182559624703
>10	2.7019168798255624	16.07409253318304
>50	0.22068283857004764	4.9408270172128255
>100	0.15128312564376728	9.688084020553907
>500	0.017981481168916194	4.024410870574254
>1k	0.013660359004074744	8.556848116357175
>5k	0.0011019884553656655	2.419963219888325
>10k+	5.405981101793831E-4	3.3625131103271184
>>END_MODULE
>>Overrepresented sequences	pass
>>END_MODULE
>>Adapter Content	pass
#Position	Illumina Universal Adapter	Illumina Small RNA 3' Adapter	Illumina Small RNA 5' Adapter	Nextera Transposase Sequence	SOLID Small RNA Adapter
1	2.2987376114794674E-4	7.445304004791797E-6	0.0	2.791989001796924E-6	0.0
2	3.424839842204227E-4	2.512790101617232E-5	0.0	1.209861900778667E-5	0.0
3	7.082345434558197E-4	2.8850553018568215E-5	0.0	1.209861900778667E-5	0.0
4	0.0032582511650970105	3.164254202036514E-5	0.0	1.209861900778667E-5	9.306630005989747E-7
5	0.004061413334613926	3.536519402276104E-5	0.0	1.3029282008385646E-5	2.791989001796924E-6
6	0.006401100118119748	3.629585702336001E-5	0.0	1.395994500898462E-5	3.7226520023958987E-6
7	0.007097236042567781	4.839447603114668E-5	0.0	1.395994500898462E-5	4.653315002994873E-6
8	0.008791973366658514	5.2117128033542585E-5	0.0	1.582127101018257E-5	5.583978003593848E-6
9	0.010612350195830109	5.304779103414156E-5	9.306630005989747E-7	1.954392301257847E-5	6.514641004192823E-6
10-11	0.015416897936422315	5.8166437537435914E-5	9.306630005989747E-7	2.0474586013177445E-5	7.910635505091285E-6
12-13	0.021717486450477372	6.281975254043079E-5	9.306630005989747E-7	2.2335912014375393E-5	9.306630005989746E-6
14-15	0.028880799566087682	8.09676810521108E-5	1.8613260011979493E-6	2.3266575014974367E-5	9.306630005989746E-6
16-17	0.03559785977291078	9.492762606109543E-5	2.791989001796924E-6	2.791989001796924E-5	9.771961506289235E-6
18-19	0.04198360395152065	1.0283826156618671E-4	3.7226520023958987E-6	2.978121601916719E-5	1.1167956007187696E-5
20-21	0.04812551442397358	1.0563025056798363E-4	3.7226520023958987E-6	3.2573205020964115E-5	1.1633287507487183E-5
22-23	0.05360293151399885	1.102835655709785E-4	3.7226520023958987E-6	3.536519402276104E-5	1.209861900778667E-5
24-25	0.05820040673695778	1.214515215781662E-4	5.118646503294361E-6	4.327582952785233E-5	1.3029282008385646E-5
26-27	0.06230974921610255	1.251741735805621E-4	5.583978003593848E-6	5.025580203234463E-5	1.6286602510482058E-5
28-29	0.06631485743918024	1.284314940826585E-4	5.583978003593848E-6	5.3978454034740534E-5	1.907859151227898E-5
30-31	0.07016966358766119	1.3168881458475493E-4	5.583978003593848E-6	5.7235774536836947E-5	2.0009254512877957E-5
32-33	0.07387184100404393	1.3680746108804927E-4	6.514641004192823E-6	5.9097100538034895E-5	2.2335912014375393E-5
34-35	0.07753772256340327	1.4937141159613543E-4	6.514641004192823E-6	6.328508404073027E-5	2.3731906515273854E-5
36-37	0.08146325909992976	1.758953071132062E-4	6.514641004192823E-6	6.514641004192823E-5	2.6989227017370267E-5
38-39	0.08534458914392778	1.8892458912159188E-4	6.514641004192823E-6	6.793839904372516E-5	2.7454558517669754E-5
40-41	0.08885644597668801	2.0102320812937852E-4	6.514641004192823E-6	7.119571954582157E-5	2.8385221518268728E-5
42-43	0.09214866634130689	2.0753784913357136E-4	6.514641004192823E-6	7.305704554701951E-5	2.9315884518867702E-5
44-45	0.09543762938542366	2.1870580514075905E-4	6.514641004192823E-6	7.538370304851695E-5	3.071187901976617E-5
46-47	0.09865167405799222	2.2894309814734779E-4	6.514641004192823E-6	7.957168655121234E-5	3.071187901976617E-5
48-49	0.10190341058208503	2.3685373365243907E-4	6.514641004192823E-6	8.701699055600415E-5	3.2107873520664625E-5
50-51	0.10550042307940008	2.4383370615693137E-4	6.514641004192823E-6	9.306630005989747E-5	3.350386802156309E-5
52-53	0.10912163281473068	2.55932325164718E-4	6.514641004192823E-6	9.678895206229336E-5	3.4899862522461554E-5
54-55	0.11286289807713856	2.708229331743016E-4	6.97997250449231E-6	9.911560956379082E-5	3.583052552306052E-5
56-57	0.1166418551910707	2.838522151826873E-4	7.445304004791797E-6	1.0702624506888209E-4	3.629585702336001E-5
58-59	0.12063579545814121	3.094454476991591E-4	8.375967005390772E-6	1.1121422857157747E-4	3.629585702336001E-5
60-61	0.12491777592389708	3.234053927081437E-4	8.375967005390772E-6	1.1586754357457235E-4	3.629585702336001E-5
62-63	0.1295254884398626	3.4434531022162066E-4	8.375967005390772E-6	1.2331284757936416E-4	3.67611885236595E-5
64-65	0.13441053853000662	3.5830525523060527E-4	8.375967005390772E-6	1.2982748858355697E-4	3.9553177525456424E-5
66-67	0.1396860017489019	3.6714655373629553E-4	8.375967005390772E-6	1.326194775853539E-4	4.187983502695386E-5
68-69	0.14534862077604638	3.764531837422853E-4	8.375967005390772E-6	1.400647815901457E-4	4.187983502695386E-5
70-71	0.15170784105913915	3.8808647124977244E-4	8.375967005390772E-6	1.4471809659314056E-4	4.234516652725335E-5
72-73	0.15920153953996213	4.034424107596555E-4	8.84129850569026E-6	1.512327375973334E-4	4.281049802755284E-5
74-75	0.16780970696400233	4.22055670771635E-4	9.306630005989746E-6	1.5588605260032827E-4	4.327582952785233E-5
76-77	0.1775649165362808	4.2531299127373146E-4	1.0237293006588722E-5	1.619353621042216E-4	4.4671824028750786E-5
78-79	0.18921681730377996	4.295009747764268E-4	1.0237293006588722E-5	1.6658867710721647E-4	4.5137155529050276E-5
80-81	0.2035122663244805	4.41134262283914E-4	1.0237293006588722E-5	1.7356864961170877E-4	4.6533150029948734E-5
82-83	0.22206037992641806	4.504408922899037E-4	1.0237293006588722E-5	1.7868729611500314E-4	4.6998481530248224E-5
84-85	0.24695654585544125	4.5881685929529455E-4	1.0237293006588722E-5	1.8938992062189137E-4	4.792914453084719E-5
86-87	0.2772533491769403	4.718461413036802E-4	1.209861900778667E-5	2.1591381613896213E-4	4.839447603114668E-5
88-89	0.3135529288523027	4.7743011930727406E-4	1.2563950508086158E-5	2.2894309814734779E-4	5.072113353264412E-5
>>END_MODULE
