##FastQC	0.11.8
>>Basic Statistics	pass
#Measure	Value
Filename	forward.gz
File type	Conventional base calls
Encoding	Sanger / Illumina 1.9
Total Sequences	83417309
Sequences flagged as poor quality	0
Sequence length	100
%GC	49
>>END_MODULE
>>Per base sequence quality	pass
#Base	Mean	Median	Lower Quartile	Upper Quartile	10th Percentile	90th Percentile
1	32.66161830993613	33.0	33.0	33.0	33.0	33.0
2	32.70076422628306	33.0	33.0	33.0	33.0	33.0
3	32.59567306348854	33.0	33.0	33.0	33.0	33.0
4	34.08102908234549	37.0	37.0	37.0	33.0	37.0
5	34.952964749797914	37.0	37.0	37.0	33.0	37.0
6	36.03805385282807	37.0	37.0	37.0	33.0	37.0
7	36.325682670967005	37.0	37.0	37.0	33.0	37.0
8	36.34376086142985	37.0	37.0	37.0	37.0	37.0
9	36.36062648580524	37.0	37.0	37.0	37.0	37.0
10-11	36.357966078718746	37.0	37.0	37.0	37.0	37.0
12-13	36.327572176896766	37.0	37.0	37.0	37.0	37.0
14-15	38.18183579261709	40.0	37.0	40.0	35.0	40.0
16-17	38.20116495846204	40.0	37.0	40.0	35.0	40.0
18-19	38.1727986034649	40.0	37.0	40.0	33.0	40.0
20-21	38.16358446063035	40.0	37.0	40.0	33.0	40.0
22-23	38.075604099144456	40.0	37.0	40.0	33.0	40.0
24-25	38.04076293686242	40.0	37.0	40.0	33.0	40.0
26-27	36.52826485927519	40.0	37.0	40.0	27.5	40.0
28-29	36.468141246320954	40.0	37.0	40.0	27.5	40.0
30-31	37.42244541237838	40.0	37.0	40.0	33.0	40.0
32-33	37.434801750797305	40.0	37.0	40.0	33.0	40.0
34-35	37.40833141117031	40.0	37.0	40.0	33.0	40.0
36-37	37.301284736960284	40.0	37.0	40.0	33.0	40.0
38-39	37.232130276463366	40.0	37.0	40.0	33.0	40.0
40-41	37.18373496680407	40.0	37.0	40.0	33.0	40.0
42-43	37.196555153799075	40.0	37.0	40.0	33.0	40.0
44-45	37.22365555450848	40.0	37.0	40.0	33.0	40.0
46-47	37.08203481486079	40.0	37.0	40.0	33.0	40.0
48-49	36.918745316994105	38.5	37.0	40.0	33.0	40.0
50-51	36.79477847337415	37.0	37.0	40.0	33.0	40.0
52-53	36.643123221584624	37.0	37.0	40.0	33.0	40.0
54-55	36.465860874270106	37.0	37.0	40.0	33.0	40.0
56-57	36.2943076957805	37.0	37.0	40.0	33.0	40.0
58-59	36.06043022198187	37.0	37.0	40.0	33.0	40.0
60-61	35.8399948684511	37.0	37.0	40.0	33.0	40.0
62-63	35.583395371816664	37.0	35.0	40.0	33.0	40.0
64-65	35.298372002146465	37.0	33.0	37.0	30.0	40.0
66-67	35.03256925370249	37.0	33.0	37.0	27.0	40.0
68-69	34.80842371695304	37.0	33.0	37.0	27.0	40.0
70-71	34.55266915886725	37.0	33.0	37.0	27.0	40.0
72-73	34.277978674665704	37.0	33.0	37.0	27.0	37.0
74-75	34.06860488630723	37.0	33.0	37.0	27.0	37.0
76-77	33.24006281478104	35.0	33.0	37.0	27.0	37.0
78-79	33.626523621134794	37.0	33.0	37.0	27.0	37.0
80-81	33.537199395871184	37.0	33.0	37.0	27.0	37.0
82-83	33.387961466126896	37.0	33.0	37.0	27.0	37.0
84-85	33.354678110031095	37.0	33.0	37.0	27.0	37.0
86-87	33.2034780875034	37.0	33.0	37.0	27.0	37.0
88-89	33.06100697877943	37.0	33.0	37.0	27.0	37.0
90-91	32.89748028793401	37.0	33.0	37.0	27.0	37.0
92-93	32.719454304142076	37.0	33.0	37.0	27.0	37.0
94-95	32.537126569259144	37.0	33.0	37.0	27.0	37.0
96-97	32.36622522790803	35.0	33.0	37.0	27.0	37.0
98-99	32.13948758524445	33.0	33.0	37.0	27.0	37.0
100	30.74431746533564	33.0	33.0	37.0	22.0	37.0
>>END_MODULE
>>Per sequence quality scores	pass
#Quality	Count
2	339.0
3	317.0
4	588.0
5	1174.0
6	2931.0
7	7876.0
8	19976.0
9	36340.0
10	53671.0
11	65799.0
12	80206.0
13	90101.0
14	99012.0
15	109669.0
16	121998.0
17	134929.0
18	148911.0
19	164374.0
20	184019.0
21	210660.0
22	249488.0
23	306167.0
24	384515.0
25	486325.0
26	617560.0
27	784982.0
28	975858.0
29	1233486.0
30	1563028.0
31	2006835.0
32	2620886.0
33	3510400.0
34	4877089.0
35	7530604.0
36	1.4414741E7
37	2.65861E7
38	1.371783E7
39	18525.0
>>END_MODULE
>>Per base sequence content	warn
#Base	G	A	T	C
1	29.81927267413569	13.061393807333776	11.704318197887673	45.41501532064286
2	21.255997361410927	18.75611211577204	32.531477370002435	27.4564131528146
3	24.25932128786365	21.286778742766685	23.530046983414437	30.92385298595523
4	26.490337580852064	28.219897998942773	19.95229933705069	25.33746508315447
5	31.287707926420882	28.832488470708164	20.25825239699353	19.621551205877427
6	25.351196596380255	33.259711123023635	20.299177955980337	21.08991432461577
7	21.895766261172486	19.825994386848418	36.66008334073687	21.618156011242224
8	22.354299393666608	22.465930901702908	28.141089998479814	27.038679706150674
9	22.962517287629115	20.873034875771406	30.806383361036016	25.35806447556346
10-11	25.785921720394985	29.49720602950642	21.779719002923002	22.937153247175594
12-13	24.46070215475304	23.794392600221617	26.544744448661127	25.20016079636422
14-15	24.514496745513572	24.90662159816256	26.008303624371294	24.57057803195258
16-17	25.215590032388974	24.75850447041405	25.284302327240205	24.741603169956772
18-19	24.93208897102736	24.875743049699675	25.27312313338851	24.919044845884457
20-21	24.91822950078622	24.781078708736576	25.286361730992784	25.01433005948442
22-23	24.95406858545389	25.137451988531538	25.061446180192647	24.84703324582192
24-25	24.866418529850623	24.981549298820607	25.134845602719945	25.017186568608818
26-27	24.798391991714144	25.353492517617294	25.014442258851528	24.833673231817034
28-29	24.963325657028808	24.719388874076483	25.240492353931003	25.076793114963706
30-31	24.54144111014335	24.79958505530353	25.429980699043607	25.228993135509516
32-33	24.615646966588418	24.884831061146635	25.294320754736777	25.205201217528174
34-35	25.097110889375525	24.903288325798616	24.996569806555552	25.003030978270314
36-37	24.778354286066413	24.958855922807928	25.193355732815352	25.069434058310307
38-39	24.76374363122534	25.036966754410265	24.991685350324047	25.207604264040352
40-41	24.919113860578047	24.905093008761465	24.985967455145598	25.189825675514893
42-43	24.640703495533664	25.023843420244862	25.218603657171045	25.11684942705043
44-45	24.748531658786113	24.991068263825593	25.390109379466036	24.870290697922258
46-47	24.871332166873444	25.185763836521435	24.937470371823494	25.00543362478163
48-49	24.777544804750633	25.15248103781613	25.141461631830897	24.92851252560234
50-51	24.873243293663716	24.903805917172363	25.25893633580572	24.964014453358196
52-53	24.776329228835483	25.132509204856657	24.926836641229336	25.164324925078525
54-55	24.62574999186184	25.093485691621343	25.106042133411698	25.174722183105114
56-57	24.57114088870254	25.036182919968997	25.322520280199136	25.070155911129326
58-59	24.591983757483586	25.127585481215952	25.14312162717533	25.13730913412513
60-61	24.56878452244167	25.017803676849354	25.35133645995803	25.062075340750944
62-63	24.579024258396817	25.15682053802938	25.408951448087162	24.85520375548664
64-65	24.844598343231254	25.130528662636515	25.17033876265008	24.854534231482155
66-67	24.511283594490834	25.12197595327224	25.256903169724414	25.10983728251251
68-69	24.631443732081248	25.257093256987112	25.373666521849657	24.73779648908198
70-71	24.73610269634933	25.16591547565031	25.094827304262207	25.003154523738157
72-73	24.533226767630616	25.279977701419366	25.223722697493766	24.963072833456252
74-75	24.640058405649434	25.341972188579025	25.19718522053199	24.820784185239553
76-77	24.712344451460798	25.3482726807427	25.058999022815993	24.88038384498051
78-79	24.686386874206946	25.197120715014908	25.23761289293291	24.878879517845235
80-81	24.74710954440493	25.287523548533997	25.045495030052706	24.919871877008372
82-83	24.9179278741742	25.362992228553683	24.91495140645174	24.80412849082038
84-85	24.732428116859538	25.444664374921565	24.920197123164193	24.9027103850547
86-87	24.755414950248408	25.525339600929293	25.029906401163004	24.689339047659296
88-89	24.807535170065336	25.375954671895624	24.98516697625974	24.831343181779296
90-91	24.612724999933448	25.290397942748115	25.127480446578893	24.96939661073954
92-93	24.544049714087404	25.564873381222693	25.092572593705736	24.798504310984168
94-95	24.713914942307376	25.544539979879644	24.977374503805525	24.76417057400746
96-97	24.712939738273835	25.34626460096929	24.91863307645087	25.022162584306006
98-99	24.685191167306677	25.35146673324299	25.311680274625413	24.65166182482492
100	25.07042012393213	25.33867310445686	24.601586441739162	24.98932032987185
>>END_MODULE
>>Per sequence GC content	pass
#GC Content	Count
0	316.0
1	225.5
2	138.5
3	151.0
4	157.5
5	166.5
6	203.5
7	239.5
8	298.5
9	384.5
10	446.0
11	522.5
12	664.0
13	890.5
14	1206.0
15	1713.0
16	2474.5
17	3558.5
18	5551.5
19	9005.0
20	14669.0
21	23265.5
22	35610.5
23	53318.5
24	77102.0
25	108349.5
26	148607.0
27	197875.0
28	257010.0
29	322566.0
30	394217.5
31	488884.5
32	615727.5
33	755504.5
34	903806.0
35	1081079.5
36	1292774.0
37	1524289.0
38	1737586.5
39	1940297.0
40	2157916.5
41	2339797.5
42	2571451.0
43	2790611.0
44	2886848.5
45	2962553.0
46	3047588.0
47	3109306.0
48	3149000.0
49	3184010.0
50	3188814.0
51	3108706.0
52	2988412.0
53	2941311.5
54	2890428.0
55	2806915.5
56	2607854.5
57	2390658.0
58	2237451.0
59	2108395.0
60	2003261.5
61	1851703.5
62	1693189.5
63	1543815.5
64	1395495.0
65	1229949.5
66	1083286.0
67	954318.0
68	815958.0
69	678027.0
70	555808.0
71	451610.5
72	369330.5
73	302677.5
74	252811.0
75	209272.0
76	163966.0
77	124890.0
78	93950.0
79	68177.5
80	44880.0
81	26470.5
82	14735.5
83	8232.5
84	4397.0
85	2554.0
86	1709.0
87	1201.0
88	858.0
89	613.5
90	460.5
91	349.0
92	236.0
93	145.5
94	89.5
95	62.0
96	47.0
97	29.5
98	11.0
99	6.0
100	4.0
>>END_MODULE
>>Per base N content	warn
#Base	N-Count
1	0.08621232315226088
2	0.0
3	0.0
4	7.115270285211431
5	0.0
6	0.0
7	0.0
8	0.0
9	0.0
10-11	0.0
12-13	0.0
14-15	0.0
16-17	7.804135710011936E-4
18-19	5.34661217613721E-4
20-21	0.0
22-23	0.0
24-25	5.094865862911018E-4
26-27	2.482652611102571
28-29	0.0
30-31	0.00800253578067353
32-33	0.017648015953139893
34-35	0.004370795514393781
36-37	0.007377365769495154
38-39	0.015960716258540536
40-41	0.04118809442774041
42-43	0.02785153378659098
44-45	0.026695298933702115
46-47	0.02666413034254078
48-49	0.03907642237655976
50-51	0.025566636296071362
52-53	0.004964796934410819
54-55	0.016668003519509363
56-57	0.004781381763346022
58-59	0.002583996086471694
60-61	0.007394148857043566
62-63	0.035812111848393474
64-65	0.02112151567967746
66-67	0.03212103137971041
68-69	0.025483320254313168
70-71	0.04441763998884212
72-73	0.05201858046032149
74-75	0.01564243699110457
76-77	0.011728381216421162
78-79	0.00291666085752059
80-81	0.009498628156417752
82-83	0.015678400750136882
84-85	0.020335707544821422
86-87	0.004970790894249537
88-89	0.0126017011649225
90-91	0.027513474451687236
92-93	0.03683108502097568
94-95	0.02360481324085868
96-97	0.018560896036576773
98-99	0.009922401117015174
100	0.007783756246560291
>>END_MODULE
>>Sequence Length Distribution	pass
#Length	Count
100	8.3417309E7
>>END_MODULE
>>Sequence Duplication Levels	fail
#Total Deduplicated Percentage	33.96951741720252
#Duplication Level	Percentage of deduplicated	Percentage of total
1	69.39632870307464	23.57359796569005
2	14.610818464061357	9.926449045890326
3	5.6690438687350175	5.7772405331363785
4	2.9138531311893803	3.9592873876443093
5	1.7206195946653786	2.922430864468276
6	1.089984888367366	2.2215756389929666
7	0.7848164909970003	1.8661886222161257
8	0.5715406211416602	1.5531967267608295
9	0.41984277642367107	1.2835670855589498
>10	2.4335947853376987	15.189431368402245
>50	0.2030866579028491	4.796254442433433
>100	0.15457677096360947	10.588396789851094
>500	0.01841744163248032	4.3225231971466025
>1k	0.012309862779378901	7.968785007899603
>5k	8.015856257814732E-4	1.8600975489711156
>10k+	3.643571026279423E-4	2.190977774937734
>>END_MODULE
>>Overrepresented sequences	pass
>>END_MODULE
>>Adapter Content	pass
#Position	Illumina Universal Adapter	Illumina Small RNA 3' Adapter	Illumina Small RNA 5' Adapter	Nextera Transposase Sequence	SOLID Small RNA Adapter
1	2.3975839354875377E-4	8.391543774206383E-6	0.0	3.5963759032313064E-6	0.0
2	3.452520867102054E-4	5.274684658072583E-5	0.0	2.277704738713161E-5	0.0
3	7.396546440979054E-4	5.634322248395714E-5	0.0	2.397583935487538E-5	1.1987919677437689E-6
4	0.002530649843907096	5.75420144517009E-5	0.0	3.236738312908176E-5	1.1987919677437689E-6
5	0.003185190258295194	6.233718232267598E-5	0.0	3.4764967064569294E-5	1.1987919677437689E-6
6	0.004947414450878534	6.593355822590729E-5	0.0	3.7162551000056834E-5	1.1987919677437689E-6
7	0.005530027347202006	8.511422970980758E-5	0.0	4.0758926903288144E-5	1.1987919677437689E-6
8	0.006734813274784494	9.830094135498905E-5	0.0	4.555409477426322E-5	1.1987919677437689E-6
9	0.008313622296303037	1.0549369316145166E-4	0.0	4.915047067749453E-5	1.1987919677437689E-6
10-11	0.012498605055696534	1.1688221685501746E-4	0.0	5.3346242564597715E-5	1.1987919677437689E-6
12-13	0.018272586568334394	1.3006892850019893E-4	1.1987919677437689E-6	6.053899437106033E-5	3.5963759032313064E-6
14-15	0.024846761719441224	1.60638123677665E-4	1.1987919677437689E-6	6.653295420977918E-5	3.5963759032313064E-6
16-17	0.031040320420789407	1.7622241925833402E-4	1.1987919677437689E-6	7.372570601624178E-5	4.7951678709750755E-6
18-19	0.036953961197669416	1.7921939917769344E-4	2.3975839354875378E-6	8.271664577432006E-5	7.792147790334498E-6
20-21	0.04244802478583912	1.888097349196436E-4	2.3975839354875378E-6	8.631302167755135E-5	9.590335741950151E-6
22-23	0.047611221790911526	1.9720127869385E-4	2.3975839354875378E-6	9.290637750014209E-5	1.078912770969392E-5
24-25	0.05205574301132154	2.115867823067752E-4	2.3975839354875378E-6	9.530396143562963E-5	1.198791967743769E-5
26-27	0.055982985497650135	2.2117711804872536E-4	2.3975839354875378E-6	9.710214938724528E-5	1.2587315661309574E-5
28-29	0.059795743351059194	2.265716819035723E-4	2.3975839354875378E-6	1.0129792127434846E-4	1.498489959679711E-5
30-31	0.0635689410695327	2.3915899756488189E-4	2.3975839354875378E-6	1.0549369316145166E-4	1.7981879516156535E-5
32-33	0.06699329032539278	2.553426891294228E-4	2.9969799193594223E-6	1.0909006906468297E-4	2.277704738713161E-5
34-35	0.07029416400857524	2.8351430037140137E-4	3.5963759032313064E-6	1.1328584095178615E-4	2.397583935487538E-5
36-37	0.0742987285768233	3.296677911295364E-4	3.5963759032313064E-6	1.1388523693565804E-4	2.6373423290362915E-5
38-39	0.07817921817640988	3.536436304844118E-4	3.5963759032313064E-6	1.1987919677437689E-4	2.6373423290362915E-5
40-41	0.08158618494873768	3.6742973811346516E-4	3.5963759032313064E-6	1.2587315661309573E-4	2.69728192742348E-5
42-43	0.08483371238935555	3.7582128188767155E-4	3.5963759032313064E-6	1.2946953251632704E-4	2.996979919359422E-5
44-45	0.08813398667655414	3.8840859754898113E-4	3.5963759032313064E-6	1.3666228432278966E-4	3.236738312908176E-5
46-47	0.091236460289075	4.1717960477483156E-4	3.5963759032313064E-6	1.384604722744053E-4	3.236738312908176E-5
48-49	0.09441445779556375	4.4055604814583507E-4	3.5963759032313064E-6	1.426562441615085E-4	3.236738312908176E-5
50-51	0.09795389108032723	4.5434215577488837E-4	3.5963759032313064E-6	1.4805080801635545E-4	3.356617509682553E-5
52-53	0.10171809785904265	4.92703498742689E-4	3.5963759032313064E-6	1.5464416383894619E-4	3.356617509682553E-5
54-55	0.10565852705701642	5.262696738395146E-4	3.5963759032313064E-6	1.6003872769379315E-4	3.4165571080697416E-5
56-57	0.1095689864557966	5.424533654040554E-4	3.5963759032313064E-6	1.7082785540348705E-4	3.536436304844118E-5
58-59	0.11366825558949642	5.826128963234716E-4	3.5963759032313064E-6	1.7981879516156533E-4	3.776194698392872E-5
60-61	0.1183717158749391	6.023929637912438E-4	3.5963759032313064E-6	1.9360490279061868E-4	3.8361342967800604E-5
62-63	0.12353970804788249	6.407543067590445E-4	3.5963759032313064E-6	1.9540309074223434E-4	3.9560134935544374E-5
64-65	0.1291740302962782	6.677271260332792E-4	3.5963759032313064E-6	2.0918919837128766E-4	3.9560134935544374E-5
66-67	0.1351092493285776	6.893053814526671E-4	4.195771887103191E-6	2.151831582100065E-4	3.9560134935544374E-5
68-69	0.14168462327165215	7.024920930978485E-4	4.7951678709750755E-6	2.2417409796808476E-4	3.9560134935544374E-5
70-71	0.14926938005156698	7.390552481140335E-4	4.7951678709750755E-6	2.3796020559713812E-4	4.075892690328814E-5
72-73	0.15824173853414525	7.852087388721687E-4	4.7951678709750755E-6	2.4874933330683204E-4	4.195771887103191E-5
74-75	0.16840569623266077	8.223712898722254E-4	4.7951678709750755E-6	2.5594208511329466E-4	4.195771887103191E-5
76-77	0.1797816326105653	8.499435051303321E-4	4.7951678709750755E-6	2.673306088068605E-4	4.315651083877568E-5
78-79	0.19293178110073056	8.547386730013072E-4	4.7951678709750755E-6	2.7452336061332304E-4	4.435530280651945E-5
80-81	0.2093210654877395	8.7152176054972E-4	4.7951678709750755E-6	2.8711067627463263E-4	4.675288674200699E-5
82-83	0.23117744064364387	8.805127003077983E-4	5.993959838718845E-6	2.95502220048839E-4	4.675288674200699E-5
84-85	0.26021457968633344	8.966963918723392E-4	5.993959838718845E-6	3.0988772366176426E-4	4.675288674200699E-5
86-87	0.2949411854079349	9.28464379017549E-4	5.993959838718845E-6	3.938031614038281E-4	4.675288674200699E-5
88-89	0.3356977147272876	9.404522986949866E-4	6.593355822590729E-6	4.2856812846839737E-4	4.735228272587887E-5
>>END_MODULE
