##FastQC	0.11.8
>>Basic Statistics	pass
#Measure	Value
Filename	SRR3184282_reverse.gz
File type	Conventional base calls
Encoding	Sanger / Illumina 1.9
Total Sequences	72397468
Sequences flagged as poor quality	0
Sequence length	100
%GC	50
>>END_MODULE
>>Per base sequence quality	pass
#Base	Mean	Median	Lower Quartile	Upper Quartile	10th Percentile	90th Percentile
1	31.893495529429288	33.0	33.0	33.0	33.0	33.0
2	31.925888858433556	33.0	33.0	33.0	33.0	33.0
3	31.97441099735698	33.0	33.0	33.0	33.0	33.0
4	35.77127318872533	37.0	37.0	37.0	33.0	37.0
5	35.76996172020823	37.0	37.0	37.0	33.0	37.0
6	35.75794623093725	37.0	37.0	37.0	33.0	37.0
7	35.70004607067197	37.0	37.0	37.0	33.0	37.0
8	35.687568880171334	37.0	37.0	37.0	33.0	37.0
9	35.69127505950899	37.0	37.0	37.0	33.0	37.0
10-11	35.720149501637266	37.0	37.0	37.0	33.0	37.0
12-13	35.6799573156343	37.0	37.0	37.0	33.0	37.0
14-15	37.573852216765374	40.0	37.0	40.0	33.0	40.0
16-17	37.545718477336806	40.0	37.0	40.0	33.0	40.0
18-19	37.49816677290427	40.0	37.0	40.0	33.0	40.0
20-21	37.435620372800884	40.0	37.0	40.0	33.0	40.0
22-23	37.32690269637607	40.0	37.0	40.0	33.0	40.0
24-25	37.282909445120374	40.0	37.0	40.0	33.0	40.0
26-27	37.21313299934744	40.0	37.0	40.0	33.0	40.0
28-29	37.12081403178354	40.0	37.0	40.0	33.0	40.0
30-31	37.034552285723585	40.0	37.0	40.0	33.0	40.0
32-33	36.93394850493942	40.0	37.0	40.0	33.0	40.0
34-35	36.79776083467449	40.0	37.0	40.0	33.0	40.0
36-37	36.66636233051686	40.0	37.0	40.0	33.0	40.0
38-39	36.53117430847168	40.0	37.0	40.0	33.0	40.0
40-41	36.35882812227632	40.0	37.0	40.0	33.0	40.0
42-43	36.42801154316612	40.0	37.0	40.0	33.0	40.0
44-45	36.32412121097937	40.0	37.0	40.0	33.0	40.0
46-47	36.12209464286789	37.0	37.0	40.0	33.0	40.0
48-49	35.95897699764859	37.0	37.0	40.0	33.0	40.0
50-51	35.30128099231315	37.0	35.0	38.5	30.0	40.0
52-53	35.45272521823553	37.0	37.0	40.0	30.0	40.0
54-55	35.76476477740907	37.0	37.0	40.0	33.0	40.0
56-57	35.67931082893672	37.0	37.0	40.0	30.0	40.0
58-59	35.52259688142685	37.0	37.0	40.0	27.0	40.0
60-61	35.319264155757494	37.0	37.0	40.0	27.0	40.0
62-63	35.074729015384904	37.0	33.0	40.0	27.0	40.0
64-65	34.82067998565917	37.0	33.0	40.0	27.0	40.0
66-67	34.5762708441682	37.0	33.0	37.0	27.0	40.0
68-69	34.34452317448449	37.0	33.0	37.0	27.0	40.0
70-71	34.11563819469488	37.0	33.0	37.0	27.0	40.0
72-73	33.862116793918815	37.0	33.0	37.0	27.0	40.0
74-75	33.61534892352866	37.0	33.0	37.0	27.0	37.0
76-77	33.40879870273916	37.0	33.0	37.0	27.0	37.0
78-79	33.21421803729379	37.0	33.0	37.0	27.0	37.0
80-81	33.031407811112956	37.0	33.0	37.0	27.0	37.0
82-83	32.86016035809429	37.0	33.0	37.0	27.0	37.0
84-85	32.696785335089345	37.0	33.0	37.0	27.0	37.0
86-87	32.51469171546165	37.0	33.0	37.0	27.0	37.0
88-89	32.34287074791068	37.0	33.0	37.0	22.0	37.0
90-91	32.1749997596601	37.0	33.0	37.0	22.0	37.0
92-93	32.00830550455162	37.0	33.0	37.0	22.0	37.0
94-95	31.807746439419677	37.0	33.0	37.0	22.0	37.0
96-97	31.572693060204813	35.0	33.0	37.0	22.0	37.0
98-99	31.366470240368074	33.0	33.0	37.0	15.0	37.0
100	29.56781831099397	33.0	27.0	37.0	15.0	37.0
>>END_MODULE
>>Per sequence quality scores	pass
#Quality	Count
2	645355.0
3	111516.0
4	90514.0
5	90222.0
6	92422.0
7	97875.0
8	103392.0
9	112109.0
10	121692.0
11	125194.0
12	127307.0
13	129693.0
14	134617.0
15	143190.0
16	150327.0
17	157545.0
18	164363.0
19	171802.0
20	185827.0
21	207839.0
22	240645.0
23	287886.0
24	348077.0
25	424666.0
26	518606.0
27	634397.0
28	781399.0
29	970397.0
30	1224517.0
31	1579116.0
32	2091696.0
33	2826596.0
34	3879357.0
35	5692896.0
36	1.0145214E7
37	2.1316743E7
38	1.623115E7
39	41309.0
>>END_MODULE
>>Per base sequence content	fail
#Base	G	A	T	C
1	26.029905596491737	11.10919752741775	15.944643906184439	46.91625296990607
2	23.77262132341225	17.93140327085855	29.474304271868068	28.82167113386113
3	27.669670851758788	19.296713465314046	21.858817891535757	31.174797791391406
4	29.880098993184927	22.852286480766473	18.61056516922653	28.65704935682207
5	31.747205820403252	26.06337366154486	21.553378296790477	20.636042221261413
6	27.10964682778483	30.763243617932222	19.874809494044555	22.252300060238397
7	23.215618184272095	18.59307401493314	36.35237626562006	21.83893153517471
8	23.796920663887214	22.205904831274058	27.421328601540125	26.575845903298607
9	22.850815537529037	20.632694074422265	30.885092659367995	25.631397728680703
10-11	26.082338450868885	28.044067396642347	22.19885878784934	23.674735364639428
12-13	25.127323718729	23.513658789492485	26.09563248721583	25.26338500456268
14-15	25.385241671366515	24.448356281183745	25.551045280726548	24.61535676672319
16-17	25.838159055154886	24.219813426197234	24.843549516180897	25.098478002466983
18-19	25.598394470900242	24.39587221692176	24.83318223512172	25.172551077056276
20-21	25.482435248897485	24.540867010404384	24.867017810368015	25.109679930330113
22-23	25.598937526515442	24.360790717135608	24.836529599119075	25.203742157229875
24-25	25.38191468248321	24.554029532438157	24.940967344668746	25.12308844040989
26-27	25.33440225622387	24.767273828932176	24.80155785833879	25.09676605650516
28-29	25.55051235064287	24.354697214554704	24.64398230445923	25.4508081303432
30-31	25.24938476515109	24.474790245353375	24.76677754332607	25.509047446169465
32-33	25.242013295024464	24.609796497677486	24.89731537669869	25.25087483059936
34-35	25.514309149725385	24.483301250773014	24.636328164058686	25.366061435442916
36-37	25.343887816389156	24.56864916880559	24.669846016900692	25.417616997904563
38-39	25.357051285526623	24.64656318491098	24.713407578868026	25.28297795069437
40-41	25.50650968634112	24.411974370726732	24.57751469445942	25.504001248472736
42-43	25.251630985186356	24.52216504026535	24.785390615215963	25.440813359332324
44-45	25.35982999580222	24.70266908947131	24.72822237699254	25.20927853773393
46-47	25.500270453430108	24.573745180434763	24.572697189800333	25.353287176334792
48-49	25.295913327519838	24.540879522991798	24.741184843248146	25.422022306240223
50-51	25.23770534347667	24.67982480020251	24.760476560535956	25.32199329578486
52-53	25.387017736856386	24.54263021948248	24.57689475575029	25.493457287910847
54-55	25.137530687830413	24.582558313999936	24.84580331023685	25.4341076879328
56-57	25.192515188644172	24.68521595814413	24.88791837619272	25.234350477018975
58-59	25.2927914905342	24.567425285519064	24.703175869433462	25.436607354513274
60-61	25.054606677666307	24.8069306630162	24.7555028296255	25.382959829691988
62-63	25.063055959491248	24.9687883360205	24.78158327284658	25.186572431641675
64-65	25.232026250418937	24.7604500635421	24.619639786384507	25.387883899654458
66-67	25.109183701780708	24.814012402297408	24.766315296305173	25.31048859961671
68-69	25.173026904657704	24.953512141920893	24.690465618062632	25.182995335358775
70-71	25.32890997785283	24.660623316920923	24.600466527845537	25.41000017738071
72-73	25.121275170824365	24.83508557340247	24.749138266229615	25.29450098954355
74-75	25.19886422149363	25.043808142531788	24.609143703620955	25.148183932353636
76-77	25.354547276241203	24.803630420638946	24.48777863560128	25.35404366751857
78-79	25.16537124733919	24.808906983959552	24.68326731191687	25.34245445678438
80-81	25.28974592936171	24.874319565505385	24.65738262888701	25.17855187624589
82-83	25.39393437311161	24.663577220943	24.56043531217331	25.38205309377208
84-85	25.13215752298222	24.804863391320477	24.755729247905382	25.30724983779192
86-87	25.16381335521711	24.980109029510164	24.732506886382588	25.123570728890137
88-89	25.319551937762853	24.74909622241058	24.449246927241155	25.482104912585417
90-91	25.175342014838098	24.784089401129677	24.61513582967555	25.42543275435668
92-93	25.26422378256173	24.998915751909976	24.535388728341275	25.20147173718702
94-95	25.48317151364312	24.810038828616367	24.37552146093865	25.331268196801865
96-97	25.330607428576347	24.861069320974284	24.580410465631143	25.22791278481823
98-99	25.444064448395793	24.971831637383026	24.457619828758904	25.12648408546228
100	25.531187146862727	24.67698678147013	24.239105262805996	25.552720808861153
>>END_MODULE
>>Per sequence GC content	pass
#GC Content	Count
0	189.0
1	172.0
2	161.5
3	203.0
4	291.0
5	381.0
6	451.5
7	556.0
8	697.0
9	816.5
10	894.0
11	1019.5
12	1203.0
13	1451.0
14	1765.5
15	2140.5
16	2753.5
17	3756.5
18	5370.0
19	7955.5
20	12299.0
21	19345.5
22	31153.5
23	47529.0
24	69495.0
25	100338.5
26	139272.0
27	188826.0
28	250290.0
29	324132.0
30	403734.5
31	487834.5
32	579444.0
33	680957.0
34	791738.0
35	919374.5
36	1055740.0
37	1203641.0
38	1360102.0
39	1517439.0
40	1663040.5
41	1774435.5
42	1878953.5
43	1982873.0
44	2076111.0
45	2199105.5
46	2293063.0
47	2312924.5
48	2327065.0
49	2359278.5
50	2419004.0
51	2502147.0
52	2561107.5
53	2554617.0
54	2511863.0
55	2488052.0
56	2404089.0
57	2287170.0
58	2222963.5
59	2165090.5
60	2071913.0
61	1942141.5
62	1809847.0
63	1684657.0
64	1543660.5
65	1372115.0
66	1194510.0
67	1037236.0
68	891050.5
69	738682.5
70	593145.5
71	473060.5
72	391102.0
73	323364.0
74	263430.5
75	214993.5
76	174515.5
77	137241.0
78	104101.0
79	74882.5
80	51300.5
81	33850.0
82	21588.5
83	14152.5
84	9326.0
85	6519.0
86	4964.0
87	3985.5
88	3285.0
89	2756.0
90	2340.0
91	1978.0
92	1673.0
93	1424.5
94	1160.0
95	965.5
96	828.5
97	679.5
98	526.0
99	392.5
100	257.5
>>END_MODULE
>>Per base N content	pass
#Base	N-Count
1	0.02787252172962734
2	0.007802759068866884
3	7.942266710211468E-4
4	2.2238346788592108E-4
5	1.3812637756889509E-5
6	1.7265797196111887E-4
7	0.001432370535389442
8	0.001317725642007259
9	0.0022901353400922807
10-11	0.002505612489099757
12-13	4.323355617906416E-4
14-15	9.288998891508194E-4
16-17	0.008002351684453936
18-19	0.012596435002395389
20-21	0.03257641551773606
22-23	0.04366865426840619
24-25	0.030763506812144313
26-27	0.01720018716676666
28-29	0.019853594879865138
30-31	0.009418837686422956
32-33	4.268105066878858E-4
34-35	5.511242464998914E-4
36-37	0.0019869479413285557
38-39	0.0013405164943061268
40-41	0.002505612489099757
42-43	0.008212994410246501
44-45	0.007746817885951482
46-47	0.02882283120730134
48-49	0.033086101850965284
50-51	0.019408137312205448
52-53	0.0026471920261078746
54-55	1.1119173394296054E-4
56-57	6.257124903870947E-4
58-59	0.0010027975011501784
60-61	0.0012065339080642985
62-63	0.0020111200574031126
64-65	0.008411896393945711
66-67	0.008679170934541522
68-69	0.012351951314098442
70-71	0.014906598667235158
72-73	0.02679720788025349
74-75	0.04291517487876786
76-77	0.02741739531553783
78-79	0.004882767447060441
80-81	2.2238346788592108E-4
82-83	0.002853000328685528
84-85	0.0038675385719290625
86-87	0.007353848341767975
88-89	0.014647611709293481
90-91	0.012351260682210598
92-93	0.01186850899260731
94-95	0.015599302450743167
96-97	0.02800581368398132
98-99	0.020503479486326786
100	0.011713116817842303
>>END_MODULE
>>Sequence Length Distribution	pass
#Length	Count
100	7.2397468E7
>>END_MODULE
>>Sequence Duplication Levels	fail
#Total Deduplicated Percentage	33.737659692620035
#Duplication Level	Percentage of deduplicated	Percentage of total
1	64.79084655522522	21.858915322769516
2	14.864639397839143	10.029962909156188
3	6.627964474539803	6.7083602969039715
4	3.542152712443277	4.780157711668092
5	2.2215968915865036	3.7475739951263973
6	1.4675867305835377	2.970776501149935
7	1.066329591067117	2.518282540451516
8	0.7906947478339794	2.134095225853185
9	0.6294789677568701	1.9113432478058718
>10	3.5450367173061816	21.953754570010435
>50	0.2775411035532318	6.463132976409075
>100	0.162211898693139	10.22229515707404
>500	0.009872519413766953	2.2413945329124374
>1k	0.0039205249705248765	2.1661287610796816
>5k	1.1075851843499452E-4	0.22847632380990232
>10k+	1.6408669397776965E-5	0.0653499278197543
>>END_MODULE
>>Overrepresented sequences	pass
>>END_MODULE
>>Adapter Content	pass
#Position	Illumina Universal Adapter	Illumina Small RNA 3' Adapter	Illumina Small RNA 5' Adapter	Nextera Transposase Sequence	SOLID Small RNA Adapter
1	2.0718956635334263E-5	1.519390153257846E-5	0.0	1.381263775688951E-6	1.381263775688951E-6
2	3.729412194360167E-5	1.0221351940098237E-4	0.0	1.7956429083956363E-5	1.381263775688951E-6
3	7.32069801115144E-5	1.1464489338218292E-4	0.0	2.3481484186712165E-5	2.762527551377902E-6
4	2.0995209390472055E-4	1.2016994848493872E-4	0.0	2.6244011738090068E-5	2.762527551377902E-6
5	2.7349022758641227E-4	1.298387949147614E-4	0.0	2.7625275513779018E-5	4.1437913270668525E-6
6	4.337168255663306E-4	1.3674511379320613E-4	0.0	3.038780306515692E-5	4.1437913270668525E-6
7	4.972549592480223E-4	1.7818302706387466E-4	0.0	3.038780306515692E-5	5.525055102755804E-6
8	6.257124903870947E-4	1.9890198369920892E-4	0.0	3.1769066840845874E-5	5.525055102755804E-6
9	8.025142536752805E-4	2.0995209390472055E-4	0.0	3.1769066840845874E-5	5.525055102755804E-6
10-11	0.0012452092937835892	2.2583662732514348E-4	0.0	3.5222226280068246E-5	5.525055102755804E-6
12-13	0.0018260307114607932	2.472462158483222E-4	0.0	4.005664949497958E-5	5.525055102755804E-6
14-15	0.002533237764613536	3.183813002963032E-4	0.0	4.627233648557986E-5	5.525055102755804E-6
16-17	0.003253566823635324	3.895163847442842E-4	0.0	5.2488023476180136E-5	5.525055102755804E-6
18-19	0.0039897804160775345	3.9711333551057336E-4	1.381263775688951E-6	5.663181480324699E-5	6.9063188784447545E-6
20-21	0.004696987469230278	4.054009181647071E-4	1.381263775688951E-6	6.353813368169175E-5	8.287582654133705E-6
22-23	0.0053454908119162405	4.2128545158513005E-4	2.762527551377902E-6	6.975382067229201E-5	9.668846429822656E-6
24-25	0.005927693493369133	4.35788721229864E-4	2.762527551377902E-6	7.804140332642573E-5	9.668846429822656E-6
26-27	0.0064601706788972235	4.4269504010830877E-4	2.762527551377902E-6	8.494772220487049E-5	9.668846429822656E-6
28-29	0.006982288386107646	4.5098262276244247E-4	2.762527551377902E-6	9.185404108331524E-5	1.2431373981200558E-5
30-31	0.007525125049953405	4.606514691922651E-4	3.4531594392223772E-6	9.530720052253761E-5	1.2431373981200558E-5
32-33	0.008045170861500294	4.7101094750993223E-4	4.1437913270668525E-6	9.530720052253761E-5	1.3812637756889509E-5
34-35	0.008585244997794674	5.234989709861123E-4	4.1437913270668525E-6	9.945099184960446E-5	1.519390153257846E-5
36-37	0.00916468515169619	5.953246873219378E-4	4.1437913270668525E-6	1.0221351940098237E-4	1.657516530826741E-5
38-39	0.009732384563504348	6.277843860506283E-4	4.1437913270668525E-6	1.098104701672716E-4	1.657516530826741E-5
40-41	0.01028696196944346	6.422876556953622E-4	4.1437913270668525E-6	1.1671678904571635E-4	1.9337692859645313E-5
42-43	0.010832561160840597	6.533377659008738E-4	4.1437913270668525E-6	1.2155121226062768E-4	2.2100220411023216E-5
44-45	0.011450676700461402	6.75437986311897E-4	4.1437913270668525E-6	1.2845753113907246E-4	2.3481484186712165E-5
46-47	0.012112992680904254	6.961569429472312E-4	4.1437913270668525E-6	1.353638500175172E-4	2.6244011738090068E-5
48-49	0.012815365310842087	7.099695807041208E-4	4.1437913270668525E-6	1.4157953700811747E-4	2.6244011738090068E-5
50-51	0.013655864318348813	7.210196909096324E-4	4.1437913270668525E-6	1.519390153257846E-4	2.6244011738090068E-5
52-53	0.014584073575611787	7.56932549077545E-4	4.1437913270668525E-6	1.574640704285404E-4	2.6244011738090068E-5
54-55	0.015637287204574614	8.059674131145028E-4	4.1437913270668525E-6	1.6644228497051858E-4	2.6244011738090068E-5
56-57	0.016798930039929022	8.425709031702601E-4	4.1437913270668525E-6	1.6989544440974098E-4	2.7625275513779018E-5
58-59	0.01812770579214179	8.971308223099736E-4	4.1437913270668525E-6	1.8163618650309703E-4	3.038780306515692E-5
60-61	0.019713396606632707	9.420218950198646E-4	4.1437913270668525E-6	2.0995209390472055E-4	3.038780306515692E-5
62-63	0.02185090229951136	0.0010352571998788686	4.1437913270668525E-6	2.3067105054005478E-4	3.1769066840845874E-5
64-65	0.024512597595263967	0.0010753138493738482	4.1437913270668525E-6	2.562244303903004E-4	3.1769066840845874E-5
66-67	0.027543090319125524	0.001095342174121338	4.1437913270668525E-6	2.714183319228789E-4	3.1769066840845874E-5
68-69	0.031203439324701245	0.00111260797131745	4.1437913270668525E-6	2.886841291189907E-4	3.1769066840845874E-5
70-71	0.0359031893214829	0.0011395426149433845	4.1437913270668525E-6	3.0249676687588026E-4	3.1769066840845874E-5
72-73	0.042404797913650795	0.0011747648412234527	4.1437913270668525E-6	3.2045319595983663E-4	3.245969872869035E-5
74-75	0.051227620280863966	0.0011968650616344758	4.1437913270668525E-6	3.432440482587043E-4	3.453159439222377E-5
76-77	0.062292233756020304	0.0012148214907184325	4.1437913270668525E-6	3.618911092305051E-4	3.453159439222377E-5
78-79	0.07568082353377331	0.0012286341284753217	4.1437913270668525E-6	3.64653636781883E-4	3.5222226280068246E-5
80-81	0.09361929618864571	0.0012355404473537667	4.1437913270668525E-6	3.694880599967944E-4	3.729412194360167E-5
82-83	0.11965473709660675	0.0012562594039891009	4.1437913270668525E-6	3.819194339779949E-4	3.729412194360167E-5
84-85	0.1584675585615784	0.0012894097346056357	4.1437913270668525E-6	3.915882804078176E-4	3.729412194360167E-5
86-87	0.20927182149519374	0.0013149631144558813	4.1437913270668525E-6	4.378606168933974E-4	3.798475383144615E-5
88-89	0.2715032796450837	0.0013280851203249264	4.834423214911328E-6	4.641046286314875E-4	4.2128545158513005E-5
>>END_MODULE
