##FastQC	0.11.8
>>Basic Statistics	pass
#Measure	Value
Filename	forward.gz
File type	Conventional base calls
Encoding	Sanger / Illumina 1.9
Total Sequences	36566270
Sequences flagged as poor quality	0
Sequence length	100
%GC	49
>>END_MODULE
>>Per base sequence quality	pass
#Base	Mean	Median	Lower Quartile	Upper Quartile	10th Percentile	90th Percentile
1	32.296041023599074	33.0	33.0	33.0	33.0	33.0
2	32.379197249268245	33.0	33.0	33.0	33.0	33.0
3	30.571162330749075	33.0	33.0	33.0	22.0	33.0
4	35.362240419927986	37.0	37.0	37.0	33.0	37.0
5	36.1497475952565	37.0	37.0	37.0	33.0	37.0
6	36.35822218126158	37.0	37.0	37.0	37.0	37.0
7	36.39611497152978	37.0	37.0	37.0	37.0	37.0
8	36.20503513210399	37.0	37.0	37.0	37.0	37.0
9	36.25616276967818	37.0	37.0	37.0	37.0	37.0
10-11	36.403616953547626	37.0	37.0	37.0	37.0	37.0
12-13	36.36480878416092	37.0	37.0	37.0	37.0	37.0
14-15	38.170543755214844	40.0	37.0	40.0	37.0	40.0
16-17	38.30701630218231	40.0	37.0	40.0	37.0	40.0
18-19	38.29145312059447	40.0	37.0	40.0	37.0	40.0
20-21	38.25523137853547	40.0	37.0	40.0	37.0	40.0
22-23	38.164189812086384	40.0	37.0	40.0	33.0	40.0
24-25	38.10823469279202	40.0	37.0	40.0	33.0	40.0
26-27	37.98542152371571	40.0	37.0	40.0	33.0	40.0
28-29	37.86917525358753	40.0	37.0	40.0	33.0	40.0
30-31	37.734923318675925	40.0	37.0	40.0	33.0	40.0
32-33	37.61545871372716	40.0	37.0	40.0	33.0	40.0
34-35	37.53782334101892	40.0	37.0	40.0	33.0	40.0
36-37	37.36261618972895	40.0	37.0	40.0	33.0	40.0
38-39	37.42331084083774	40.0	37.0	40.0	33.0	40.0
40-41	37.416257523668676	40.0	37.0	40.0	33.0	40.0
42-43	37.32275650483355	40.0	37.0	40.0	33.0	40.0
44-45	37.18413840131903	40.0	37.0	40.0	33.0	40.0
46-47	37.02567824117691	40.0	37.0	40.0	33.0	40.0
48-49	36.47839346206217	37.0	37.0	40.0	33.0	40.0
50-51	36.48980183103171	37.0	37.0	40.0	33.0	40.0
52-53	36.43975938754486	37.0	37.0	40.0	33.0	40.0
54-55	36.27290987021646	37.0	37.0	40.0	33.0	40.0
56-57	35.909909282516374	37.0	37.0	40.0	30.0	40.0
58-59	35.69235205012707	37.0	37.0	40.0	30.0	40.0
60-61	35.523753051651155	37.0	33.0	40.0	30.0	40.0
62-63	35.38546653787767	37.0	33.0	40.0	27.0	40.0
64-65	35.21812721122499	37.0	33.0	38.5	27.0	40.0
66-67	34.833689162170494	37.0	33.0	37.0	27.0	40.0
68-69	34.55052287258175	37.0	33.0	37.0	27.0	40.0
70-71	34.39231834420082	37.0	33.0	37.0	27.0	40.0
72-73	34.16853356932495	37.0	33.0	37.0	27.0	40.0
74-75	33.87178908321795	37.0	33.0	37.0	27.0	37.0
76-77	32.7883095131114	35.0	33.0	37.0	27.0	37.0
78-79	33.39392036704865	37.0	33.0	37.0	27.0	37.0
80-81	33.41173546002915	37.0	33.0	37.0	27.0	37.0
82-83	33.221219323163126	37.0	33.0	37.0	27.0	37.0
84-85	33.06228167379391	37.0	33.0	37.0	27.0	37.0
86-87	32.91174958506842	37.0	33.0	37.0	27.0	37.0
88-89	32.76301644931244	37.0	33.0	37.0	27.0	37.0
90-91	32.60624604314304	37.0	33.0	37.0	27.0	37.0
92-93	32.3283545874381	37.0	33.0	37.0	27.0	37.0
94-95	32.23249861142523	37.0	33.0	37.0	24.5	37.0
96-97	32.05199860417811	35.0	33.0	37.0	22.0	37.0
98-99	31.849019082340092	33.0	33.0	37.0	22.0	37.0
100	31.022985855543922	33.0	33.0	37.0	22.0	37.0
>>END_MODULE
>>Per sequence quality scores	pass
#Quality	Count
2	492.0
3	204.0
4	353.0
5	829.0
6	1914.0
7	4741.0
8	11053.0
9	19959.0
10	29063.0
11	34445.0
12	40657.0
13	46410.0
14	52036.0
15	58922.0
16	66638.0
17	75189.0
18	83422.0
19	91896.0
20	101510.0
21	115862.0
22	131925.0
23	149680.0
24	181379.0
25	227067.0
26	277993.0
27	342856.0
28	429045.0
29	541733.0
30	689029.0
31	885058.0
32	1167788.0
33	1556846.0
34	2073698.0
35	3050772.0
36	5529984.0
37	1.1103287E7
38	7371838.0
39	20697.0
>>END_MODULE
>>Per base sequence content	fail
#Base	G	A	T	C
1	23.243460146552597	14.432448531602931	16.55802281122921	45.76606851061526
2	21.930766015739167	20.59876389235938	35.95504902022585	21.515421071675608
3	24.952784385298887	23.830136024837145	24.404370008954405	26.812709580909562
4	25.185902198939075	31.0404588709759	20.185315592758023	23.588323337326997
5	28.60041781674751	30.89632604036452	21.181619016651137	19.32163712623683
6	22.904712457682997	34.04740215504617	21.312280415803965	21.735604971466874
7	19.476052657271307	17.397000022151563	39.85081059676035	23.276136723816784
8	20.88179826998558	21.19158394870528	28.15612000491261	29.770497776396525
9	22.106181461767907	20.76280955098784	30.454610218652327	26.67639876859193
10-11	25.249687758691273	30.11333122027486	20.731797364073504	23.905183656960364
12-13	23.306392749383516	23.676386735644623	27.485453123876187	25.531767391095674
14-15	24.11961416022826	25.090812317210208	26.335798753714645	24.453774768846888
16-17	24.65018536715713	25.29216223676962	25.504098736574072	24.553553659499176
18-19	24.451393319581133	25.588886971517738	25.299798147308984	24.659921561592142
20-21	24.738861188746185	25.523324543753635	25.23822963059832	24.499584636901865
22-23	24.46946461862257	25.90518939995794	25.46727216092864	24.158073820490852
24-25	24.50301739827442	25.932308654943476	25.32840647952334	24.23626746725876
26-27	24.38029090744011	25.809418078464113	25.551964966620876	24.2583260474749
28-29	24.310127885616993	25.600743526752932	25.554851506593373	24.534277081036706
30-31	24.207869711622212	25.746476192403545	25.48225454770202	24.56339954827222
32-33	24.383977364932218	25.694286018234834	25.398994756643212	24.522741860189733
34-35	24.55774953256102	25.76674760646902	25.30169743865043	24.37380542231953
36-37	24.29498133140264	25.638412384091737	25.410804153595702	24.655802130909922
38-39	24.273688638005442	25.626933239293066	25.436594673807384	24.662783448894114
40-41	24.56984738757426	25.677709830189126	25.239027457459766	24.513415324776844
42-43	24.23082255860387	25.43594957866909	25.692397665936394	24.64083019679065
44-45	24.31806689607663	25.683180154825745	25.574268307924214	24.424484641173407
46-47	24.56592099768448	25.576688571188694	25.475845635882465	24.381544795244363
48-49	24.357278247839854	25.61691809143599	25.44434123285041	24.581462427873742
50-51	24.39572006096274	25.578743425788712	25.440085580512545	24.585450932736
52-53	24.48748532459012	25.768207968709962	25.218765818881717	24.525540887818202
54-55	24.323198305017097	25.58894408380773	25.442672664288946	24.645184946886225
56-57	24.386873774604215	25.507151444883036	25.3463392073023	24.759635573210453
58-59	24.525060042343352	25.603625514084854	25.370591170593276	24.50072327297852
60-61	24.51362178424391	25.50560086221596	25.34245176118029	24.638325592359838
62-63	24.35506443992051	25.599719708897297	25.533247245798478	24.511968605383714
64-65	24.419296725101006	25.66279518159868	25.45041089162855	24.467497201671765
66-67	24.365121270400028	25.623230206674442	25.365455206133948	24.64619331679159
68-69	24.500067795668286	25.607000954280778	25.451780597574373	24.44115065247656
70-71	24.35127866287855	25.663863863518937	25.348245973371963	24.636611500230558
72-73	24.321753161580308	25.80899406534743	25.322672932568064	24.546579840504204
74-75	24.63043703972009	25.80232297362524	25.242780510895358	24.324459475759305
76-77	24.59379870244323	25.643613038511752	25.287273224906148	24.47531503413887
78-79	24.539963546587547	25.558143652305066	25.521276195420654	24.38061660568673
80-81	24.51003205960028	25.74327925708583	25.38903339060834	24.357655292705545
82-83	24.50488454263682	25.613387026168844	25.453160124157048	24.428568307037285
84-85	24.595424269290366	25.720834411626736	25.390774760203183	24.292966558879712
86-87	24.41399671586452	25.91635852144112	25.323670082107764	24.345974680586593
88-89	24.568301109174705	25.858466217107807	25.25785867679826	24.315373996919227
90-91	24.490897974815397	25.829454335742447	25.29173841335434	24.387909276087818
92-93	24.650363615932292	25.854048730679995	25.34512125048033	24.150466402907387
94-95	24.705626657373895	25.804776540558795	24.997152985746716	24.492443816320595
96-97	24.54971926833152	25.880702591911582	24.96661882742984	24.602959312327062
98-99	24.6994147037713	25.765692257771004	25.219106285217013	24.31578675324068
100	24.759372271281105	25.966260991141944	24.716411506965105	24.557955230611846
>>END_MODULE
>>Per sequence GC content	pass
#GC Content	Count
0	22.0
1	19.5
2	13.5
3	16.5
4	27.0
5	42.0
6	54.5
7	71.5
8	102.5
9	148.5
10	230.0
11	325.5
12	418.5
13	632.5
14	959.0
15	1415.0
16	2270.5
17	3575.5
18	5591.0
19	9306.0
20	15349.5
21	24365.5
22	37347.0
23	54364.0
24	78093.0
25	108105.0
26	143898.5
27	186219.5
28	232785.5
29	282458.0
30	329757.0
31	377127.5
32	436344.0
33	493908.0
34	540718.0
35	598770.5
36	665330.0
37	737324.0
38	796997.5
39	846871.5
40	905547.0
41	946759.0
42	1015269.0
43	1097670.0
44	1144548.5
45	1197934.5
46	1264055.5
47	1300080.0
48	1308474.0
49	1305379.5
50	1288851.0
51	1261487.5
52	1212322.5
53	1160986.5
54	1129236.0
55	1101107.5
56	1080053.5
57	1013317.5
58	941357.5
59	907772.0
60	847529.0
61	801594.5
62	735709.0
63	649425.0
64	582462.5
65	520071.0
66	471153.0
67	419866.0
68	358812.5
69	299025.5
70	239982.0
71	188765.0
72	164988.0
73	143750.5
74	115848.0
75	93405.5
76	79213.0
77	68693.5
78	52347.5
79	38647.0
80	30238.5
81	22502.5
82	15031.0
83	10140.5
84	6695.5
85	4460.5
86	3307.0
87	2349.5
88	1655.0
89	1293.0
90	1022.0
91	834.5
92	662.0
93	466.0
94	301.0
95	193.0
96	127.0
97	76.0
98	32.0
99	12.5
100	7.5
>>END_MODULE
>>Per base N content	pass
#Base	N-Count
1	0.033995810893481894
2	1.011861477804545E-4
3	0.002833212137852726
4	0.0
5	0.0
6	0.0
7	0.0
8	0.2648971306069774
9	0.0
10-11	0.0
12-13	0.0
14-15	0.2034292805911021
16-17	0.0300304078047884
18-19	0.0
20-21	0.018298284183757323
22-23	0.0
24-25	0.0
26-27	0.0
28-29	0.0
30-31	0.0
32-33	0.0
34-35	0.0
36-37	0.3374352921421846
38-39	0.0010255352815586607
40-41	4.867874136465108E-4
42-43	0.0
44-45	0.0
46-47	0.0
48-49	0.335821783299199
50-51	4.102141126234642E-6
52-53	0.0
54-55	4.102141126234642E-6
56-57	6.289949726893117E-5
58-59	5.483195305400304E-4
60-61	6.836901877057737E-5
62-63	1.3673803754115474E-6
64-65	6.604447213237773E-4
66-67	0.13335924063351282
68-69	0.0014001975044214245
70-71	0.0010310048030603067
72-73	2.803129769593672E-4
74-75	0.0018610046909351158
76-77	0.0012880723136376776
78-79	3.992750696201718E-4
80-81	0.0
82-83	2.7347607508230947E-6
84-85	2.7347607508230947E-6
86-87	4.867874136465108E-4
88-89	0.00217413479690436
90-91	3.336408116004176E-4
92-93	9.653705450405523E-4
94-95	0.00450688571735646
96-97	0.002045601041615675
98-99	0.002803129769593672
100	9.489619805356138E-4
>>END_MODULE
>>Sequence Length Distribution	pass
#Length	Count
100	3.656627E7
>>END_MODULE
>>Sequence Duplication Levels	fail
#Total Deduplicated Percentage	44.136670304335134
#Duplication Level	Percentage of deduplicated	Percentage of total
1	78.17820213191828	34.50525532482147
2	11.662350102949413	10.294746029352144
3	3.8318434950462414	5.073744389960017
4	1.849913980500535	3.2659617379492945
5	1.0474112856941007	2.3114623294860146
6	0.6635374377387593	1.7571799874435352
7	0.4504723014836477	1.3917643216273174
8	0.3308371405350764	1.1681639836980524
9	0.2650853118084171	1.0529984708828983
>10	1.4494414416418335	12.00631930180505
>50	0.13617247930781737	4.156891937798137
>100	0.10992471035827256	9.998321544247416
>500	0.01533556363687853	4.694422237079303
>1k	0.009116026358247879	7.062244544482256
>5k	2.8281356968525554E-4	0.8065751690149394
>10k+	7.377745296137102E-5	0.4539486903520462
>>END_MODULE
>>Overrepresented sequences	pass
>>END_MODULE
>>Adapter Content	pass
#Position	Illumina Universal Adapter	Illumina Small RNA 3' Adapter	Illumina Small RNA 5' Adapter	Nextera Transposase Sequence	SOLID Small RNA Adapter
1	2.461284675740785E-5	8.204282252469284E-6	0.0	1.0939043003292379E-5	0.0
2	4.649093276399261E-5	1.914332525576166E-5	0.0	4.92256935148157E-5	0.0
3	2.5980227132819397E-4	2.1878086006584758E-5	0.0	4.92256935148157E-5	0.0
4	8.012848999911668E-4	2.461284675740785E-5	0.0	5.4695215016461894E-5	2.7347607508230947E-6
5	9.5443150203726E-4	2.461284675740785E-5	0.0	5.4695215016461894E-5	2.7347607508230947E-6
6	0.0012087642518638078	2.461284675740785E-5	0.0	5.742997576728499E-5	2.7347607508230947E-6
7	0.0012935418351393238	4.102141126234642E-5	0.0	6.016473651810808E-5	2.7347607508230947E-6
8	0.0015670179102216333	4.102141126234642E-5	0.0	6.289949726893117E-5	2.7347607508230947E-6
9	0.0017502468805267806	4.102141126234642E-5	0.0	7.110377952140046E-5	2.7347607508230947E-6
10-11	0.002982256598772585	5.1960454265638795E-5	0.0	7.247115989681201E-5	2.7347607508230947E-6
12-13	0.0038409714745310363	5.606259539187344E-5	1.3673803754115474E-6	7.383854027222356E-5	5.4695215016461894E-6
14-15	0.0049526517197406245	6.426687764434272E-5	2.7347607508230947E-6	8.204282252469283E-5	8.204282252469284E-6
16-17	0.006067066725701035	8.614496365092748E-5	2.7347607508230947E-6	8.887972440175057E-5	9.571662627880832E-6
18-19	0.007191053394289327	8.751234402633903E-5	2.7347607508230947E-6	9.981876740504295E-5	1.3673803754115474E-5
20-21	0.008397082885402312	8.887972440175057E-5	2.7347607508230947E-6	1.1075781040833534E-4	1.3673803754115474E-5
22-23	0.009616786180269413	9.708400665421985E-5	2.7347607508230947E-6	1.1622733190998152E-4	1.6408564504938568E-5
24-25	0.01067513859083795	1.0939043003292379E-4	2.7347607508230947E-6	1.2169685341162771E-4	1.6408564504938568E-5
26-27	0.011704776013522844	1.0939043003292379E-4	2.7347607508230947E-6	1.2716637491327388E-4	1.6408564504938568E-5
28-29	0.012858845050370191	1.1212519078374687E-4	2.7347607508230947E-6	1.3126851603950855E-4	1.6408564504938568E-5
30-31	0.01393634078619449	1.1485995153456997E-4	2.7347607508230947E-6	1.3126851603950855E-4	1.6408564504938568E-5
32-33	0.014870261582600576	1.2306423378703925E-4	2.7347607508230947E-6	1.3126851603950855E-4	1.914332525576166E-5
34-35	0.01588759258190677	1.3400327679033165E-4	2.7347607508230947E-6	1.3126851603950855E-4	2.1878086006584758E-5
36-37	0.016917230004591666	1.5177922167068175E-4	2.7347607508230947E-6	1.3263589641492008E-4	2.59802271328194E-5
38-39	0.01814377020133582	1.5451398242150483E-4	2.7347607508230947E-6	1.3400327679033165E-4	2.7347607508230947E-5
40-41	0.01930877828118646	1.6682040580020876E-4	2.7347607508230947E-6	1.3537065716574318E-4	2.7347607508230947E-5
42-43	0.020512073011548622	1.6682040580020876E-4	2.7347607508230947E-6	1.3810541791656628E-4	2.7347607508230947E-5
44-45	0.021734511067166545	1.8049420955432426E-4	2.7347607508230947E-6	1.4220755904280092E-4	2.7347607508230947E-5
46-47	0.023121034767833854	1.8596373105597043E-4	2.7347607508230947E-6	1.4357493941821248E-4	3.008236825905404E-5
48-49	0.024714032905188303	1.900658721822051E-4	2.7347607508230947E-6	1.4630970016903555E-4	3.008236825905404E-5
50-51	0.026741858001923628	1.941680133084397E-4	2.7347607508230947E-6	1.586161235477395E-4	3.008236825905404E-5
52-53	0.029175795070156184	2.0510705631173208E-4	2.7347607508230947E-6	1.6682040580020876E-4	3.008236825905404E-5
54-55	0.03173142899180037	2.1741347969043604E-4	2.7347607508230947E-6	1.6682040580020876E-4	3.2817129009877137E-5
56-57	0.03493793597214045	2.2698514231831685E-4	2.7347607508230947E-6	1.7502468805267806E-4	3.2817129009877137E-5
58-59	0.040274821577371715	2.3655680494619769E-4	2.7347607508230947E-6	1.8596373105597043E-4	3.2817129009877137E-5
60-61	0.048656863278644505	2.4065894607243232E-4	2.7347607508230947E-6	2.0373967593632057E-4	3.2817129009877137E-5
62-63	0.05954531320804665	2.570675105773709E-4	2.7347607508230947E-6	2.1057657781337828E-4	3.2817129009877137E-5
64-65	0.07147297222276158	2.6116965170360553E-4	2.7347607508230947E-6	2.2425038156749375E-4	3.2817129009877137E-5
66-67	0.08601096037413714	2.7074131433148637E-4	2.7347607508230947E-6	2.3245466381996305E-4	3.555188976070023E-5
68-69	0.10812286842491728	2.803129769593672E-4	2.7347607508230947E-6	2.4065894607243235E-4	3.965403088693487E-5
70-71	0.13986797122047176	3.0902796484300965E-4	2.7347607508230947E-6	2.5843489095278246E-4	4.102141126234642E-5
72-73	0.18383198505070383	3.281712900987713E-4	2.7347607508230947E-6	2.6527179282984017E-4	4.102141126234642E-5
74-75	0.235577760597403	3.445798546037099E-4	2.7347607508230947E-6	2.7347607508230944E-4	4.102141126234642E-5
76-77	0.29256060298192843	3.500493761053561E-4	2.7347607508230947E-6	2.7757821620854413E-4	4.649093276399261E-5
78-79	0.3621739378941303	3.527841368561792E-4	2.7347607508230947E-6	2.830477377101903E-4	4.92256935148157E-5
80-81	0.455496281135593	3.582536583578254E-4	2.7347607508230947E-6	2.980889218397173E-4	4.92256935148157E-5
82-83	0.5810805969545157	3.7466222286276394E-4	2.7347607508230947E-6	2.980889218397173E-4	4.92256935148157E-5
84-85	0.7399332773072014	3.842338854906448E-4	2.7347607508230947E-6	3.0492582371677507E-4	4.92256935148157E-5
86-87	0.9189807984243402	3.89703406992291E-4	5.4695215016461894E-6	3.336408116004176E-4	5.059307389022725E-5
88-89	1.1147595858150148	3.951729284939372E-4	6.836901877057737E-6	3.47314615354533E-4	5.606259539187344E-5
>>END_MODULE
