##FastQC	0.11.8
>>Basic Statistics	pass
#Measure	Value
Filename	SRR3184287_2.gz
File type	Conventional base calls
Encoding	Sanger / Illumina 1.9
Total Sequences	92647144
Sequences flagged as poor quality	0
Sequence length	0-100
%GC	50
>>END_MODULE
>>Per base sequence quality	pass
#Base	Mean	Median	Lower Quartile	Upper Quartile	10th Percentile	90th Percentile
1	31.720276835432518	33.0	33.0	33.0	27.0	33.0
2	31.736560338228013	33.0	33.0	33.0	27.0	33.0
3	31.787529940920397	33.0	33.0	33.0	27.0	33.0
4	35.560009360277085	37.0	37.0	37.0	33.0	37.0
5	35.55905259621201	37.0	37.0	37.0	33.0	37.0
6	35.543905159565554	37.0	37.0	37.0	33.0	37.0
7	35.48899350953152	37.0	37.0	37.0	33.0	37.0
8	35.473217115600434	37.0	37.0	37.0	33.0	37.0
9	35.478534447159696	37.0	37.0	37.0	33.0	37.0
10-11	35.506902218904365	37.0	37.0	37.0	33.0	37.0
12-13	35.46321203522398	37.0	37.0	37.0	33.0	37.0
14-15	37.32864484500704	40.0	37.0	40.0	33.0	40.0
16-17	37.30281151261113	40.0	37.0	40.0	33.0	40.0
18-19	37.25326111758824	40.0	37.0	40.0	33.0	40.0
20-21	37.19342762508815	40.0	37.0	40.0	33.0	40.0
22-23	37.082425287114184	40.0	37.0	40.0	33.0	40.0
24-25	37.03570902560723	40.0	37.0	40.0	33.0	40.0
26-27	36.96084110212583	40.0	37.0	40.0	33.0	40.0
28-29	36.86775978276193	40.0	37.0	40.0	33.0	40.0
30-31	36.78112212776829	40.0	37.0	40.0	33.0	40.0
32-33	36.675734392205314	40.0	37.0	40.0	33.0	40.0
34-35	36.539066221915164	40.0	37.0	40.0	33.0	40.0
36-37	36.40961415178111	40.0	37.0	40.0	33.0	40.0
38-39	36.277592053522554	40.0	37.0	40.0	33.0	40.0
40-41	36.10837157063233	38.5	37.0	40.0	33.0	40.0
42-43	36.17881758722814	40.0	37.0	40.0	33.0	40.0
44-45	36.07221097853993	38.5	37.0	40.0	33.0	40.0
46-47	35.87496446699815	37.0	37.0	40.0	30.0	40.0
48-49	35.72118777840101	37.0	37.0	40.0	27.0	40.0
50-51	35.06683863489742	37.0	35.0	38.5	27.0	40.0
52-53	35.21309851633603	37.0	35.0	40.0	27.0	40.0
54-55	35.51959231179525	37.0	37.0	40.0	27.0	40.0
56-57	35.43476132823395	37.0	37.0	40.0	27.0	40.0
58-59	35.27208757974936	37.0	37.0	40.0	27.0	40.0
60-61	35.06148143449841	37.0	35.0	40.0	27.0	40.0
62-63	34.81132590226753	37.0	33.0	40.0	27.0	40.0
64-65	34.560268248913474	37.0	33.0	38.5	27.0	40.0
66-67	34.31208833777641	37.0	33.0	37.0	27.0	40.0
68-69	34.0759346415732	37.0	33.0	37.0	27.0	40.0
70-71	33.8446575215778	37.0	33.0	37.0	27.0	40.0
72-73	33.59580490992004	37.0	33.0	37.0	27.0	40.0
74-75	33.352319657862644	37.0	33.0	37.0	27.0	37.0
76-77	33.14683227347234	37.0	33.0	37.0	27.0	37.0
78-79	32.95144860575881	37.0	33.0	37.0	27.0	37.0
80-81	32.77426857432847	37.0	33.0	37.0	27.0	37.0
82-83	32.60589841923069	37.0	33.0	37.0	27.0	37.0
84-85	32.439934594890616	37.0	33.0	37.0	22.0	37.0
86-87	32.25861428933732	37.0	33.0	37.0	22.0	37.0
88-89	32.09174389225373	37.0	33.0	37.0	22.0	37.0
90-91	31.92606769924108	37.0	33.0	37.0	22.0	37.0
92-93	31.75840227559417	37.0	33.0	37.0	22.0	37.0
94-95	31.557972247961416	37.0	33.0	37.0	22.0	37.0
96-97	31.324026751891886	33.0	33.0	37.0	15.0	37.0
98-99	31.10862729485872	33.0	33.0	37.0	15.0	37.0
100	29.346406221898587	33.0	27.0	37.0	2.0	37.0
>>END_MODULE
>>Per sequence quality scores	pass
#Quality	Count
2	1153857.0
3	190574.0
4	141948.0
5	135821.0
6	137834.0
7	145271.0
8	152421.0
9	161866.0
10	173429.0
11	176256.0
12	177604.0
13	181422.0
14	187577.0
15	196751.0
16	204961.0
17	212858.0
18	220300.0
19	231472.0
20	249640.0
21	281679.0
22	327642.0
23	390547.0
24	471196.0
25	568289.0
26	688465.0
27	838002.0
28	1020718.0
29	1260071.0
30	1578033.0
31	2023100.0
32	2657052.0
33	3571888.0
34	4899013.0
35	7181474.0
36	1.2813457E7
37	2.6916522E7
38	2.0661054E7
39	67036.0
>>END_MODULE
>>Per base sequence content	warn
#Base	G	A	T	C
1	31.30492273543737	11.416563358482698	14.069419731996621	43.20909417408332
2	24.549090513219163	17.992259357191223	30.424957995980574	27.033692133609037
3	27.665419621901556	19.726740310685603	22.36382956022284	30.244010507190005
4	30.193756224578866	24.493542844369312	18.771837093616696	26.54086383743513
5	31.490766410926803	27.20728092906186	21.098769705332778	20.20318295467856
6	26.314996476933413	31.44051975594129	20.268991099075887	21.975492668049412
7	22.460674190169637	18.822212882776725	36.82313382449289	21.893979102560742
8	23.099422867599333	22.124437694953752	27.941397615180275	26.83474182226664
9	22.781850273812758	20.817113646525957	30.686753356787875	25.71428272287341
10-11	25.887860363804293	28.795647299778903	22.04386447078551	23.272627865631293
12-13	24.975033598275292	23.58300501424208	26.355955809535057	25.086005577947567
14-15	25.1245725660958	24.66745051418142	25.87518975601892	24.33278716370386
16-17	25.689715468394304	24.56401492523917	25.02015241261688	24.726117193749644
18-19	25.441739278682245	24.674308759974856	24.938903123942737	24.94504883740016
20-21	25.284481739481713	24.745141835216693	25.023778954106845	24.94659747119475
22-23	25.595587298261375	24.70418415274541	24.90895418392335	24.791274365069867
24-25	25.329339619337997	24.864624475081435	24.920234852118657	24.88580105346191
26-27	25.184445070665667	24.99777148865141	24.963220657338418	24.854562783344505
28-29	25.401851326559292	24.61752696742415	24.803626379151737	25.17699532686482
30-31	25.18093557966997	24.658712192713867	24.950153113930067	25.210199113686087
32-33	25.138115056761777	24.81619098480796	25.067125221308228	24.978568737122036
34-35	25.434141770988994	24.68758705079241	24.81617239380449	25.062098784414104
36-37	25.19758769331742	24.768625224295025	24.855849644002063	25.177937438385488
38-39	25.162686717357314	24.88936972897918	24.843402645998395	25.104540907665108
40-41	25.477554657320283	24.641763266677646	24.751257021630718	25.129425054371353
42-43	25.13844537862638	24.761909162166624	24.967990157562117	25.13165530164488
44-45	25.17838466459758	24.928774541260374	25.00699762017763	24.885843173964417
46-47	25.318514959809306	24.794535789758594	24.803554567567552	25.083394682864547
48-49	25.116834648277226	24.71019851981567	24.960216870298872	25.21274996160824
50-51	25.151691425269924	24.710372488803138	25.088827840409568	25.04910824551737
52-53	25.214252316112695	24.77570556170667	24.791278421339204	25.21876370084143
54-55	25.028938766654164	24.763793158551753	24.94751116513001	25.259756909664073
56-57	25.018228899138368	24.786503647161666	25.07549196490465	25.11977548879532
58-59	25.16522479322894	24.775112632339123	24.904506953947532	25.155155620484404
60-61	25.030002850330156	24.845066602311665	24.98807000476509	25.136860542593087
62-63	24.906659906582014	25.070024300612854	25.00910731827638	25.014208474528747
64-65	25.120359420264073	24.891444238116442	24.85009310671317	25.138103234906318
66-67	25.004368998949232	24.94767093690507	24.895783321793424	25.15217674235227
68-69	25.084261472965892	25.137505300251416	24.955142209124922	24.823091017657774
70-71	25.237246525872063	24.919402745529705	24.806446115372164	25.036904613226064
72-73	25.025253489445475	24.980008419053597	24.897839825129708	25.09689826637122
74-75	25.051148158187075	25.103952283775193	24.89058830205405	24.954311255983683
76-77	25.23067664986831	24.936546698974425	24.760351683292217	25.072424967865047
78-79	24.98048183751171	24.928162658027315	24.967993129801222	25.123362374659752
80-81	25.052911924669424	25.061570855862186	24.93933738397317	24.946179835495215
82-83	25.19279529010187	24.82831431817192	24.822768541576046	25.156121850150164
84-85	25.082352660400588	24.81357374617507	24.963847625247165	25.140225968177177
86-87	25.005602528532183	25.051744719949376	25.00315108437421	24.93950166714423
88-89	25.213722394916477	24.947452558369516	24.739599844629268	25.099225202084735
90-91	25.036346182063685	24.920967088581747	24.85540447342848	25.187282255926096
92-93	25.034480915644597	25.08754623719277	24.843989976091528	25.033982871071103
94-95	25.249282289787	24.930359857504236	24.745823907681864	25.0745339450269
96-97	25.1142374927738	24.66173214955041	24.95461768712575	25.269412670550047
98-99	24.5001855741376	24.328609663901986	25.492947992828384	25.67825676913203
100	26.127898680657374	23.347833545064066	24.617865998004017	25.90640177627454
>>END_MODULE
>>Per sequence GC content	pass
#GC Content	Count
0	289.0
1	319.0
2	433.0
3	573.5
4	682.5
5	833.5
6	1048.0
7	1229.5
8	1391.0
9	1617.0
10	1857.0
11	2112.0
12	2437.5
13	2777.0
14	3202.5
15	3792.5
16	4808.5
17	6491.5
18	9031.5
19	12898.5
20	19187.5
21	29525.5
22	46564.5
23	68535.0
24	98263.5
25	139127.0
26	191303.0
27	259088.5
28	336262.0
29	425806.0
30	528365.0
31	647721.5
32	776643.5
33	910011.5
34	1067523.0
35	1259200.5
36	1453816.5
37	1653522.5
38	1841800.0
39	2040767.0
40	2232959.0
41	2376829.5
42	2589095.0
43	2820132.5
44	2892686.0
45	2971470.0
46	3078047.0
47	3073346.5
48	3074524.5
49	3100249.5
50	3152087.0
51	3161563.5
52	3128026.5
53	3112292.0
54	3052056.0
55	3004584.5
56	2914453.5
57	2760470.5
58	2647295.0
59	2561762.0
60	2460181.5
61	2322460.5
62	2196011.0
63	2059656.0
64	1887013.5
65	1686215.0
66	1476801.0
67	1300593.5
68	1126993.0
69	948419.5
70	783417.5
71	636283.5
72	521452.0
73	426736.0
74	350414.5
75	280757.5
76	217585.5
77	171733.5
78	131113.0
79	92887.5
80	63260.0
81	42184.5
82	27801.5
83	19109.0
84	13257.5
85	10141.0
86	8404.0
87	7160.5
88	6047.0
89	5201.5
90	4546.0
91	3965.5
92	3490.0
93	3055.5
94	2600.0
95	2185.0
96	1861.0
97	1556.5
98	1301.0
99	1017.0
100	728.0
>>END_MODULE
>>Per base N content	pass
#Base	N-Count
1	3.8641252667379766E-4
2	0.0
3	0.0
4	0.0
5	0.0
6	0.0
7	0.0
8	0.0
9	0.0
10-11	0.0
12-13	0.0
14-15	0.0
16-17	0.0015716144072763932
18-19	0.001172243185454064
20-21	0.001555446905748175
22-23	0.007715220446030414
24-25	9.126635543957923E-4
26-27	0.0
28-29	0.0
30-31	0.0
32-33	0.0
34-35	0.0
36-37	4.641747849936999E-5
38-39	0.0
40-41	5.3974499434689985E-6
42-43	6.174721862109577E-4
44-45	1.2954041166971276E-4
46-47	6.531039572502546E-5
48-49	7.286751752609531E-5
50-51	1.6732673374745044E-5
52-53	0.0
54-55	0.0
56-57	0.0
58-59	0.0
60-61	0.0
62-63	0.0
64-65	1.1983943200341399E-4
66-67	1.8192320357584361E-4
68-69	4.140635569636979E-4
70-71	0.0017005885218599561
72-73	9.529222245450489E-4
74-75	0.006421506683625966
76-77	4.427917512324663E-5
78-79	0.0
80-81	0.0
82-83	0.0
84-85	0.0
86-87	2.4276483344091315E-4
88-89	0.0017819709912650207
90-91	2.8205996720503376E-4
92-93	1.2681423547889343E-4
94-95	0.0010724837897955872
96-97	0.008741737489741755
98-99	0.002483720041914647
100	1.1172829698221535E-5
>>END_MODULE
>>Sequence Length Distribution	fail
#Length	Count
0-1	58.0
2-3	256.0
4-5	270.0
6-7	228.0
8-9	519.0
10-11	624.0
12-13	687.0
14-15	732.0
16-17	687.0
18-19	716.0
20-21	671.0
22-23	615.0
24-25	617.0
26-27	594.0
28-29	543.0
30-31	559.0
32-33	552.0
34-35	538.0
36-37	598.0
38-39	592.0
40-41	591.0
42-43	558.0
44-45	612.0
46-47	686.0
48-49	703.0
50-51	800.0
52-53	937.0
54-55	955.0
56-57	1077.0
58-59	1299.0
60-61	1729.0
62-63	2053.0
64-65	2302.0
66-67	2770.0
68-69	3360.0
70-71	4716.0
72-73	6484.0
74-75	8186.0
76-77	10032.0
78-79	13184.0
80-81	19096.0
82-83	28458.0
84-85	38401.0
86-87	47272.0
88-89	63350.0
90-91	88341.0
92-93	122748.0
94-95	268701.0
96-97	2394246.0
98-99	0.0
100-101	8.9502841E7
>>END_MODULE
>>Sequence Duplication Levels	fail
#Total Deduplicated Percentage	35.11245372866153
#Duplication Level	Percentage of deduplicated	Percentage of total
1	69.58207060225355	24.431972343660878
2	13.203071602745057	9.271844814551816
3	5.610941103013601	5.910417295614304
4	2.986885132013201	4.195074639625624
5	1.804437769432421	3.167911884272255
6	1.277085982442815	2.690497347962735
7	0.8890455369960389	2.1851599196312526
8	0.6526130215752513	1.8331875618226399
9	0.5053746689111451	1.5970450210002203
>10	3.057341781668109	19.910976800032472
>50	0.2515799063819305	6.096511346248523
>100	0.15917922351884825	10.61656269080139
>500	0.013327508501102491	3.19547863794011
>1k	0.006793899790623792	4.19683128732236
>5k	2.091918467909245E-4	0.48727883724177756
>10k+	4.306890963342563E-5	0.21324957227154412
>>END_MODULE
>>Overrepresented sequences	pass
>>END_MODULE
>>Adapter Content	pass
#Position	Illumina Universal Adapter	Illumina Small RNA 3' Adapter	Illumina Small RNA 5' Adapter	Nextera Transposase Sequence	SOLID Small RNA Adapter
1	0.0	1.7269825392566876E-5	0.0	4.317456348141719E-6	1.0793640870354297E-6
2	0.0	1.4031733131460587E-4	0.0	6.584120930916123E-5	1.0793640870354297E-6
3	0.0	1.5866652079420818E-4	0.0	7.015866565730293E-5	1.0793640870354297E-6
4	1.4031733131460588E-5	1.6406334122938534E-4	0.0	8.095230652765724E-5	3.2380922611062897E-6
5	1.5111097218496018E-5	1.7161888983863334E-4	0.0	8.203167061469267E-5	3.2380922611062897E-6
6	1.9428553566637737E-5	1.7701571027381048E-4	0.0	8.419039878876353E-5	4.317456348141719E-6
7	2.0507917653673168E-5	2.68761657671822E-4	0.0	8.419039878876353E-5	4.317456348141719E-6
8	2.1587281740708595E-5	3.184124056754518E-4	0.0	8.526976287579896E-5	5.396820435177149E-6
9	2.3746009914779456E-5	3.7453933820129413E-4	0.0	8.634912696283438E-5	5.396820435177149E-6
10-11	3.292060465458061E-5	4.0745994285587474E-4	0.0	8.904753718042295E-5	5.936502478694864E-6
12-13	4.31745634814172E-5	4.3282499890120736E-4	0.0	9.984117805077726E-5	7.015866565730294E-6
14-15	5.126979413418292E-5	4.927297057316737E-4	0.0	1.084760907470607E-4	8.634912696283438E-6
16-17	5.612693252584235E-5	5.515550484751046E-4	0.0	1.1387291118223784E-4	9.714276783318869E-6
18-19	6.90793015702675E-5	5.634280534324944E-4	0.0	1.1873004957389728E-4	1.0793640870354297E-5
20-21	7.879357835358638E-5	5.731423302158133E-4	0.0	1.2520623409610984E-4	1.0793640870354297E-5
22-23	8.904753718042296E-5	5.860946992602384E-4	0.0	1.3114273657480473E-4	1.0793640870354297E-5
24-25	1.014602241813304E-4	6.022851605657698E-4	0.0	1.4733319788033617E-4	1.0793640870354297E-5
26-27	1.160316393563087E-4	6.103803912185356E-4	0.0	1.5596811057661962E-4	1.2952369044425159E-5
28-29	1.2952369044425156E-4	6.298089447851733E-4	0.0	1.6082524896827906E-4	1.3492051087942872E-5
30-31	1.38158603140535E-4	6.411422676990454E-4	0.0	1.6460302327290306E-4	1.4031733131460588E-5
32-33	1.5326970035903104E-4	6.60570821265683E-4	0.0	1.662220694034562E-4	1.4571415174978303E-5
34-35	1.705395257515979E-4	6.988882463554408E-4	0.0	1.705395257515979E-4	1.5111097218496018E-5
36-37	1.8726966910064707E-4	7.372056714451986E-4	0.0	1.7539666414325734E-4	1.5111097218496018E-5
38-39	1.9806330997100137E-4	7.59332635229425E-4	5.396820435177149E-7	1.7971412049139907E-4	1.5650779262013733E-5
40-41	2.099363149283911E-4	7.744437324479209E-4	1.0793640870354297E-6	1.8565062297009395E-4	1.619046130553145E-5
42-43	2.2504741214688712E-4	7.933326039710408E-4	1.0793640870354297E-6	1.996823561015545E-4	1.619046130553145E-5
44-45	2.390791452783477E-4	8.192373420598913E-4	1.0793640870354297E-6	2.0669822266728482E-4	1.619046130553145E-5
46-47	2.4987278614870196E-4	8.375865315394936E-4	1.0793640870354297E-6	2.1803154558115684E-4	1.7269825392566876E-5
48-49	2.579680168014677E-4	8.672690439329679E-4	1.0793640870354297E-6	2.358410530172414E-4	1.7269825392566876E-5
50-51	2.709203858458929E-4	9.061261510662433E-4	1.0793640870354297E-6	2.4717437593111346E-4	1.7269825392566876E-5
52-53	2.9898385210881407E-4	0.0010248562006401406	1.6190461305531446E-6	2.5796801680146774E-4	1.7269825392566876E-5
54-55	3.1949176976248724E-4	0.0011802846291732423	2.1587281740708595E-6	2.633648372366449E-4	1.7269825392566876E-5
56-57	3.46475871938373E-4	0.0012677131202231125	2.1587281740708595E-6	2.827933908032826E-4	1.7269825392566876E-5
58-59	3.605076050698336E-4	0.0014339351896265687	2.1587281740708595E-6	3.0492035458750896E-4	1.7269825392566876E-5
60-61	3.7723774841888274E-4	0.0015407922342430761	2.1587281740708595E-6	3.783171125059182E-4	1.9428553566637737E-5
62-63	3.982853481160736E-4	0.0017156492163428157	2.1587281740708595E-6	4.290472245965833E-4	1.9428553566637737E-5
64-65	4.258091323354771E-4	0.001799839615131579	2.1587281740708595E-6	4.8571383916594336E-4	2.1047599697190883E-5
66-67	4.436186397715617E-4	0.0018332999018296776	2.1587281740708595E-6	5.110788952112761E-4	2.2666645827744026E-5
68-69	4.560313267724691E-4	0.0018451729067870673	2.1587281740708595E-6	5.439994998658567E-4	2.2666645827744026E-5
70-71	4.765392444261423E-4	0.0018705379628324	2.1587281740708595E-6	5.844756531296852E-4	2.2666645827744026E-5
72-73	5.008249363844395E-4	0.0019342204439674903	2.698410217588575E-6	6.298089447851733E-4	2.2666645827744026E-5
74-75	5.353645871695731E-4	0.001994664832841474	3.2380922611062897E-6	6.492374983518111E-4	2.2666645827744026E-5
76-77	5.704439199982246E-4	0.0020529504935413874	3.7777743046240045E-6	6.708247800925196E-4	2.2666645827744026E-5
78-79	6.033645246528053E-4	0.0020653631805422953	4.317456348141719E-6	6.816184209628739E-4	2.2666645827744026E-5
80-81	6.37904175437939E-4	0.002079934595717273	4.317456348141719E-6	7.075231590517243E-4	2.320632787126174E-5
82-83	7.242533024007734E-4	0.0021063790158496413	4.317456348141719E-6	7.242533024007735E-4	2.3746009914779456E-5
84-85	7.83618327187722E-4	0.0021889503685078517	4.317456348141719E-6	7.5339613275073E-4	2.4825374001814887E-5
86-87	8.181579779728558E-4	0.002264505854600332	6.476184522212579E-6	8.526976287579896E-4	2.4825374001814887E-5
88-89	8.19777024103409E-4	0.0022860931363410403	7.015866565730294E-6	8.904753718042296E-4	2.5365056045332602E-5
>>END_MODULE
