##FastQC	0.11.8
>>Basic Statistics	pass
#Measure	Value
Filename	SRR3184281_1.gz
File type	Conventional base calls
Encoding	Sanger / Illumina 1.9
Total Sequences	83274689
Sequences flagged as poor quality	0
Sequence length	20-100
%GC	50
>>END_MODULE
>>Per base sequence quality	pass
#Base	Mean	Median	Lower Quartile	Upper Quartile	10th Percentile	90th Percentile
1	31.827572649355677	33.0	33.0	33.0	27.0	33.0
2	31.84645704290772	33.0	33.0	33.0	27.0	33.0
3	31.87415805299495	33.0	33.0	33.0	33.0	33.0
4	35.657166248918685	37.0	37.0	37.0	33.0	37.0
5	35.645210106999016	37.0	37.0	37.0	33.0	37.0
6	35.622568653483654	37.0	37.0	37.0	33.0	37.0
7	35.51952052321685	37.0	37.0	37.0	33.0	37.0
8	35.55169483731125	37.0	37.0	37.0	33.0	37.0
9	35.53464414619429	37.0	37.0	37.0	33.0	37.0
10-11	35.53629131535995	37.0	37.0	37.0	33.0	37.0
12-13	35.48055559835234	37.0	37.0	37.0	33.0	37.0
14-15	37.408061169703075	40.0	37.0	40.0	33.0	40.0
16-17	37.25271529984339	40.0	37.0	40.0	33.0	40.0
18-19	37.29917998853169	40.0	37.0	40.0	33.0	40.0
20-21	37.296579198603254	40.0	37.0	40.0	33.0	40.0
22-23	37.24530007786538	40.0	37.0	40.0	33.0	40.0
24-25	37.20045979724633	40.0	37.0	40.0	33.0	40.0
26-27	37.088271298897354	40.0	37.0	40.0	33.0	40.0
28-29	37.00797796842688	40.0	37.0	40.0	33.0	40.0
30-31	36.90995717617068	40.0	37.0	40.0	33.0	40.0
32-33	36.79072018605062	40.0	37.0	40.0	33.0	40.0
34-35	36.68338118239779	40.0	37.0	40.0	33.0	40.0
36-37	36.55740220233192	40.0	37.0	40.0	33.0	40.0
38-39	36.44114126912338	40.0	37.0	40.0	33.0	40.0
40-41	36.3252753194992	40.0	37.0	40.0	33.0	40.0
42-43	36.17372998570815	40.0	37.0	40.0	33.0	40.0
44-45	35.9791757382771	37.0	37.0	40.0	33.0	40.0
46-47	35.83191075077822	37.0	37.0	40.0	30.0	40.0
48-49	35.649871120601475	37.0	37.0	40.0	27.0	40.0
50-51	34.96775514674525	37.0	35.0	38.5	27.0	40.0
52-53	34.977820292877624	37.0	35.0	40.0	27.0	40.0
54-55	35.52309953873606	37.0	37.0	40.0	27.0	40.0
56-57	35.527397077504695	37.0	37.0	40.0	27.0	40.0
58-59	35.36654307171523	37.0	37.0	40.0	27.0	40.0
60-61	35.15583503084787	37.0	37.0	40.0	27.0	40.0
62-63	34.92252826650905	37.0	33.0	40.0	27.0	40.0
64-65	34.685521634220805	37.0	33.0	38.5	27.0	40.0
66-67	34.44772239160934	37.0	33.0	37.0	27.0	40.0
68-69	34.200789677961765	37.0	33.0	37.0	27.0	40.0
70-71	33.97337185132844	37.0	33.0	37.0	27.0	40.0
72-73	33.7588497320878	37.0	33.0	37.0	27.0	38.5
74-75	33.544732364121955	37.0	33.0	37.0	27.0	37.0
76-77	33.345247783173434	37.0	33.0	37.0	27.0	37.0
78-79	33.14368846549695	37.0	33.0	37.0	27.0	37.0
80-81	32.97026659189431	37.0	33.0	37.0	27.0	37.0
82-83	32.81119485621448	37.0	33.0	37.0	27.0	37.0
84-85	32.67709418438089	37.0	33.0	37.0	27.0	37.0
86-87	32.53582668067092	37.0	33.0	37.0	27.0	37.0
88-89	32.406851798176646	37.0	33.0	37.0	24.5	37.0
90-91	32.2654447618896	37.0	33.0	37.0	22.0	37.0
92-93	32.10627212061408	37.0	33.0	37.0	22.0	37.0
94-95	31.950682230973445	37.0	33.0	37.0	22.0	37.0
96-97	31.77626331092588	37.0	33.0	37.0	22.0	37.0
98-99	31.57653184774579	37.0	33.0	37.0	18.5	37.0
100	30.457590070532106	33.0	33.0	37.0	15.0	37.0
>>END_MODULE
>>Per sequence quality scores	pass
#Quality	Count
2	915463.0
3	172773.0
4	133985.0
5	127681.0
6	128209.0
7	132509.0
8	137269.0
9	143746.0
10	152012.0
11	153631.0
12	152068.0
13	152704.0
14	154882.0
15	160340.0
16	167451.0
17	173531.0
18	180996.0
19	189539.0
20	205242.0
21	234592.0
22	275998.0
23	332429.0
24	400375.0
25	485562.0
26	587739.0
27	715786.0
28	872871.0
29	1083154.0
30	1362231.0
31	1760518.0
32	2319316.0
33	3126136.0
34	4315519.0
35	6348894.0
36	1.1538511E7
37	2.5035752E7
38	1.8697397E7
39	47878.0
>>END_MODULE
>>Per base sequence content	warn
#Base	G	A	T	C
1	34.00197147539032	11.270871272782538	10.742003491601151	43.98515376022599
2	24.52079646914082	17.09964476721132	31.46921389283123	26.910344870816626
3	28.39269805018425	19.730976119286378	21.78176972837449	30.09455610215488
4	30.87298470727402	26.112735167344788	18.151712340829036	24.86256778455216
5	31.418408539478303	28.755473346769268	20.02197450416176	19.804143609590664
6	25.71159166982899	32.658409567882025	20.277230936281253	21.35276782600773
7	22.76126182830896	19.608075630279448	36.12080136378534	21.509861177626252
8	22.531068233710243	22.285639517669047	28.2054766965266	26.977815552094107
9	23.410275359899575	20.847154409667024	30.53616327525402	25.206406955179382
10-11	26.26417974373942	29.156151516819236	21.801359114052048	22.778309625389294
12-13	25.094807619155446	23.58097488661891	26.409410547303274	24.914806946922372
14-15	24.968862987888194	24.755900319243462	25.9571272610817	24.31810943178665
16-17	25.805216756798693	24.629182944171667	25.109412897357082	24.456187401672555
18-19	25.394552959543326	24.774957730553638	25.164264498183837	24.6662248117192
20-21	25.231971811433844	24.752344323787117	25.241822486582766	24.773861378196276
22-23	25.38149570951832	24.98340539779728	25.036919927501593	24.5981789651828
24-25	25.25599642111652	24.914850011271984	25.008390485213187	24.820763082398305
26-27	24.99102939284471	25.025861507373314	25.25377846441269	24.729330635369283
28-29	25.199538729614236	24.669429466190106	25.20088935935992	24.930142444835738
30-31	24.85944832151698	24.767782734174553	25.343546713463393	25.029222230845072
32-33	24.845576693175385	24.898282740324788	25.302242517173113	24.953898049326714
34-35	25.377906325325807	24.93507591454405	24.91250075294083	24.774517007189317
36-37	25.078578565534755	24.97581827206746	25.0335104953243	24.912092667073484
38-39	24.996635557827513	25.088379638699305	24.958031193011525	24.956953610461657
40-41	25.179928961632175	24.956955854399048	24.82941401888217	25.033701165086608
42-43	24.974957113316943	24.947596425310614	25.09442915415744	24.983017307215004
44-45	25.08343855851811	25.009749391353118	25.197524969573216	24.709287080555555
46-47	25.138748547315657	25.16867346480677	24.85734270445284	24.835235283424737
48-49	25.08673551310191	25.05800666013152	25.020736650685187	24.83452117608138
50-51	25.045142138951203	24.948482365253668	25.165333331731247	24.841042164063882
52-53	25.024487157256626	25.217095008247583	24.79446477925516	24.96395305524063
54-55	24.849539118243065	25.142659112944234	24.979840373587024	25.027961395225674
56-57	24.779566333416824	25.106704693650993	25.26467211543965	24.84905685749253
58-59	24.742073133315976	25.20506750891687	25.08597261783118	24.966886739935973
60-61	24.77587035098295	25.077000559437025	25.235750685613517	24.91137840396651
62-63	24.75189021652994	25.292738971618338	25.32262617420052	24.632744637651204
64-65	25.039038139522056	25.228953607784206	25.07446455513138	24.657543697562357
66-67	24.736049558148117	25.119192161104852	25.158701907050535	24.986056373696496
68-69	24.842853271279118	25.29837131481835	25.2714283465475	24.587347067355033
70-71	24.94180836599717	25.19209943011141	25.02672905296083	24.83936315093059
72-73	24.79111647756031	25.251621990494154	25.12138398826245	24.835877543683083
74-75	24.88308597497166	25.332200974872638	25.095965028763867	24.68874802139183
76-77	24.961128434864523	25.373756955034654	24.900858913881574	24.764255696219244
78-79	24.92189180707661	25.15945555250838	25.151789198996738	24.766863441418273
80-81	24.93793390897509	25.333447125276994	25.005062654819376	24.723556310928544
82-83	25.18422062127046	25.322116375343544	24.86396008024135	24.62970292314465
84-85	25.040330412486327	25.343984641203054	24.847684678631758	24.768000267678865
86-87	24.981060390111477	25.530636872609357	24.917628153652288	24.570674583626882
88-89	25.06923926474603	25.377751008656197	24.85899615617406	24.694013570423714
90-91	24.907017805755444	25.19824695446961	25.066172309154467	24.828562930620485
92-93	24.73824508239708	25.521839314481014	25.025282155171958	24.71463344794995
94-95	24.984889628489636	25.454743191248756	24.915692540826985	24.644674639434623
96-97	25.025685110482165	25.010556619372554	24.95626240178011	25.00749586836517
98-99	24.339157104213953	24.657945339266245	25.844796268095166	25.15810128842464
100	26.181434173483435	23.839938930301965	24.66425775010161	25.314369146112988
>>END_MODULE
>>Per sequence GC content	pass
#GC Content	Count
0	385.0
1	382.5
2	393.5
3	445.0
4	549.5
5	681.5
6	785.0
7	919.0
8	1075.5
9	1223.0
10	1364.5
11	1555.5
12	1805.5
13	2111.0
14	2527.0
15	3123.5
16	3933.0
17	5159.5
18	7239.0
19	10515.5
20	15809.5
21	24222.0
22	36421.0
23	53213.5
24	75821.5
25	105936.0
26	144851.0
27	193542.0
28	251761.5
29	315551.0
30	385151.5
31	473587.5
32	596616.0
33	735121.0
34	874517.5
35	1041412.0
36	1251026.0
37	1472429.5
38	1685373.5
39	1899144.5
40	2102896.5
41	2269519.0
42	2499919.0
43	2735143.0
44	2860154.5
45	2944947.0
46	3014686.0
47	3055065.5
48	3102210.5
49	3138644.5
50	3152552.0
51	3079315.5
52	2949968.0
53	2917559.5
54	2858470.0
55	2801728.0
56	2615799.0
57	2387098.0
58	2242805.5
59	2124963.5
60	2033883.5
61	1883799.0
62	1737360.5
63	1596872.5
64	1453898.5
65	1290317.5
66	1144232.5
67	1023730.0
68	891067.5
69	749282.0
70	622036.0
71	511671.0
72	422679.0
73	349223.5
74	293605.0
75	246230.5
76	197075.0
77	154496.0
78	118423.0
79	88671.5
80	62429.0
81	39746.5
82	24359.5
83	15336.5
84	9813.0
85	6675.0
86	5036.5
87	4091.0
88	3320.0
89	2744.0
90	2286.0
91	1897.5
92	1570.0
93	1264.0
94	1007.0
95	824.5
96	685.0
97	542.5
98	399.0
99	262.5
100	173.5
>>END_MODULE
>>Per base N content	pass
#Base	N-Count
1	0.0
2	0.0
3	0.0
4	0.0
5	0.0
6	0.0
7	0.0
8	0.0
9	0.0
10-11	0.0
12-13	0.0
14-15	0.0
16-17	0.0
18-19	0.0
20-21	0.0
22-23	7.289658495351798E-4
24-25	6.227145452924879E-4
26-27	3.0026130961096034E-6
28-29	0.0
30-31	0.0
32-33	0.0
34-35	0.0
36-37	0.0
38-39	1.9221089725626574E-5
40-41	0.0
42-43	0.0
44-45	0.0
46-47	9.02911787789129E-4
48-49	0.0018461341560279056
50-51	0.0
52-53	0.0
54-55	0.0
56-57	1.7424752034512545E-5
58-59	1.2017585862165886E-5
60-61	5.348087934776113E-4
62-63	0.0
64-65	2.1154359630159533E-4
66-67	8.708680414165127E-4
68-69	4.0871689515614045E-4
70-71	0.0
72-73	0.0
74-75	0.0
76-77	0.0
78-79	0.0
80-81	0.0
82-83	0.0
84-85	1.805387985460705E-6
86-87	1.2040247078391905E-6
88-89	1.8068072656225125E-6
90-91	6.550417900692784E-4
92-93	1.5921183003722228E-4
94-95	0.011848032790669887
96-97	0.010061198977049182
98-99	0.003955109562304683
100	0.005814476363595214
>>END_MODULE
>>Sequence Length Distribution	warn
#Length	Count
20-21	5006.0
22-23	4252.0
24-25	3740.0
26-27	3295.0
28-29	3405.0
30-31	2842.0
32-33	2904.0
34-35	2784.0
36-37	3882.0
38-39	2975.0
40-41	2673.0
42-43	2850.0
44-45	2674.0
46-47	2724.0
48-49	3040.0
50-51	3192.0
52-53	3325.0
54-55	3310.0
56-57	3511.0
58-59	3944.0
60-61	4325.0
62-63	4779.0
64-65	5059.0
66-67	5484.0
68-69	6369.0
70-71	7549.0
72-73	8553.0
74-75	9640.0
76-77	10887.0
78-79	13380.0
80-81	17346.0
82-83	23319.0
84-85	28832.0
86-87	33415.0
88-89	43727.0
90-91	59571.0
92-93	78554.0
94-95	194201.0
96-97	2061419.0
98-99	0.0
100-101	8.0591952E7
>>END_MODULE
>>Sequence Duplication Levels	fail
#Total Deduplicated Percentage	33.13336154254198
#Duplication Level	Percentage of deduplicated	Percentage of total
1	70.39597812242374	23.32455394271141
2	14.00463889226452	9.2804152738029
3	5.358407078559278	5.326261170780621
4	2.829286427286213	3.74975080410724
5	1.6653278460194845	2.758895480451313
6	1.0919651073838588	2.1708284816874044
7	0.7766475553664572	1.8013060970161754
8	0.5522554740247797	1.463846422776874
9	0.43282161051277845	1.2906751414090658
>10	2.5017083281270973	15.231602610491521
>50	0.20345745380031618	4.706278238729559
>100	0.15215791365574793	10.142924078485697
>500	0.01970022112229251	4.52378531196736
>1k	0.014065084507294727	9.075968835422909
>5k	0.0011123961027295368	2.457561074201224
>10k+	4.7048884344954174E-4	2.6953470359587453
>>END_MODULE
>>Overrepresented sequences	pass
>>END_MODULE
>>Adapter Content	pass
#Position	Illumina Universal Adapter	Illumina Small RNA 3' Adapter	Illumina Small RNA 5' Adapter	Nextera Transposase Sequence	SOLID Small RNA Adapter
1	1.2008450731049863E-6	1.8012676096574796E-5	0.0	2.4016901462099725E-6	1.2008450731049863E-6
2	2.4016901462099725E-6	7.205070438629918E-5	1.2008450731049863E-6	2.4016901462099725E-5	2.4016901462099725E-6
3	3.602535219314959E-6	8.285831004424406E-5	1.2008450731049863E-6	2.4016901462099725E-5	4.803380292419945E-6
4	2.1615211315889753E-5	8.285831004424406E-5	2.4016901462099725E-6	3.1221971900729646E-5	7.205070438629918E-6
5	2.882028175451967E-5	9.006338048287398E-5	2.4016901462099725E-6	3.242281697383463E-5	7.205070438629918E-6
6	3.602535219314959E-5	9.486676077529391E-5	2.4016901462099725E-6	3.242281697383463E-5	8.405915511734904E-6
7	3.842704233935956E-5	1.2608873267602356E-4	2.4016901462099725E-6	3.242281697383463E-5	8.405915511734904E-6
8	4.563211277798948E-5	1.3569549326086346E-4	2.4016901462099725E-6	3.3623662046939616E-5	8.405915511734904E-6
9	5.043549307040943E-5	1.4410140877259837E-4	2.4016901462099725E-6	4.3230422631779506E-5	8.405915511734904E-6
10-11	7.385197199595666E-5	1.5671028204020072E-4	2.4016901462099725E-6	4.4431267704884494E-5	9.006338048287396E-6
12-13	1.0747563404289628E-4	1.74122535600223E-4	2.4016901462099725E-6	4.983507053385693E-5	1.2008450731049863E-5
14-15	1.3509507072431096E-4	2.0354323989129518E-4	2.4016901462099725E-6	5.28371832166194E-5	1.2008450731049863E-5
16-17	1.76524225746433E-4	2.4016901462099727E-4	2.4016901462099725E-6	5.764056350903934E-5	1.3809718340707341E-5
18-19	2.0354323989129518E-4	2.5157704281549465E-4	2.4016901462099725E-6	6.364478887456428E-5	1.501056341381233E-5
20-21	2.4377154984031222E-4	2.60583380863782E-4	2.4016901462099725E-6	6.664690155732674E-5	1.6211408486917317E-5
22-23	2.8700197247209173E-4	2.6718802876585945E-4	2.4016901462099725E-6	7.505281706906165E-5	1.6811831023469808E-5
24-25	3.314332401769762E-4	2.8460028232588173E-4	2.4016901462099725E-6	8.526000019045402E-5	1.8012676096574796E-5
26-27	3.674585923701258E-4	2.912049302279592E-4	2.4016901462099725E-6	9.54671833118464E-5	2.1014788779337262E-5
28-29	4.130907051481153E-4	3.002112682762466E-4	2.4016901462099725E-6	9.846929599460888E-5	2.5217746535204713E-5
30-31	4.5512028270678983E-4	3.086171837879815E-4	3.0021126827624657E-6	1.0327267628702883E-4	2.7619436681414686E-5
32-33	5.067566208503042E-4	3.194247894459264E-4	4.803380292419945E-6	1.0807605657944877E-4	2.882028175451967E-5
34-35	5.511878885551887E-4	3.434416909080261E-4	6.004225365524931E-6	1.1167859179876373E-4	2.9420704291072164E-5
36-37	5.998221140159406E-4	3.8367000085704313E-4	7.205070438629918E-6	1.134798594084212E-4	3.1221971900729646E-5
38-39	6.472554944035876E-4	4.022830994901704E-4	7.205070438629918E-6	1.1588154955463118E-4	3.2422816973834634E-5
40-41	6.880842268891571E-4	4.136911276846678E-4	7.205070438629918E-6	1.2008450731049863E-4	3.6625774729702085E-5
42-43	7.307142269843841E-4	4.2630000095227017E-4	7.205070438629918E-6	1.2368704252981358E-4	3.782661980280707E-5
44-45	7.799488749816886E-4	4.4491309958539745E-4	7.205070438629918E-6	1.2728957774912856E-4	3.842704233935956E-5
46-47	8.261814102962306E-4	4.5632112777989483E-4	7.205070438629918E-6	1.296912678953385E-4	4.3230422631779506E-5
48-49	8.586042272700652E-4	4.869426771440719E-4	7.205070438629918E-6	1.374967608705209E-4	4.3230422631779506E-5
50-51	8.922278893170048E-4	4.995515504116743E-4	7.205070438629918E-6	1.4410140877259837E-4	4.3830845168332E-5
52-53	9.360587344853368E-4	5.29572677239299E-4	7.205070438629918E-6	1.5250732428433324E-4	4.4431267704884494E-5
54-55	9.997035233599012E-4	5.734035224076309E-4	7.205070438629918E-6	1.5490901443054324E-4	4.4431267704884494E-5
56-57	0.0010453356361378907	6.040250717718081E-4	7.205070438629918E-6	1.6331492994227815E-4	4.803380292419945E-5
58-59	0.0010801601432579352	6.532597197691126E-4	7.205070438629918E-6	1.7352211306367052E-4	5.043549307040943E-5
60-61	0.0011143842278414273	6.664690155732673E-4	7.205070438629918E-6	1.8072718350230042E-4	5.043549307040943E-5
62-63	0.0011606167631559691	7.030947903029695E-4	7.205070438629918E-6	1.8613098633127288E-4	5.103591560696192E-5
64-65	0.0012170564815919037	7.175049311802294E-4	7.205070438629918E-6	1.9873985959887523E-4	5.4038028289724384E-5
66-67	0.001274697045100943	7.277121143016217E-4	7.205070438629918E-6	2.0774619764716263E-4	5.463845082627688E-5
68-69	0.001323331270561695	7.391201424961191E-4	7.205070438629918E-6	2.173529582320025E-4	5.523887336282937E-5
70-71	0.001357555355145187	7.661391566409813E-4	7.205070438629918E-6	2.299618314996049E-4	5.5839295899381866E-5
72-73	0.001398984510167309	8.081687341996558E-4	7.205070438629918E-6	2.4257070476720724E-4	5.7040140972486854E-5
74-75	0.0014632297215784258	8.339869032714131E-4	7.205070438629918E-6	2.5157704281549465E-4	5.764056350903934E-5
76-77	0.0015076609892833103	8.471961990755678E-4	7.205070438629918E-6	2.599829583272295E-4	5.8240986045591835E-5
78-79	0.0015490901443054325	8.550016920507502E-4	7.205070438629918E-6	2.647863386196495E-4	5.884140858214433E-5
80-81	0.0015869167641082394	8.598050723431702E-4	7.205070438629918E-6	2.888032400817492E-4	6.004225365524932E-5
82-83	0.0016625700037138534	8.688114103914576E-4	7.205070438629918E-6	2.960083105203791E-4	6.004225365524932E-5
84-85	0.001720210567222893	8.844223963418224E-4	7.205070438629918E-6	3.0321338095900906E-4	6.004225365524932E-5
86-87	0.0017352211306367051	8.994329597556347E-4	7.205070438629918E-6	3.6625774729702085E-4	6.004225365524932E-5
88-89	0.0017358215531732577	9.114414104866846E-4	7.805492975182412E-6	3.9988140934396046E-4	6.064267619180181E-5
>>END_MODULE
