##FastQC	0.11.8
>>Basic Statistics	pass
#Measure	Value
Filename	SRR3184287_2.gz
File type	Conventional base calls
Encoding	Sanger / Illumina 1.9
Total Sequences	92642367
Sequences flagged as poor quality	0
Sequence length	20-100
%GC	50
>>END_MODULE
>>Per base sequence quality	pass
#Base	Mean	Median	Lower Quartile	Upper Quartile	10th Percentile	90th Percentile
1	31.72026969043224	33.0	33.0	33.0	27.0	33.0
2	31.73655714129152	33.0	33.0	33.0	27.0	33.0
3	31.787526359295203	33.0	33.0	33.0	27.0	33.0
4	35.56000715093992	37.0	37.0	37.0	33.0	37.0
5	35.55905114125592	37.0	37.0	37.0	33.0	37.0
6	35.54389822531197	37.0	37.0	37.0	33.0	37.0
7	35.4889927844784	37.0	37.0	37.0	33.0	37.0
8	35.47321941806604	37.0	37.0	37.0	33.0	37.0
9	35.47853747087442	37.0	37.0	37.0	33.0	37.0
10-11	35.50690083836049	37.0	37.0	37.0	33.0	37.0
12-13	35.46321385009517	37.0	37.0	37.0	33.0	37.0
14-15	37.328654064937695	40.0	37.0	40.0	33.0	40.0
16-17	37.30281911406689	40.0	37.0	40.0	33.0	40.0
18-19	37.253264259752775	40.0	37.0	40.0	33.0	40.0
20-21	37.19342762508815	40.0	37.0	40.0	33.0	40.0
22-23	37.082425287114184	40.0	37.0	40.0	33.0	40.0
24-25	37.03570902560723	40.0	37.0	40.0	33.0	40.0
26-27	36.96084110212583	40.0	37.0	40.0	33.0	40.0
28-29	36.86775978276193	40.0	37.0	40.0	33.0	40.0
30-31	36.78112212776829	40.0	37.0	40.0	33.0	40.0
32-33	36.675734392205314	40.0	37.0	40.0	33.0	40.0
34-35	36.539066221915164	40.0	37.0	40.0	33.0	40.0
36-37	36.40961415178111	40.0	37.0	40.0	33.0	40.0
38-39	36.277592053522554	40.0	37.0	40.0	33.0	40.0
40-41	36.10837157063233	38.5	37.0	40.0	33.0	40.0
42-43	36.17881758722814	40.0	37.0	40.0	33.0	40.0
44-45	36.07221097853993	38.5	37.0	40.0	33.0	40.0
46-47	35.87496446699815	37.0	37.0	40.0	30.0	40.0
48-49	35.72118777840101	37.0	37.0	40.0	27.0	40.0
50-51	35.06683863489742	37.0	35.0	38.5	27.0	40.0
52-53	35.21309851633603	37.0	35.0	40.0	27.0	40.0
54-55	35.51959231179525	37.0	37.0	40.0	27.0	40.0
56-57	35.43476132823395	37.0	37.0	40.0	27.0	40.0
58-59	35.27208757974936	37.0	37.0	40.0	27.0	40.0
60-61	35.06148143449841	37.0	35.0	40.0	27.0	40.0
62-63	34.81132590226753	37.0	33.0	40.0	27.0	40.0
64-65	34.560268248913474	37.0	33.0	38.5	27.0	40.0
66-67	34.31208833777641	37.0	33.0	37.0	27.0	40.0
68-69	34.0759346415732	37.0	33.0	37.0	27.0	40.0
70-71	33.8446575215778	37.0	33.0	37.0	27.0	40.0
72-73	33.59580490992004	37.0	33.0	37.0	27.0	40.0
74-75	33.352319657862644	37.0	33.0	37.0	27.0	37.0
76-77	33.14683227347234	37.0	33.0	37.0	27.0	37.0
78-79	32.95144860575881	37.0	33.0	37.0	27.0	37.0
80-81	32.77426857432847	37.0	33.0	37.0	27.0	37.0
82-83	32.60589841923069	37.0	33.0	37.0	27.0	37.0
84-85	32.439934594890616	37.0	33.0	37.0	22.0	37.0
86-87	32.25861428933732	37.0	33.0	37.0	22.0	37.0
88-89	32.09174389225373	37.0	33.0	37.0	22.0	37.0
90-91	31.92606769924108	37.0	33.0	37.0	22.0	37.0
92-93	31.75840227559417	37.0	33.0	37.0	22.0	37.0
94-95	31.557972247961416	37.0	33.0	37.0	22.0	37.0
96-97	31.324026751891886	33.0	33.0	37.0	15.0	37.0
98-99	31.10862729485872	33.0	33.0	37.0	15.0	37.0
100	29.346406221898587	33.0	27.0	37.0	2.0	37.0
>>END_MODULE
>>Per sequence quality scores	pass
#Quality	Count
2	1153838.0
3	190574.0
4	141948.0
5	135821.0
6	137833.0
7	145270.0
8	152421.0
9	161866.0
10	173428.0
11	176253.0
12	177603.0
13	181422.0
14	187577.0
15	196747.0
16	204957.0
17	212853.0
18	220297.0
19	231469.0
20	249633.0
21	281661.0
22	327633.0
23	390524.0
24	471185.0
25	568267.0
26	688438.0
27	837946.0
28	1020672.0
29	1260026.0
30	1577953.0
31	2022970.0
32	2656908.0
33	3571432.0
34	4898454.0
35	7180068.0
36	1.2812141E7
37	2.6916189E7
38	2.0661054E7
39	67036.0
>>END_MODULE
>>Per base sequence content	warn
#Base	G	A	T	C
1	31.304458218301374	11.416881082533518	14.069588020268428	43.209072678896675
2	24.549072672117713	17.992410535020117	30.425332288843617	27.033184504018553
3	27.665307817534497	19.726743380811936	22.363983856327852	30.243964945325718
4	30.193659667611904	24.493562432402012	18.771963155906843	26.54081474407924
5	31.49054794767927	27.207400691737504	21.098949252883404	20.203102107699817
6	26.3147486289939	31.440648531788916	20.269164754825404	21.975438084391776
7	22.460451598780935	18.822148618029157	36.82347084244944	21.89392894074047
8	23.099120513619866	22.124513506871	27.941716990024663	26.834648989484478
9	22.78164373757851	20.817099804887327	30.686968522727838	25.71428793480633
10-11	25.887601727619934	28.795873166755335	22.04401146184013	23.2725136437846
12-13	24.974839535349954	23.583128008808323	26.3560860874809	25.08594636836082
14-15	25.124388283386583	24.66757083182039	25.875331963398562	24.332708921394463
16-17	25.689563868818173	24.564104297290427	25.020268313207755	24.726063520683642
18-19	25.441670544257693	24.674360342664087	24.938975638732803	24.944993474345416
20-21	25.284481739481713	24.745141835216693	25.023778954106845	24.94659747119475
22-23	25.595587298261375	24.70418415274541	24.90895418392335	24.791274365069867
24-25	25.329339619337997	24.864624475081435	24.920234852118657	24.88580105346191
26-27	25.184445070665667	24.99777148865141	24.963220657338418	24.854562783344505
28-29	25.401851326559292	24.61752696742415	24.803626379151737	25.17699532686482
30-31	25.18093557966997	24.658712192713867	24.950153113930067	25.210199113686087
32-33	25.138115056761777	24.81619098480796	25.067125221308228	24.978568737122036
34-35	25.434141770988994	24.68758705079241	24.81617239380449	25.062098784414104
36-37	25.19758769331742	24.768625224295025	24.855849644002063	25.177937438385488
38-39	25.162686717357314	24.88936972897918	24.843402645998395	25.104540907665108
40-41	25.477554657320283	24.641763266677646	24.751257021630718	25.129425054371353
42-43	25.13844537862638	24.761909162166624	24.967990157562117	25.13165530164488
44-45	25.17838466459758	24.928774541260374	25.00699762017763	24.885843173964417
46-47	25.318514959809306	24.794535789758594	24.803554567567552	25.083394682864547
48-49	25.116834648277226	24.71019851981567	24.960216870298872	25.21274996160824
50-51	25.151691425269924	24.710372488803138	25.088827840409568	25.04910824551737
52-53	25.214252316112695	24.77570556170667	24.791278421339204	25.21876370084143
54-55	25.028938766654164	24.763793158551753	24.94751116513001	25.259756909664073
56-57	25.018228899138368	24.786503647161666	25.07549196490465	25.11977548879532
58-59	25.16522479322894	24.775112632339123	24.904506953947532	25.155155620484404
60-61	25.030002850330156	24.845066602311665	24.98807000476509	25.136860542593087
62-63	24.906659906582014	25.070024300612854	25.00910731827638	25.014208474528747
64-65	25.120359420264073	24.891444238116442	24.85009310671317	25.138103234906318
66-67	25.004368998949232	24.94767093690507	24.895783321793424	25.15217674235227
68-69	25.084261472965892	25.137505300251416	24.955142209124922	24.823091017657774
70-71	25.237246525872063	24.919402745529705	24.806446115372164	25.036904613226064
72-73	25.025253489445475	24.980008419053597	24.897839825129708	25.09689826637122
74-75	25.051148158187075	25.103952283775193	24.89058830205405	24.954311255983683
76-77	25.23067664986831	24.936546698974425	24.760351683292217	25.072424967865047
78-79	24.98048183751171	24.928162658027315	24.967993129801222	25.123362374659752
80-81	25.052911924669424	25.061570855862186	24.93933738397317	24.946179835495215
82-83	25.19279529010187	24.82831431817192	24.822768541576046	25.156121850150164
84-85	25.082352660400588	24.81357374617507	24.963847625247165	25.140225968177177
86-87	25.005602528532183	25.051744719949376	25.00315108437421	24.93950166714423
88-89	25.213722394916477	24.947452558369516	24.739599844629268	25.099225202084735
90-91	25.036346182063685	24.920967088581747	24.85540447342848	25.187282255926096
92-93	25.034480915644597	25.08754623719277	24.843989976091528	25.033982871071103
94-95	25.249282289787	24.930359857504236	24.745823907681864	25.0745339450269
96-97	25.1142374927738	24.66173214955041	24.95461768712575	25.269412670550047
98-99	24.5001855741376	24.328609663901986	25.492947992828384	25.67825676913203
100	26.127898680657374	23.347833545064066	24.617865998004017	25.90640177627454
>>END_MODULE
>>Per sequence GC content	pass
#GC Content	Count
0	267.0
1	297.0
2	411.0
3	553.5
4	664.0
5	814.5
6	1026.0
7	1203.5
8	1362.5
9	1586.5
10	1823.0
11	2074.0
12	2398.5
13	2735.0
14	3156.5
15	3742.0
16	4755.0
17	6421.0
18	8944.0
19	12805.0
20	19087.5
21	29421.5
22	46455.0
23	68418.5
24	98137.5
25	138982.0
26	191140.5
27	258923.0
28	336086.5
29	425620.5
30	528170.5
31	647513.5
32	776411.5
33	909760.5
34	1067258.5
35	1258898.0
36	1453487.0
37	1653187.5
38	1841437.5
39	2040354.0
40	2232520.0
41	2376404.0
42	2588659.5
43	2819667.0
44	2892202.0
45	2970960.0
46	3077515.0
47	3072800.0
48	3073971.5
49	3099696.5
50	3151411.5
51	3160765.5
52	3127228.5
53	3111483.5
54	3051212.5
55	3003695.5
56	2913534.0
57	2759525.5
58	2646302.5
59	2560737.0
60	2459155.5
61	2321395.0
62	2194903.5
63	2058539.0
64	1885887.5
65	1685100.0
66	1475702.0
67	1299497.5
68	1125901.5
69	947345.5
70	782351.5
71	635233.0
72	520446.0
73	425758.5
74	349452.0
75	279836.0
76	216703.0
77	170879.0
78	130292.5
79	92105.5
80	62502.0
81	41468.0
82	27137.0
83	18509.5
84	12718.0
85	9615.0
86	7907.0
87	6688.5
88	5615.5
89	4814.5
90	4197.5
91	3649.0
92	3182.0
93	2767.5
94	2346.0
95	1965.0
96	1660.5
97	1368.0
98	1118.0
99	834.0
100	545.0
>>END_MODULE
>>Per base N content	pass
#Base	N-Count
1	3.8643226807881536E-4
2	0.0
3	0.0
4	0.0
5	0.0
6	0.0
7	0.0
8	0.0
9	0.0
10-11	0.0
12-13	0.0
14-15	0.0
16-17	0.0015716351461529476
18-19	0.001172249841155289
20-21	0.001555446905748175
22-23	0.007715220446030414
24-25	9.126635543957923E-4
26-27	0.0
28-29	0.0
30-31	0.0
32-33	0.0
34-35	0.0
36-37	4.641747849936999E-5
38-39	0.0
40-41	5.3974499434689985E-6
42-43	6.174721862109577E-4
44-45	1.2954041166971276E-4
46-47	6.531039572502546E-5
48-49	7.286751752609531E-5
50-51	1.6732673374745044E-5
52-53	0.0
54-55	0.0
56-57	0.0
58-59	0.0
60-61	0.0
62-63	0.0
64-65	1.1983943200341399E-4
66-67	1.8192320357584361E-4
68-69	4.140635569636979E-4
70-71	0.0017005885218599561
72-73	9.529222245450489E-4
74-75	0.006421506683625966
76-77	4.427917512324663E-5
78-79	0.0
80-81	0.0
82-83	0.0
84-85	0.0
86-87	2.4276483344091315E-4
88-89	0.0017819709912650207
90-91	2.8205996720503376E-4
92-93	1.2681423547889343E-4
94-95	0.0010724837897955872
96-97	0.008741737489741755
98-99	0.002483720041914647
100	1.1172829698221535E-5
>>END_MODULE
>>Sequence Length Distribution	warn
#Length	Count
20-21	671.0
22-23	615.0
24-25	617.0
26-27	594.0
28-29	543.0
30-31	559.0
32-33	552.0
34-35	538.0
36-37	598.0
38-39	592.0
40-41	591.0
42-43	558.0
44-45	612.0
46-47	686.0
48-49	703.0
50-51	800.0
52-53	937.0
54-55	955.0
56-57	1077.0
58-59	1299.0
60-61	1729.0
62-63	2053.0
64-65	2302.0
66-67	2770.0
68-69	3360.0
70-71	4716.0
72-73	6484.0
74-75	8186.0
76-77	10032.0
78-79	13184.0
80-81	19096.0
82-83	28458.0
84-85	38401.0
86-87	47272.0
88-89	63350.0
90-91	88341.0
92-93	122748.0
94-95	268701.0
96-97	2394246.0
98-99	0.0
100-101	8.9502841E7
>>END_MODULE
>>Sequence Duplication Levels	fail
#Total Deduplicated Percentage	35.10821471105636
#Duplication Level	Percentage of deduplicated	Percentage of total
1	69.57629583553762	24.42699532994031
2	13.205858779169583	9.272682509259488
3	5.611556159587958	5.910351555418947
4	2.987883649332733	4.195970427697128
5	1.8046357128997925	3.167876904186309
6	1.2772261279535564	2.6904677480858763
7	0.8891431353982466	2.185135967449645
8	0.6530209530870201	1.8341119865438213
9	0.50543018912463	1.59702764411136
>10	3.0577623903659124	19.911726873591395
>50	0.2516081460862189	6.096460232062084
>100	0.15919782143726252	10.61653824418383
>500	0.013333837597898138	3.1970892190910503
>1k	0.00679495628148866	4.196995505900296
>5k	2.0922948211854367E-4	0.48730766445211754
>10k+	4.307665808322958E-5	0.21326218802623104
>>END_MODULE
>>Overrepresented sequences	pass
>>END_MODULE
>>Adapter Content	pass
#Position	Illumina Universal Adapter	Illumina Small RNA 3' Adapter	Illumina Small RNA 5' Adapter	Nextera Transposase Sequence	SOLID Small RNA Adapter
1	0.0	1.727071589179063E-5	0.0	4.317678972947658E-6	1.0794197432369144E-6
2	0.0	1.4032456662079889E-4	0.0	6.584460433745179E-5	1.0794197432369144E-6
3	0.0	1.5867470225582644E-4	0.0	7.016228331039944E-5	1.0794197432369144E-6
4	1.4032456662079888E-5	1.64071800972011E-4	0.0	8.095648074276858E-5	3.2382592297107434E-6
5	1.5111876405316803E-5	1.716277391746694E-4	0.0	8.20359004860055E-5	3.2382592297107434E-6
6	1.942955537826446E-5	1.7702483789085397E-4	0.0	8.419473997247933E-5	4.317678972947658E-6
7	2.0508975121501375E-5	2.687755160659917E-4	0.0	8.419473997247933E-5	4.317678972947658E-6
8	2.158839486473829E-5	3.1842882425488976E-4	0.0	8.527415971571625E-5	5.397098716184572E-6
9	2.374723435121212E-5	3.745586509032093E-4	0.0	8.635357945895316E-5	5.397098716184572E-6
10-11	3.2922302168725894E-5	4.074809530719352E-4	0.0	8.905212881704544E-5	5.936808587803029E-6
12-13	4.317678972947658E-5	4.328473170380027E-4	0.0	9.984632624941459E-5	7.016228331039945E-6
14-15	5.1272437803753435E-5	4.927551127876515E-4	0.0	1.084816841953099E-4	8.635357945895315E-6
16-17	5.612982664831956E-5	5.515834887940633E-4	0.0	1.1387878291149447E-4	9.71477768913223E-6
18-19	6.908286356716254E-5	5.634571059696694E-4	0.0	1.1873617175606058E-4	1.0794197432369145E-5
20-21	7.879764125629475E-5	5.731718836588017E-4	0.0	1.2521269021548208E-4	1.0794197432369145E-5
22-23	8.905212881704545E-5	5.861249205776446E-4	0.0	1.311494988032851E-4	1.0794197432369145E-5
24-25	1.0146545586426996E-4	6.023162167261983E-4	0.0	1.4734079495183882E-4	1.0794197432369145E-5
26-27	1.160376223979683E-4	6.104118648004751E-4	0.0	1.5597615289773413E-4	1.2953036918842974E-5
28-29	1.2953036918842973E-4	6.298414201787396E-4	0.0	1.6083354174230025E-4	1.349274679046143E-5
30-31	1.3816572713432507E-4	6.411753274827273E-4	0.0	1.6461151084362944E-4	1.4032456662079888E-5
32-33	1.5327760353964185E-4	6.606048828609917E-4	0.0	1.6623064045848484E-4	1.4572166533698346E-5
34-35	1.705483194314325E-4	6.989242837459021E-4	0.0	1.705483194314325E-4	1.5111876405316803E-5
36-37	1.8727932545160468E-4	7.372436846308126E-4	0.0	1.7540570827599862E-4	1.5111876405316803E-5
38-39	1.980735228839738E-4	7.593717893671693E-4	5.397098716184572E-7	1.7972338724894625E-4	1.565158627693526E-5
40-41	2.0994714005957986E-4	7.744836657724862E-4	1.0794197432369144E-6	1.856601958367493E-4	1.6191296148553717E-5
42-43	2.2505901646489667E-4	7.933735112791321E-4	1.0794197432369144E-6	1.9969265249882918E-4	1.6191296148553717E-5
44-45	2.3909147312697657E-4	8.192795851168181E-4	1.0794197432369144E-6	2.067088808298691E-4	1.6191296148553717E-5
46-47	2.498856705593457E-4	8.376297207518457E-4	1.0794197432369144E-6	2.1804278813385673E-4	1.727071589179063E-5
48-49	2.5798131863362253E-4	8.673137636908607E-4	1.0794197432369144E-6	2.3585321389726582E-4	1.727071589179063E-5
50-51	2.709343555524655E-4	9.061728744473897E-4	1.0794197432369144E-6	2.471871212012534E-4	1.727071589179063E-5
52-53	2.989992688766253E-4	0.0010249090462034504	1.6191296148553715E-6	2.5798131863362253E-4	1.727071589179063E-5
54-55	3.195082439981267E-4	0.001180345489229566	2.158839486473829E-6	2.6337841734980715E-4	1.727071589179063E-5
56-57	3.4649373757904956E-4	0.0012677784884317562	2.158839486473829E-6	2.828079727280716E-4	1.727071589179063E-5
58-59	3.605261942411295E-4	0.001434009128890241	2.158839486473829E-6	3.0493607746442833E-4	1.727071589179063E-5
60-61	3.772572002613016E-4	0.0015408716834706955	2.158839486473829E-6	3.7833662000453855E-4	1.942955537826446E-5
62-63	3.983058852544215E-4	0.0017157376818750757	2.158839486473829E-6	4.290693479366735E-4	1.942955537826446E-5
64-65	4.258310887069628E-4	0.001799932421847555	2.158839486473829E-6	4.8573888445661146E-4	2.1048684993119832E-5
66-67	4.4364151447037184E-4	0.0018333944338878993	2.158839486473829E-6	5.111052484226791E-4	2.2667814607975203E-5
68-69	4.560548415175964E-4	0.0018452680510635052	2.158839486473829E-6	5.440275505914049E-4	2.2667814607975203E-5
70-71	4.7656381663909776E-4	0.0018706344150295727	2.158839486473829E-6	5.845057909627892E-4	2.2667814607975203E-5
72-73	5.008507608619283E-4	0.0019343201798805508	2.698549358092286E-6	6.298414201787396E-4	2.2667814607975203E-5
74-75	5.353921926455096E-4	0.0019947676855018182	3.2382592297107434E-6	6.492709755570041E-4	2.2667814607975203E-5
76-77	5.704733343007093E-4	0.0020530563516366115	3.7779691013292007E-6	6.708593704217423E-4	2.2667814607975203E-5
78-79	6.033956364694352E-4	0.002065469678683836	4.317678972947658E-6	6.816535678541116E-4	2.2667814607975203E-5
80-81	6.379370682530164E-4	0.0020800418452175343	4.317678972947658E-6	7.075596416917974E-4	2.3207524479593663E-5
82-83	7.242906477119696E-4	0.0021064876289268388	4.317678972947658E-6	7.242906477119696E-4	2.374723435121212E-5
84-85	7.8365873359E-4	0.0021890632392844627	4.317678972947658E-6	7.534349807793662E-4	2.4826654094449034E-5
86-87	8.182001653735812E-4	0.002264622621311047	6.476518459421487E-6	8.527415971571624E-4	2.4826654094449034E-5
88-89	8.198192949884365E-4	0.002286211016175785	7.016228331039945E-6	8.905212881704545E-4	2.536636396606749E-5
>>END_MODULE
