##FastQC	0.11.8
>>Basic Statistics	pass
#Measure	Value
Filename	SRR3184296_1.gz
File type	Conventional base calls
Encoding	Sanger / Illumina 1.9
Total Sequences	76286582
Sequences flagged as poor quality	0
Sequence length	20-100
%GC	47
>>END_MODULE
>>Per base sequence quality	pass
#Base	Mean	Median	Lower Quartile	Upper Quartile	10th Percentile	90th Percentile
1	31.38084596580825	33.0	33.0	33.0	27.0	33.0
2	31.34476369645189	33.0	33.0	33.0	27.0	33.0
3	31.375898477139792	33.0	33.0	33.0	27.0	33.0
4	35.090408389249895	37.0	37.0	37.0	33.0	37.0
5	35.08467036837487	37.0	37.0	37.0	33.0	37.0
6	35.039545473409724	37.0	37.0	37.0	33.0	37.0
7	34.83336325122025	37.0	37.0	37.0	33.0	37.0
8	34.86355997703502	37.0	37.0	37.0	33.0	37.0
9	34.89046986008627	37.0	37.0	37.0	33.0	37.0
10-11	34.98659355979535	37.0	37.0	37.0	33.0	37.0
12-13	34.88975725115067	37.0	37.0	37.0	33.0	37.0
14-15	36.542219010415224	40.0	37.0	40.0	33.0	40.0
16-17	36.46736843577551	40.0	37.0	40.0	33.0	40.0
18-19	36.42510858593717	40.0	37.0	40.0	33.0	40.0
20-21	36.3660126589337	40.0	37.0	40.0	33.0	40.0
22-23	36.33081042948503	40.0	37.0	40.0	33.0	40.0
24-25	36.233286868928836	40.0	37.0	40.0	33.0	40.0
26-27	36.15811263283544	40.0	37.0	40.0	33.0	40.0
28-29	36.03117660865444	40.0	37.0	40.0	33.0	40.0
30-31	35.93597148393411	40.0	37.0	40.0	30.0	40.0
32-33	35.76896933745873	40.0	37.0	40.0	27.0	40.0
34-35	35.60227022787035	38.5	37.0	40.0	27.0	40.0
36-37	35.45606049730296	37.0	37.0	40.0	27.0	40.0
38-39	35.251872546892855	37.0	37.0	40.0	27.0	40.0
40-41	35.07803058225436	37.0	37.0	40.0	27.0	40.0
42-43	35.02182728792304	37.0	37.0	40.0	27.0	40.0
44-45	35.0519585292124	37.0	37.0	40.0	27.0	40.0
46-47	34.96209644826207	37.0	37.0	40.0	27.0	40.0
48-49	35.04137216272392	37.0	37.0	40.0	27.0	40.0
50-51	34.51750583956001	37.0	35.0	40.0	27.0	40.0
52-53	34.50769152678673	37.0	33.0	40.0	27.0	40.0
54-55	34.752675091065825	37.0	33.0	40.0	27.0	40.0
56-57	34.6644603166873	37.0	33.0	40.0	27.0	40.0
58-59	34.48106703878247	37.0	33.0	40.0	27.0	40.0
60-61	34.24905901454238	37.0	33.0	40.0	27.0	40.0
62-63	33.981320462626556	37.0	33.0	40.0	27.0	40.0
64-65	33.73212270809438	37.0	33.0	40.0	27.0	40.0
66-67	33.49946527017247	37.0	33.0	37.0	24.5	40.0
68-69	33.24568714358346	37.0	33.0	37.0	22.0	40.0
70-71	32.94365193586171	37.0	33.0	37.0	22.0	40.0
72-73	32.69642795092466	37.0	33.0	37.0	22.0	40.0
74-75	32.4726238461063	37.0	33.0	37.0	22.0	37.0
76-77	32.24083244684175	37.0	33.0	37.0	22.0	37.0
78-79	32.00638173300698	37.0	33.0	37.0	22.0	37.0
80-81	31.819184760545163	37.0	33.0	37.0	22.0	37.0
82-83	31.617979195913076	37.0	33.0	37.0	18.5	37.0
84-85	31.432975990418683	37.0	33.0	37.0	15.0	37.0
86-87	31.20899233225556	33.0	33.0	37.0	15.0	37.0
88-89	31.043999142740375	33.0	33.0	37.0	15.0	37.0
90-91	30.87285721527934	33.0	33.0	37.0	15.0	37.0
92-93	30.697961269740887	33.0	33.0	37.0	10.5	37.0
94-95	30.480795750761125	33.0	33.0	37.0	2.0	37.0
96-97	30.22894434408599	33.0	33.0	37.0	2.0	37.0
98-99	29.95884653099577	33.0	33.0	37.0	2.0	37.0
100	28.274188302657258	33.0	27.0	37.0	2.0	37.0
>>END_MODULE
>>Per sequence quality scores	pass
#Quality	Count
2	1357884.0
3	268011.0
4	203282.0
5	182199.0
6	169044.0
7	171585.0
8	176441.0
9	183924.0
10	189856.0
11	189576.0
12	190685.0
13	196975.0
14	205368.0
15	212435.0
16	219014.0
17	224098.0
18	229951.0
19	239589.0
20	254501.0
21	284498.0
22	332577.0
23	399029.0
24	483507.0
25	588622.0
26	717268.0
27	866700.0
28	1046871.0
29	1273709.0
30	1565968.0
31	1963772.0
32	2525517.0
33	3350861.0
34	4516866.0
35	6406125.0
36	1.0477688E7
37	1.9160765E7
38	1.518862E7
39	73201.0
>>END_MODULE
>>Per base sequence content	warn
#Base	G	A	T	C
1	33.03940527837517	12.976101092063608	12.374277038654057	41.610216590907164
2	23.56295894866544	19.849294073759918	32.511624390249914	24.07612258732473
3	28.012404592985956	21.754617345419934	22.868378085152642	27.36459997644147
4	28.674673089954407	28.67189933873299	19.794528217295145	22.85889935401746
5	28.42831128546302	31.111576082934217	21.16605381533544	19.294058816267324
6	23.308493491030966	34.09062159843523	21.894428301952235	20.706456608581572
7	20.289909783757647	19.610935937877684	38.72766521550305	21.371489062861617
8	21.272536499275848	23.140551768330635	28.887002697276436	26.69990903511708
9	21.980115716811117	22.492949022149137	30.907962294076828	24.618972966962918
10-11	24.91409695088974	31.0683902445649	21.945787268329838	22.07172553621553
12-13	23.53123769688555	24.782481395351095	27.56512751168364	24.121153396079713
14-15	23.58573949479084	26.09355141904247	27.21162549922606	23.109083586940624
16-17	24.141891394033284	26.05854531155756	26.331581670425035	23.46798162398412
18-19	24.075874760816934	26.18019875544188	26.182252875407464	23.56167360833372
20-21	23.944899645940442	26.27908713177413	26.33834721405975	23.437666008225676
22-23	24.057568854482476	26.53810906709425	26.15303336727599	23.251288711147282
24-25	23.99494826621439	26.413129856651345	26.136969965345546	23.454951911788715
26-27	23.755254697465556	26.497927930762888	26.323892218303296	23.422925153468263
28-29	24.05885949286214	26.246432299932437	26.24492867877156	23.449779528433858
30-31	23.729863771474854	26.415418968461346	26.41358104164594	23.44113621841786
32-33	23.789962793236043	26.459386040872708	26.253885905418667	23.496765260472582
34-35	24.148989881046788	26.35571432193459	26.08129428777431	23.41400150924431
36-37	23.953234155706056	26.40575893979422	26.21864663614325	23.422360268356474
38-39	23.80158556967845	26.542002598325254	26.15990693278513	23.496504899211164
40-41	24.08144009149157	26.305393617391786	26.0554813612487	23.557684929867946
42-43	23.866079256156056	26.38564914134902	26.230495694599366	23.51777590789556
44-45	23.803515011629766	26.47257318266779	26.351425066000427	23.37248673970202
46-47	23.9773083433364	26.509734447624535	26.14615085378033	23.366806355258735
48-49	23.72055693581034	26.48313194583572	26.32113816206461	23.475172956289335
50-51	23.882489122790002	26.425514885015815	26.368028253938398	23.32396773825578
52-53	23.785840243757296	26.542844080000407	26.082889735221393	23.58842594102091
54-55	23.70337020253384	26.605578109902282	26.153953034474952	23.537098653088922
56-57	23.669062024119285	26.495584036762438	26.38574350174642	23.449610437371867
58-59	23.625530159539842	26.505121786975387	26.364763323095836	23.504584730388935
60-61	23.73647272442596	26.28294407164722	26.44142588704051	23.539157316886314
62-63	23.65010364756	26.51128122968	26.4739285008888	23.364686621871193
64-65	23.788655698731738	26.4946545346022	26.319418669969252	23.39727109669681
66-67	23.547995741681035	26.463950276756698	26.394157670011786	23.593896311550484
68-69	23.694190870351495	26.635316955887323	26.46311450395978	23.207377669801403
70-71	23.789150967878296	26.504347137554813	26.34746053695936	23.35904135760753
72-73	23.630243770865672	26.476396799608743	26.33770272695501	23.555656702570577
74-75	23.783534190917962	26.54231913899034	26.33382721986769	23.340319450224005
76-77	23.752998153121997	26.51173891598472	26.302759049768802	23.432503881124482
78-79	23.715524137203136	26.273877378535616	26.515769262500736	23.49482922176051
80-81	23.738438522674393	26.588359244666442	26.34126011918206	23.331942113477105
82-83	23.993413549406682	26.469273545753598	26.18507510059278	23.35223780424694
84-85	24.004190778206986	26.383050648451828	26.054875998041165	23.55788257530002
86-87	23.827629268819763	26.519884010760723	26.23028649222336	23.422200228196154
88-89	23.87463562906012	26.515721437548684	26.225236795217892	23.384406138173304
90-91	23.788951154130135	26.462407336780284	26.26418125456558	23.484460254524
92-93	23.741127480992574	26.569963110083687	26.304310959829756	23.38459844909398
94-95	23.84897232326419	26.554467873434252	26.17081434644064	23.425745456860916
96-97	23.97962388391589	26.107413478191994	26.292651197202805	23.62031144068931
98-99	23.274538525232426	25.83364064998409	27.039938880026344	23.851881944757142
100	24.989407258943412	25.043782655218493	25.906323827965306	24.06048625787279
>>END_MODULE
>>Per sequence GC content	pass
#GC Content	Count
0	1206.0
1	1098.0
2	1097.0
3	1367.0
4	1667.0
5	2017.5
6	2321.0
7	2607.0
8	3030.5
9	3426.0
10	3877.0
11	4337.0
12	4787.5
13	5490.0
14	6415.5
15	7656.5
16	9900.0
17	13340.5
18	18460.5
19	26807.5
20	40395.5
21	61362.5
22	91782.5
23	132762.5
24	187224.0
25	254212.0
26	334583.5
27	429830.0
28	531131.5
29	632478.0
30	729626.5
31	842362.0
32	986809.0
33	1116339.0
34	1220391.5
35	1360164.0
36	1548277.0
37	1764947.0
38	1930015.0
39	2072139.5
40	2196523.5
41	2305402.5
42	2564151.5
43	2824780.5
44	2886199.5
45	2939148.0
46	3031920.0
47	2927102.0
48	2818651.5
49	2800810.0
50	2767782.5
51	2655757.0
52	2406086.0
53	2228292.5
54	2159588.5
55	2080179.0
56	1904147.0
57	1714719.0
58	1607803.5
59	1521238.5
60	1416267.5
61	1307411.5
62	1203678.0
63	1109695.0
64	1020786.5
65	913662.5
66	798228.0
67	698644.0
68	607275.5
69	514664.0
70	429901.0
71	350375.0
72	277222.0
73	218875.5
74	176013.5
75	142303.5
76	112776.0
77	87310.5
78	66423.0
79	51024.0
80	39182.0
81	29507.0
82	22689.5
83	18021.0
84	14608.5
85	12179.5
86	10360.5
87	9032.5
88	7940.0
89	6923.0
90	5940.0
91	5212.5
92	4593.5
93	3965.0
94	3408.0
95	2817.5
96	2283.0
97	1850.0
98	1397.0
99	968.0
100	644.5
>>END_MODULE
>>Per base N content	pass
#Base	N-Count
1	0.0
2	0.0
3	0.0
4	0.0
5	0.0
6	0.0
7	0.3083097890006397
8	0.0
9	0.0
10-11	0.0
12-13	5.243386051822325E-6
14-15	0.0
16-17	5.308928377470104E-4
18-19	0.0011430581592972667
20-21	8.120716449061724E-4
22-23	2.5561856320095892E-5
24-25	0.0041338571658555805
26-27	0.0
28-29	2.884007858528141E-4
30-31	0.0
32-33	0.0
34-35	0.0
36-37	1.3109987822591161E-6
38-39	1.4093524959386887E-4
40-41	8.456284320469053E-5
42-43	0.0018938541241194102
44-45	3.716990445269561E-4
46-47	6.555693590054557E-5
48-49	0.03096990274834286
50-51	0.03633887142288087
52-53	0.0030034133487843798
54-55	4.3928189290790004E-4
56-57	1.6391660500123988E-5
58-59	0.0
60-61	0.0
62-63	0.0
64-65	2.819858038378478E-5
66-67	5.902344684128023E-6
68-69	1.0624830543790632E-4
70-71	0.0017033636926920438
72-73	1.1151085200653612E-4
74-75	1.2464039523967891E-5
76-77	1.6335956275586192E-4
78-79	0.0
80-81	0.0
82-83	0.0
84-85	4.135660590772945E-5
86-87	8.601554535970033E-5
88-89	7.158978872414984E-5
90-91	3.1274550892028706E-4
92-93	1.24897544572121E-4
94-95	1.111683332016745E-4
96-97	2.73958021788601E-4
98-99	4.586478016012636E-5
100	2.6979282447133152E-6
>>END_MODULE
>>Sequence Length Distribution	warn
#Length	Count
20-21	840.0
22-23	848.0
24-25	890.0
26-27	979.0
28-29	1147.0
30-31	1079.0
32-33	1236.0
34-35	1351.0
36-37	1675.0
38-39	1506.0
40-41	1595.0
42-43	1625.0
44-45	1759.0
46-47	1942.0
48-49	2124.0
50-51	2187.0
52-53	2354.0
54-55	2515.0
56-57	2707.0
58-59	3091.0
60-61	3429.0
62-63	3765.0
64-65	4001.0
66-67	4304.0
68-69	4739.0
70-71	5624.0
72-73	6285.0
74-75	6893.0
76-77	7639.0
78-79	9211.0
80-81	11564.0
82-83	14775.0
84-85	17172.0
86-87	19752.0
88-89	25389.0
90-91	35863.0
92-93	45344.0
94-95	122475.0
96-97	1773952.0
98-99	0.0
100-101	7.4130956E7
>>END_MODULE
>>Sequence Duplication Levels	fail
#Total Deduplicated Percentage	38.009216469528525
#Duplication Level	Percentage of deduplicated	Percentage of total
1	75.82887854391387	28.821962592172095
2	12.083631816302534	9.185787548878501
3	4.360762458936912	4.972474928217798
4	2.19203508242064	3.3327014382610756
5	1.3109448816650426	2.4913993893413533
6	0.8605578002825978	1.9625476629289533
7	0.5629044679266505	1.4976890441162185
8	0.41700709305802003	1.2680090295496886
9	0.3204334342847618	1.0961481391023558
>10	1.7748632119426806	12.35078805647693
>50	0.1446991984057542	3.819482663554706
>100	0.10955425377099151	8.38808048233438
>500	0.016552421589780285	4.401804243223129
>1k	0.01565758783153832	11.870529977519835
>5k	0.0012722805055873686	3.2484902912770406
>10k+	2.4546716276278033E-4	1.2921045130460678
>>END_MODULE
>>Overrepresented sequences	pass
>>END_MODULE
>>Adapter Content	pass
#Position	Illumina Universal Adapter	Illumina Small RNA 3' Adapter	Illumina Small RNA 5' Adapter	Nextera Transposase Sequence	SOLID Small RNA Adapter
1	2.621693025911162E-6	6.5542325647779056E-6	0.0	1.0486772103644648E-5	1.310846512955581E-6
2	2.621693025911162E-6	3.2771162823889525E-5	0.0	4.719047446640092E-5	1.310846512955581E-6
3	3.9325395388667435E-6	3.8014548875711854E-5	0.0	5.2433860518223245E-5	1.310846512955581E-6
4	7.865079077733487E-6	3.932539538866743E-5	0.0	5.898809308300115E-5	1.310846512955581E-6
5	1.179761861660023E-5	4.0636241901623016E-5	0.0	6.029893959595673E-5	1.310846512955581E-6
6	1.4419311642511392E-5	4.325793492753418E-5	0.0	6.029893959595673E-5	1.310846512955581E-6
7	1.5730158155466974E-5	6.029893959595673E-5	0.0	6.29206326218679E-5	2.621693025911162E-6
8	1.7041004668422555E-5	6.554232564777905E-5	0.0	6.816401867369022E-5	2.621693025911162E-6
9	2.6216930259111622E-5	6.816401867369022E-5	0.0	7.209655821255696E-5	2.621693025911162E-6
10-11	3.8014548875711854E-5	7.144113495607917E-5	0.0	7.602909775142371E-5	4.587962795344534E-6
12-13	5.8988093083001144E-5	7.66845210079015E-5	0.0	7.602909775142371E-5	6.5542325647779056E-6
14-15	8.061706054676823E-5	8.717129311154614E-5	0.0	8.258333031620162E-5	7.865079077733487E-6
16-17	1.0486772103644649E-4	9.765806521519078E-5	0.0	9.044840939393509E-5	7.865079077733487E-6
18-19	1.310846512955581E-4	1.0880026057531323E-4	0.0	9.962433498462417E-5	9.831348847166858E-6
20-21	1.5205819550284742E-4	1.1600991639656893E-4	1.310846512955581E-6	1.0617856754940207E-4	1.0486772103644648E-5
22-23	1.8220766530082575E-4	1.258412652437358E-4	1.9662697694333718E-6	1.107665303447466E-4	1.179761861660023E-5
24-25	2.293981397672267E-4	1.323954978085137E-4	2.621693025911162E-6	1.2715211175669136E-4	1.179761861660023E-5
26-27	2.8445369331136106E-4	1.4026057688624718E-4	2.621693025911162E-6	1.3501719083442487E-4	1.179761861660023E-5
28-29	3.3557670731662874E-4	1.455039629380695E-4	2.621693025911162E-6	1.4091600014272496E-4	1.4419311642511392E-5
30-31	3.899768376042854E-4	1.4812565596398065E-4	3.2771162823889528E-6	1.4157142339920275E-4	1.4419311642511392E-5
32-33	4.581408562779756E-4	1.5140277224636963E-4	5.243386051822324E-6	1.4157142339920275E-4	1.7041004668422555E-5
34-35	5.243386051822325E-4	1.6188954435001425E-4	5.898809308300114E-6	1.4157142339920275E-4	1.9007274437855927E-5
36-37	5.957797401383116E-4	1.7434258622309228E-4	6.5542325647779056E-6	1.4484853968159173E-4	2.0973544207289296E-5
38-39	6.659100285814352E-4	1.7958597227491461E-4	6.5542325647779056E-6	1.4747023270750287E-4	2.0973544207289296E-5
40-41	7.327632007421698E-4	1.8220766530082575E-4	6.5542325647779056E-6	1.4943650247693625E-4	2.3595237233200458E-5
42-43	8.179682240842826E-4	1.8351851181378135E-4	6.5542325647779056E-6	1.5467988852875856E-4	2.687235351558941E-5
44-45	9.018624009134398E-4	1.8810647460912588E-4	6.5542325647779056E-6	1.5664615829819194E-4	2.9494046541500572E-5
46-47	9.818240382037302E-4	1.953161304303816E-4	6.5542325647779056E-6	1.6844377691479216E-4	3.146031631093395E-5
48-49	0.0010722724475976653	2.0187036299515947E-4	6.5542325647779056E-6	1.7958597227491461E-4	3.146031631093395E-5
50-51	0.0011476461220926112	2.0645832579050402E-4	6.5542325647779056E-6	1.887618978656037E-4	3.40820093368451E-5
52-53	0.0012603789222067913	2.2481017697188215E-4	6.5542325647779056E-6	1.9466070717390378E-4	3.5392855849800687E-5
54-55	0.0013652466432432378	2.451282979226937E-4	6.5542325647779056E-6	1.9793782345629274E-4	3.5392855849800687E-5
56-57	0.001442586587507617	2.5495964676986056E-4	6.5542325647779056E-6	2.0449205602107064E-4	3.5392855849800687E-5
58-59	0.0015271361875932518	2.75277767720672E-4	7.865079077733487E-6	2.071137490469818E-4	3.670370236275627E-5
60-61	0.0016031652853446756	2.818320002854499E-4	9.175925590689068E-6	2.208776374330154E-4	3.670370236275627E-5
62-63	0.0017139318156894224	3.0018385146682807E-4	9.831348847166858E-6	2.2874271651074889E-4	3.8014548875711854E-5
64-65	0.0018338742716248581	3.1132604682695053E-4	1.114219536012244E-5	2.3726321884496017E-4	3.8014548875711854E-5
66-67	0.0019400528391742599	3.15914009622295E-4	1.179761861660023E-5	2.418511816403047E-4	3.8014548875711854E-5
68-69	0.0020337783648505837	3.19191125904684E-4	1.179761861660023E-5	2.575813397957717E-4	3.8014548875711854E-5
70-71	0.0020999761137548405	3.296778980083286E-4	1.245304187307802E-5	2.7331149795123866E-4	4.129166515810081E-5
72-73	0.0021674847091720535	3.4278636313788443E-4	1.3108465129555811E-5	2.9362961890205016E-4	4.456878144048976E-5
74-75	0.0022487571929752995	3.585165212933514E-4	1.3763888386033601E-5	3.06738084031606E-4	4.7845897722878714E-5
76-77	0.0023084007093147783	3.6900329339699606E-4	1.5730158155466974E-5	3.119814700834283E-4	5.2433860518223245E-5
78-79	0.002350347797729357	3.7228040967938504E-4	1.5730158155466974E-5	3.1525858636581724E-4	5.440013028765662E-5
80-81	0.0024047479280170135	3.7949006550064073E-4	1.7696427924900343E-5	3.2377908870002856E-4	6.029893959595673E-5
82-83	0.0025017505699757264	3.866997213218964E-4	2.0318120950811504E-5	3.257453584694619E-4	6.160978610891231E-5
84-85	0.0025705700119058946	4.030853027338412E-4	2.162896746376709E-5	3.388538235990177E-4	6.160978610891231E-5
86-87	0.00261055083055104	4.1619376786339703E-4	2.293981397672267E-5	3.8538887480894085E-4	6.29206326218679E-5
88-89	0.002611861677063995	4.207817306587415E-4	2.5561507002633834E-5	4.043961492467968E-4	6.488690239130127E-5
>>END_MODULE
