##FastQC	0.11.8
>>Basic Statistics	pass
#Measure	Value
Filename	SRR3184282_2.gz
File type	Conventional base calls
Encoding	Sanger / Illumina 1.9
Total Sequences	72351233
Sequences flagged as poor quality	0
Sequence length	20-100
%GC	50
>>END_MODULE
>>Per base sequence quality	pass
#Base	Mean	Median	Lower Quartile	Upper Quartile	10th Percentile	90th Percentile
1	31.902987513702772	33.0	33.0	33.0	33.0	33.0
2	31.93285724653787	33.0	33.0	33.0	33.0	33.0
3	31.978568602970455	33.0	33.0	33.0	33.0	33.0
4	35.77470191834879	37.0	37.0	37.0	33.0	37.0
5	35.77274381764855	37.0	37.0	37.0	33.0	37.0
6	35.760515567163864	37.0	37.0	37.0	33.0	37.0
7	35.70288522933673	37.0	37.0	37.0	33.0	37.0
8	35.69042194484785	37.0	37.0	37.0	33.0	37.0
9	35.69436894047127	37.0	37.0	37.0	33.0	37.0
10-11	35.723423586989874	37.0	37.0	37.0	33.0	37.0
12-13	35.682975133264144	37.0	37.0	37.0	33.0	37.0
14-15	37.57774915183546	40.0	37.0	40.0	33.0	40.0
16-17	37.551172839030954	40.0	37.0	40.0	33.0	40.0
18-19	37.505529511846746	40.0	37.0	40.0	33.0	40.0
20-21	37.449408226464236	40.0	37.0	40.0	33.0	40.0
22-23	37.34114792299435	40.0	37.0	40.0	33.0	40.0
24-25	37.29610391749725	40.0	37.0	40.0	33.0	40.0
26-27	37.224039293784436	40.0	37.0	40.0	33.0	40.0
28-29	37.131011034387996	40.0	37.0	40.0	33.0	40.0
30-31	37.042807421410046	40.0	37.0	40.0	33.0	40.0
32-33	36.940158218905836	40.0	37.0	40.0	33.0	40.0
34-35	36.80277223010072	40.0	37.0	40.0	33.0	40.0
36-37	36.67159977233436	40.0	37.0	40.0	33.0	40.0
38-39	36.53658761468758	40.0	37.0	40.0	33.0	40.0
40-41	36.364391125142895	40.0	37.0	40.0	33.0	40.0
42-43	36.435222585997195	40.0	37.0	40.0	33.0	40.0
44-45	36.33199209689947	40.0	37.0	40.0	33.0	40.0
46-47	36.1354020064304	37.0	37.0	40.0	33.0	40.0
48-49	35.973077282307145	37.0	37.0	40.0	33.0	40.0
50-51	35.31322164355344	37.0	35.0	38.5	30.0	40.0
52-53	35.46179230571707	37.0	37.0	40.0	30.0	40.0
54-55	35.77180121903947	37.0	37.0	40.0	33.0	40.0
56-57	35.685692961964264	37.0	37.0	40.0	33.0	40.0
58-59	35.529191087255754	37.0	37.0	40.0	27.0	40.0
60-61	35.32625891102748	37.0	37.0	40.0	27.0	40.0
62-63	35.08243933794701	37.0	33.0	40.0	27.0	40.0
64-65	34.83010983711611	37.0	33.0	40.0	27.0	40.0
66-67	34.58674960134857	37.0	33.0	37.0	27.0	40.0
68-69	34.356318974410016	37.0	33.0	37.0	27.0	40.0
70-71	34.129039466232136	37.0	33.0	37.0	27.0	40.0
72-73	33.87820762428808	37.0	33.0	37.0	27.0	40.0
74-75	33.63274121251806	37.0	33.0	37.0	27.0	37.0
76-77	33.42538194075905	37.0	33.0	37.0	27.0	37.0
78-79	33.23039574084267	37.0	33.0	37.0	27.0	37.0
80-81	33.04750072085492	37.0	33.0	37.0	27.0	37.0
82-83	32.876310672793196	37.0	33.0	37.0	27.0	37.0
84-85	32.7130475403295	37.0	33.0	37.0	27.0	37.0
86-87	32.53171854521551	37.0	33.0	37.0	27.0	37.0
88-89	32.360969431933476	37.0	33.0	37.0	24.5	37.0
90-91	32.19282400257574	37.0	33.0	37.0	22.0	37.0
92-93	32.02550959032267	37.0	33.0	37.0	22.0	37.0
94-95	31.823865306012785	37.0	33.0	37.0	22.0	37.0
96-97	31.585365724851037	35.0	33.0	37.0	22.0	37.0
98-99	31.36865363362694	33.0	33.0	37.0	15.0	37.0
100	29.58868491622763	33.0	27.0	37.0	15.0	37.0
>>END_MODULE
>>Per sequence quality scores	pass
#Quality	Count
2	644381.0
3	111037.0
4	89892.0
5	89073.0
6	91158.0
7	97269.0
8	103040.0
9	111419.0
10	120076.0
11	123913.0
12	126005.0
13	127991.0
14	132166.0
15	139802.0
16	145662.0
17	152815.0
18	160432.0
19	168386.0
20	183378.0
21	205628.0
22	238954.0
23	285988.0
24	345879.0
25	422081.0
26	515803.0
27	630688.0
28	777559.0
29	966447.0
30	1220580.0
31	1574321.0
32	2086293.0
33	2819877.0
34	3871488.0
35	5680301.0
36	1.0119228E7
37	2.127098E7
38	1.6348104E7
39	53139.0
>>END_MODULE
>>Per base sequence content	fail
#Base	G	A	T	C
1	26.029567655170595	11.109499982806032	15.944771535279866	46.91616082674351
2	23.77281946252388	17.93147602612384	29.474462446272337	28.821242065079943
3	27.66951739440294	19.296526708812276	21.85895021305304	31.175005683731747
4	29.87999112606692	22.852027967512317	18.610611653294146	28.657369253126618
5	31.747002846516796	26.063605578083237	21.553646501090036	20.63574507430993
6	27.109625070245862	30.76312880528242	19.87487759883788	22.252368525633834
7	23.21546199496006	18.5929450573427	36.35271288327595	21.838880064421293
8	23.79650807056737	22.20574043292393	27.42187683242385	26.575874664084854
9	22.850280934396793	20.632581341080947	30.885375512536186	25.631762211986075
10-11	26.081894139938157	28.04391737180208	22.199151740786505	23.67503674747326
12-13	25.12695464360642	23.51323024446591	26.09623390937926	25.26358120254841
14-15	25.384789226743376	24.447870155854844	25.55169515908596	24.615645458315825
16-17	25.837410587073744	24.21936786721035	24.844281589647448	25.09893995606846
18-19	25.597673852978588	24.395394599980698	24.83392586888048	25.173005678160244
20-21	25.481852377150787	24.540258546423622	24.867647692894145	25.110241383531445
22-23	25.598070626857663	24.360476355600618	24.837024505393455	25.20442851214827
24-25	25.380823791588327	24.55384130516274	24.941634388068028	25.123700515180907
26-27	25.333186104189416	24.767099582824038	24.802098985586778	25.097615327399776
28-29	25.549317672096468	24.354500141055045	24.644462400667216	25.451719786181272
30-31	25.247883478382764	24.47446034958348	24.76757008419728	25.51008608783647
32-33	25.240462917131	24.609594021404373	24.897754282961227	25.2521887785034
34-35	25.5126795874014	24.482909454865958	24.636880733238637	25.36753022449401
36-37	25.342175621397693	24.568122260541752	24.670513086854484	25.41918903120607
38-39	25.355257099588925	24.645666223245943	24.714224325954635	25.284852351210503
40-41	25.504762279148167	24.411146439470443	24.578226675594202	25.505864605787192
42-43	25.249976135550405	24.521307338918835	24.786175084530466	25.442541441000294
44-45	25.35808320881833	24.701827469906643	24.728916031527035	25.21117328974799
46-47	25.498435585729485	24.573035927392247	24.573371123971633	25.35515736290664
48-49	25.294046964578488	24.54027348039554	24.741711516067795	25.423968038958172
50-51	25.235604028702895	24.67939017209828	24.76111514029074	25.323890658908084
52-53	25.38498200471309	24.542390835173602	24.577486446368553	25.495140713744753
54-55	25.13523867338313	24.582327056897967	24.84629652005023	25.436137749668674
56-57	25.190033338090817	24.684830805819704	24.888825225395834	25.23631063069364
58-59	25.290296531152467	24.567170586963705	24.70396676571672	25.438566116167106
60-61	25.051933549551997	24.8066502977694	24.756425691172215	25.384990461506383
62-63	25.06029363625003	24.96779860456012	24.782926735535497	25.188981023654357
64-65	25.229429066166208	24.75913513854413	24.62095171930887	25.390484075980797
66-67	25.106354976305806	24.812560949747407	24.76776055248017	25.313323521466614
68-69	25.16967347114977	24.951295155769753	24.69244822344168	25.186583149638796
70-71	25.325592520701708	24.656704187791256	24.60320268882363	25.41450060268341
72-73	25.11715452201574	24.82990950876766	24.752686231072303	25.3002497381443
74-75	25.194103623104454	25.037172736307518	24.613694225580048	25.155029415007984
76-77	25.34861604387963	24.79554446015077	24.49332403995261	25.362515456016993
78-79	25.157705170250434	24.799303912849798	24.690713880344088	25.35227703655568
80-81	25.280031599007142	24.86182368655715	24.667079394020256	25.191065320415458
82-83	25.3814612670609	24.645776032858727	24.573500705193325	25.399261994887052
84-85	25.11488069864863	24.78105247942152	24.77411086137098	25.329955960558877
86-87	25.141333645574477	24.951175271975206	24.755568883236677	25.151922199213644
88-89	25.289752274993816	24.714081230937367	24.478062138636457	25.518104355432357
90-91	25.133659827324838	24.735149073373567	24.65640639395495	25.474784705346647
92-93	25.2085342736511	24.93028627673302	24.591915980797054	25.269263468818824
94-95	25.411737929739726	24.712648607259133	24.45165679049882	25.423956672502324
96-97	25.254779599393146	24.543376963038913	24.766982634893413	25.43486080267453
98-99	24.692288748869846	24.21179320155799	25.16551564649474	25.93040240307742
100	26.10870831700325	23.147732282951495	24.511065467132855	26.232493932912398
>>END_MODULE
>>Per sequence GC content	pass
#GC Content	Count
0	192.0
1	174.5
2	162.5
3	202.5
4	290.0
5	382.0
6	454.5
7	556.5
8	698.0
9	818.0
10	898.0
11	1024.0
12	1200.0
13	1450.5
14	1765.5
15	2140.5
16	2759.5
17	3736.5
18	5361.0
19	7983.5
20	12407.5
21	19471.5
22	31412.5
23	48267.5
24	70281.0
25	101065.0
26	140699.5
27	190504.0
28	252043.0
29	326884.5
30	407378.5
31	492181.0
32	584121.0
33	684351.5
34	794024.5
35	922144.5
36	1058685.5
37	1206197.0
38	1362196.5
39	1519962.0
40	1664946.5
41	1775045.0
42	1879280.5
43	1982716.5
44	2075902.0
45	2198583.5
46	2292137.0
47	2311867.0
48	2325824.0
49	2358227.5
50	2418106.5
51	2500937.5
52	2560522.0
53	2553889.0
54	2511780.5
55	2488631.0
56	2405258.0
57	2288713.5
58	2223264.0
59	2166359.5
60	2073252.0
61	1943336.5
62	1812419.0
63	1687737.5
64	1547457.5
65	1376169.0
66	1197807.0
67	1041701.0
68	897150.5
69	743669.5
70	596839.5
71	476546.5
72	394242.5
73	326033.0
74	265340.0
75	216578.5
76	175995.5
77	138423.5
78	105002.5
79	75652.5
80	51926.5
81	34314.0
82	21979.0
83	14386.5
84	9447.5
85	6594.5
86	5023.5
87	4022.5
88	3315.0
89	2777.0
90	2352.0
91	1984.5
92	1680.0
93	1432.0
94	1163.0
95	968.0
96	830.5
97	679.0
98	526.5
99	395.0
100	258.5
>>END_MODULE
>>Per base N content	pass
#Base	N-Count
1	3.883831530555948E-4
2	0.0
3	0.0
4	0.0
5	0.0
6	0.0
7	0.0
8	0.0
9	0.0
10-11	0.0
12-13	0.0
14-15	0.0
16-17	0.0016108916899868174
18-19	0.001191410241757732
20-21	0.001561136963818733
22-23	0.007566623815162356
24-25	9.198315650878792E-4
26-27	0.0
28-29	0.0
30-31	0.0
32-33	0.0
34-35	0.0
36-37	3.31730824652145E-5
38-39	0.0
40-41	4.837796927820644E-6
42-43	6.593262324497067E-4
44-45	1.3753326568585728E-4
46-47	4.7687738037404777E-5
48-49	6.08195825786176E-5
50-51	2.349867874531929E-5
52-53	0.0
54-55	0.0
56-57	0.0
58-59	0.0
60-61	0.0
62-63	0.0
64-65	1.0921174302446454E-4
66-67	1.9907561450356544E-4
68-69	4.0369603350466935E-4
70-71	0.0017413677001938594
72-73	9.492081813200283E-4
74-75	0.0063145619100688985
76-77	4.148870117110917E-5
78-79	0.0
80-81	0.0
82-83	0.0
84-85	0.0
86-87	2.4722722718854633E-4
88-89	0.0018051523288360278
90-91	2.7603625257622275E-4
92-93	1.3401693357423605E-4
94-95	0.0010934563129458613
96-97	0.008800378512107184
98-99	0.002505551881192454
100	1.57807447426951E-5
>>END_MODULE
>>Sequence Length Distribution	warn
#Length	Count
20-21	503.0
22-23	416.0
24-25	414.0
26-27	378.0
28-29	421.0
30-31	381.0
32-33	378.0
34-35	424.0
36-37	420.0
38-39	423.0
40-41	389.0
42-43	432.0
44-45	483.0
46-47	523.0
48-49	589.0
50-51	683.0
52-53	735.0
54-55	840.0
56-57	937.0
58-59	1103.0
60-61	1422.0
62-63	1891.0
64-65	2129.0
66-67	2525.0
68-69	3161.0
70-71	4414.0
72-73	6065.0
74-75	7685.0
76-77	9361.0
78-79	12047.0
80-81	17046.0
82-83	26147.0
84-85	35312.0
86-87	43463.0
88-89	57124.0
90-91	80073.0
92-93	109772.0
94-95	236754.0
96-97	1978768.0
98-99	0.0
100-101	6.9705202E7
>>END_MODULE
>>Sequence Duplication Levels	fail
#Total Deduplicated Percentage	33.760419595842784
#Duplication Level	Percentage of deduplicated	Percentage of total
1	64.81991581672379	21.883475561398015
2	14.85588970118995	10.030821395634645
3	6.624378635856891	6.709254069247958
4	3.534783699452447	4.773431234962401
5	2.2217797621445983	3.750410850977671
6	1.464697390276822	2.9669279086008844
7	1.0647929983440365	2.516350088476714
8	0.7898017107823838	2.13312297228222
9	0.6293661102741356	1.912289756603245
>10	3.541385321644804	21.944065081846738
>50	0.27733059632539164	6.4633197533414215
>100	0.16196054152665582	10.21422585061412
>500	0.009875911106378409	2.243418581622099
>1k	0.003914644159375255	2.1649519949411595
>5k	1.1075242519039338E-4	0.22856387087355415
>10k+	1.6407766694873097E-5	0.06537102857705712
>>END_MODULE
>>Overrepresented sequences	pass
>>END_MODULE
>>Adapter Content	pass
#Position	Illumina Universal Adapter	Illumina Small RNA 3' Adapter	Illumina Small RNA 5' Adapter	Nextera Transposase Sequence	SOLID Small RNA Adapter
1	1.3821464521551415E-6	1.5203610973706557E-5	0.0	1.3821464521551415E-6	1.3821464521551415E-6
2	1.3821464521551415E-6	1.0227883745948048E-4	0.0	1.796790387801684E-5	1.3821464521551415E-6
3	1.3821464521551415E-6	1.1471815552887675E-4	0.0	2.3496489686637407E-5	2.764292904310283E-6
4	6.910732260775708E-6	1.2024674133749732E-4	0.0	2.626078259094769E-5	2.764292904310283E-6
5	6.910732260775708E-6	1.2992176650258332E-4	0.0	2.7642929043102832E-5	4.146439356465425E-6
6	6.910732260775708E-6	1.3683249876335902E-4	0.0	3.0407221947413114E-5	4.146439356465425E-6
7	9.675025165085991E-6	1.7829689232801325E-4	0.0	3.0407221947413114E-5	5.528585808620566E-6
8	1.1057171617241132E-5	1.990290891103404E-4	0.0	3.1789368399568254E-5	5.528585808620566E-6
9	1.1057171617241132E-5	2.1008626072758151E-4	0.0	3.1789368399568254E-5	5.528585808620566E-6
10-11	1.9350050330171982E-5	2.2598094492736566E-4	0.0	3.524473452995611E-5	5.528585808620566E-6
12-13	2.695185581702526E-5	2.4740421493577036E-4	0.0	4.008224711249911E-5	5.528585808620566E-6
14-15	2.9025075495257975E-5	3.1858475722176013E-4	0.0	4.630190614719724E-5	5.528585808620566E-6
16-17	3.0407221947413114E-5	3.897652995077499E-4	0.0	5.252156518189538E-5	5.528585808620566E-6
18-19	3.248044162564583E-5	3.973671049946032E-4	1.3821464521551415E-6	5.66680045383608E-5	6.910732260775708E-6
20-21	3.455366130387854E-5	4.0565998370753405E-4	1.3821464521551415E-6	6.357873679913651E-5	8.29287871293085E-6
22-23	3.8700100660343964E-5	4.215546679073182E-4	2.764292904310283E-6	6.979839583383466E-5	9.675025165085991E-6
24-25	4.768405259935239E-5	4.3606720565494717E-4	2.764292904310283E-6	7.80912745467655E-5	9.675025165085991E-6
26-27	5.66680045383608E-5	4.4297793791572284E-4	2.764292904310283E-6	8.500200680754121E-5	9.675025165085991E-6
28-29	6.910732260775708E-5	4.5127081662865373E-4	2.764292904310283E-6	9.191273906831692E-5	1.2439318069396275E-5
30-31	8.569308003361878E-5	4.609458417937397E-4	3.455366130387854E-6	9.536810519870477E-5	1.2439318069396275E-5
32-33	1.0296991068555805E-4	4.7131194018490327E-4	4.146439356465425E-6	9.536810519870477E-5	1.3821464521551416E-5
34-35	1.1886459488534218E-4	5.238335053667987E-4	4.146439356465425E-6	9.95145445551702E-5	1.5203610973706557E-5
36-37	1.4097893811982444E-4	5.95705120878866E-4	4.146439356465425E-6	1.0227883745948048E-4	1.65857574258617E-5
38-39	1.5480040264137586E-4	6.281855625045118E-4	4.146439356465425E-6	1.0988064294633376E-4	1.65857574258617E-5
40-41	1.672397207107721E-4	6.426981002521408E-4	4.146439356465425E-6	1.1679137520710946E-4	1.9350050330171982E-5
42-43	1.9764694265818523E-4	6.53755271869382E-4	4.146439356465425E-6	1.2162888778965246E-4	2.2114343234482264E-5
44-45	2.1907021266658993E-4	6.758696151038643E-4	4.146439356465425E-6	1.2853962005042815E-4	2.3496489686637407E-5
46-47	2.3012738428383108E-4	6.966018118861913E-4	4.146439356465425E-6	1.3545035231120388E-4	2.626078259094769E-5
48-49	2.4049348267499463E-4	7.104232764077428E-4	4.146439356465425E-6	1.4167001134590202E-4	2.626078259094769E-5
50-51	2.5224172751831333E-4	7.214804480249839E-4	4.146439356465425E-6	1.5203610973706558E-4	2.626078259094769E-5
52-53	2.7020963139633017E-4	7.574162557810176E-4	4.146439356465425E-6	1.5756469554568614E-4	2.626078259094769E-5
54-55	2.8748646204826943E-4	8.064824548325251E-4	4.146439356465425E-6	1.6654864748469458E-4	2.626078259094769E-5
56-57	3.0199899979589846E-4	8.431093358146364E-4	4.146439356465425E-6	1.7000401361508242E-4	2.764292904310283E-5
58-59	3.1858475722176013E-4	8.977041206747645E-4	4.146439356465425E-6	1.8175225845840112E-4	3.0407221947413114E-5
60-61	3.351705146476218E-4	9.426238803698065E-4	4.146439356465425E-6	2.1008626072758151E-4	3.0407221947413114E-5
62-63	3.6004915078641437E-4	0.0010359187658902785	4.146439356465425E-6	2.3081845750990863E-4	3.1789368399568254E-5
64-65	3.946028120902929E-4	0.0010760010130027777	4.146439356465425E-6	2.563881668747788E-4	3.1789368399568254E-5
66-67	4.215546679073182E-4	0.0010960421365590273	4.146439356465425E-6	2.7159177784848534E-4	3.1789368399568254E-5
68-69	4.4090471823749015E-4	0.0011133189672109666	4.146439356465425E-6	2.888686085004246E-4	3.1789368399568254E-5
70-71	4.5818154888942946E-4	0.0011402708230279918	4.146439356465425E-6	3.0269007302197604E-4	3.1789368399568254E-5
72-73	4.948084298715407E-4	0.001175515557557948	4.146439356465425E-6	3.206579768999929E-4	3.248044162564583E-5
74-75	5.355817502101174E-4	0.0011976299007924302	4.146439356465425E-6	3.434633933605527E-4	3.455366130387854E-5
76-77	5.597693131228324E-4	0.0012155978046704471	4.146439356465425E-6	3.621223704646471E-4	3.455366130387854E-5
78-79	5.839568760355473E-4	0.0012294192691919984	4.146439356465425E-6	3.648866633689574E-4	3.524473452995611E-5
80-81	6.261123428262791E-4	0.001236330001452774	4.146439356465425E-6	3.6972417595150037E-4	3.7317954208188825E-5
82-83	6.841624938167951E-4	0.0012570621982351013	4.146439356465425E-6	3.8216349402089665E-4	3.7317954208188825E-5
84-85	7.339197660943802E-4	0.0012902337130868248	4.146439356465425E-6	3.9183851918598266E-4	3.7317954208188825E-5
86-87	7.657091344939485E-4	0.0013158034224516947	4.146439356465425E-6	4.3814042533317987E-4	3.8009027434266394E-5
88-89	7.664002077200261E-4	0.0013289338137471686	4.8375125825429955E-6	4.644012079241276E-4	4.215546679073182E-5
>>END_MODULE
