##FastQC	0.11.8
>>Basic Statistics	pass
#Measure	Value
Filename	SRR3184305_reverse.gz
File type	Conventional base calls
Encoding	Sanger / Illumina 1.9
Total Sequences	58664872
Sequences flagged as poor quality	0
Sequence length	35-100
%GC	52
>>END_MODULE
>>Per base sequence quality	pass
#Base	Mean	Median	Lower Quartile	Upper Quartile	10th Percentile	90th Percentile
1	31.828823712425386	33.0	33.0	33.0	27.0	33.0
2	31.744186367610247	33.0	33.0	33.0	27.0	33.0
3	31.716765119678435	33.0	33.0	33.0	27.0	33.0
4	35.45033059988608	37.0	37.0	37.0	33.0	37.0
5	35.45700201987997	37.0	37.0	37.0	33.0	37.0
6	35.438123226451424	37.0	37.0	37.0	33.0	37.0
7	35.40987884538468	37.0	37.0	37.0	33.0	37.0
8	35.371478608186514	37.0	37.0	37.0	33.0	37.0
9	35.34648058211054	37.0	37.0	37.0	33.0	37.0
10-11	35.30745605308744	37.0	37.0	37.0	33.0	37.0
12-13	35.2512015367561	37.0	37.0	37.0	33.0	37.0
14-15	37.171502283342576	40.0	37.0	40.0	33.0	40.0
16-17	37.13813081361534	40.0	37.0	40.0	33.0	40.0
18-19	37.12509425572428	40.0	37.0	40.0	33.0	40.0
20-21	37.07230931996238	40.0	37.0	40.0	33.0	40.0
22-23	37.04237772819141	40.0	37.0	40.0	33.0	40.0
24-25	36.96489418744491	40.0	37.0	40.0	33.0	40.0
26-27	36.82654919114117	40.0	37.0	40.0	33.0	40.0
28-29	36.75349618081499	40.0	37.0	40.0	33.0	40.0
30-31	36.655971788364255	40.0	37.0	40.0	33.0	40.0
32-33	36.55766164460395	40.0	37.0	40.0	33.0	40.0
34-35	36.419533115149385	40.0	37.0	40.0	30.0	40.0
36-37	36.327329769556826	40.0	37.0	40.0	27.0	40.0
38-39	36.240551460327666	40.0	37.0	40.0	27.0	40.0
40-41	36.15628012403982	40.0	37.0	40.0	27.0	40.0
42-43	36.011303626122825	40.0	37.0	40.0	27.0	40.0
44-45	35.91249857205264	38.5	37.0	40.0	27.0	40.0
46-47	35.75824084809791	37.0	37.0	40.0	27.0	40.0
48-49	35.569334795327734	37.0	37.0	40.0	27.0	40.0
50-51	34.31549737574349	37.0	35.0	38.5	24.5	40.0
52-53	34.48464151507604	37.0	33.0	38.5	24.5	40.0
54-55	34.975612042382906	37.0	33.0	40.0	27.0	40.0
56-57	34.90968347997867	37.0	33.0	40.0	27.0	40.0
58-59	34.729897040958676	37.0	33.0	40.0	27.0	40.0
60-61	34.522299486232455	37.0	33.0	40.0	27.0	40.0
62-63	34.315077474209254	37.0	33.0	38.5	27.0	40.0
64-65	34.098252406990156	37.0	33.0	37.0	27.0	40.0
66-67	33.8665876662818	37.0	33.0	37.0	22.0	40.0
68-69	33.61727404779069	37.0	33.0	37.0	22.0	40.0
70-71	33.404206350629934	37.0	33.0	37.0	22.0	38.5
72-73	33.17470594771113	37.0	33.0	37.0	22.0	37.0
74-75	32.94471306675465	37.0	33.0	37.0	22.0	37.0
76-77	32.77149972818117	37.0	33.0	37.0	22.0	37.0
78-79	32.59875914768679	37.0	33.0	37.0	22.0	37.0
80-81	32.41549809425693	37.0	33.0	37.0	22.0	37.0
82-83	32.321996672159344	37.0	33.0	37.0	22.0	37.0
84-85	32.20996910464768	37.0	33.0	37.0	22.0	37.0
86-87	32.10909029196691	37.0	33.0	37.0	22.0	37.0
88-89	31.995519203748994	37.0	33.0	37.0	22.0	37.0
90-91	31.89236836941344	37.0	33.0	37.0	22.0	37.0
92-93	31.8078342613359	35.0	33.0	37.0	22.0	37.0
94-95	31.73489687687095	33.0	33.0	37.0	15.0	37.0
96-97	31.61548524053967	33.0	33.0	37.0	15.0	37.0
98-99	31.467224729403394	33.0	33.0	37.0	15.0	37.0
100	28.566510192643783	33.0	27.0	37.0	15.0	37.0
>>END_MODULE
>>Per sequence quality scores	pass
#Quality	Count
2	1896.0
3	216.0
4	949.0
5	2265.0
6	2744.0
7	7858.0
8	43273.0
9	170107.0
10	306199.0
11	280179.0
12	197402.0
13	178067.0
14	188521.0
15	208369.0
16	231595.0
17	258296.0
18	287739.0
19	317190.0
20	344996.0
21	375468.0
22	408069.0
23	449123.0
24	494167.0
25	548741.0
26	614339.0
27	691569.0
28	803338.0
29	946191.0
30	1136893.0
31	1396013.0
32	1764846.0
33	2260775.0
34	2959757.0
35	4113806.0
36	7201799.0
37	1.6699058E7
38	1.2712997E7
39	60062.0
>>END_MODULE
>>Per base sequence content	fail
#Base	G	A	T	C
1	34.18743262834219	14.44487049858258	12.622619443817243	38.74507742925799
2	24.770267082187587	26.252707053436914	26.69017926520959	22.286846599165912
3	25.615458584561228	26.250291767635613	20.308735721201774	27.82551392660138
4	27.800775211614315	29.882076409410104	17.718923866720505	24.598224512255076
5	28.320284083518153	30.283699925617146	19.251595617088725	22.14442037377598
6	24.565031113188944	33.54453290393446	18.495478846618326	23.39495713625827
7	23.856203206201492	19.373087947099023	30.408815092859566	26.361893753839915
8	24.595015143255562	23.220696663908473	22.912364710354776	29.271923482481192
9	24.923883443860426	21.94427413548436	25.405006185074807	27.72683623558041
10-11	26.751557063815333	28.882267535455437	18.711908152849084	25.654267247880146
12-13	27.16199402485115	22.90114070729072	22.01013408210292	27.92673118575521
14-15	26.165504324540034	25.421876409031917	22.95312037336778	25.45949889306026
16-17	26.81063039812319	24.9688438131765	22.262140360759975	25.958385427940335
18-19	26.402859274714046	25.288250207609092	22.623491544836174	25.685398972840684
20-21	26.26572839104994	25.365995939704966	22.619706093464274	25.748569575780817
22-23	26.652926818520363	25.270685609348227	22.37033556670469	25.70605200542672
24-25	26.38664358092504	25.292467112499317	22.577410916278133	25.743478390297508
26-27	26.009845103220307	25.888931602786453	22.4767884274319	25.62443486656134
28-29	26.51141307421943	25.33408964295138	22.37695053175174	25.777546751077445
30-31	26.183500378537122	25.255739557728752	22.623721037911466	25.93703902582266
32-33	26.065031163835844	25.352713089141837	22.687966116286276	25.894289630736044
34-35	26.42600662385519	25.389171869408568	22.269743480016622	25.91507802671962
36-37	25.957701508535113	25.41055264318804	22.636275241095618	25.995470607181236
38-39	25.586274879434036	25.498828426946357	22.864549129377068	26.050347564242543
40-41	26.27511948379385	24.974980082480958	22.47372004675479	26.276180386970406
42-43	26.23154629013885	25.09925904894392	22.47834091917287	26.19085374174436
44-45	26.234777491329325	25.209583460208997	22.58140442433477	25.974234624126915
46-47	26.501881326324046	24.94975680549059	22.33667534501852	26.211686523166843
48-49	26.108950999489544	25.01652189586798	22.52828092531222	26.346246179330258
50-51	25.93429164506758	25.123982556657303	22.565937676100372	26.375788122174743
52-53	26.09095855711446	25.084653219395953	22.375047062751012	26.44934116073857
54-55	25.582295287851082	25.231998626733436	22.746497618044497	26.439208467370985
56-57	25.525104765542427	25.316641164155048	23.014190718073724	26.1440633522288
58-59	25.717405040574075	25.3136945893425	22.70946975883003	26.2594306112534
60-61	25.36384012479787	25.77253627434767	22.72086866418499	26.142754936669473
62-63	25.453087202584122	26.28049531702995	22.470363923050606	25.79605355733532
64-65	25.539302159300913	26.1390800960563	22.203014256113644	26.118603488529146
66-67	25.399617040600308	26.245949206386456	22.292042299213016	26.062391453800217
68-69	25.40865345245636	26.421575138208997	22.39504554136561	25.774725867969035
70-71	25.67840883206209	26.006216168058838	22.229102212771217	26.086272787107855
72-73	25.486865936694524	26.200161737912026	22.45146567005526	25.86150665533819
74-75	25.507462799417365	26.284069748018123	22.4009689966041	25.807498455960413
76-77	25.660387780713123	26.00595690874726	22.254280904312484	26.079374406227128
78-79	25.428063459563603	25.9017301333062	22.560972517923943	26.10923388920626
80-81	25.4986496536169	26.160314130719563	22.511108881942736	25.829927333720796
82-83	25.723972445866362	25.86909959174248	22.40582294710693	26.001105015284224
84-85	25.554947538556938	25.90429268201122	22.484075215564648	26.056684563867194
86-87	25.48146864992491	26.100524677477654	22.439279045389867	25.978727627207572
88-89	25.687535204287453	25.843745824996795	22.357757298685527	26.110961672030225
90-91	25.446721851815866	25.892094882468296	22.618813965396527	26.042369300319308
92-93	25.441930892300626	26.140650824824917	22.488467843817	25.92895043905746
94-95	25.842350160018945	25.73636351248028	22.252931884503997	26.168354442996772
96-97	25.532776238926257	25.747383671693697	22.483176847305103	26.236663242074936
98-99	26.02003193985402	22.32462225668537	23.935662036815796	27.71968376664481
100	27.988808038907575	0.0	32.20353157608189	39.80766038501053
>>END_MODULE
>>Per sequence GC content	pass
#GC Content	Count
0	9758.0
1	6238.0
2	2871.0
3	3434.5
4	4020.5
5	4702.0
6	6306.5
7	8519.0
8	11288.5
9	14679.0
10	17915.5
11	21745.0
12	24986.0
13	25825.0
14	25519.5
15	24900.0
16	24202.5
17	23837.0
18	24041.5
19	24858.0
20	27249.5
21	31285.5
22	36683.5
23	44198.5
24	54978.0
25	70812.5
26	92710.0
27	119453.0
28	150199.5
29	182616.5
30	220871.5
31	275686.5
32	346950.5
33	430763.0
34	517911.0
35	626528.0
36	757877.0
37	902745.5
38	1019554.0
39	1129282.5
40	1260510.5
41	1351188.0
42	1457519.0
43	1614356.5
44	1711026.0
45	1789704.5
46	1844713.0
47	1854839.0
48	1910412.0
49	1962584.0
50	1985204.5
51	1994960.5
52	2009094.5
53	2008274.5
54	1958927.5
55	1913677.0
56	1873207.0
57	1805216.5
58	1769045.0
59	1785202.0
60	1764379.5
61	1694339.5
62	1565800.0
63	1381650.0
64	1228191.0
65	1099434.5
66	989129.5
67	913005.5
68	810381.0
69	690840.0
70	582180.0
71	475006.0
72	406592.5
73	356424.0
74	300881.5
75	250404.0
76	214112.5
77	191070.5
78	174060.0
79	150770.5
80	124479.0
81	104016.5
82	88937.0
83	76448.0
84	65543.0
85	54485.5
86	47456.5
87	42642.5
88	36772.5
89	31719.0
90	27916.5
91	27585.0
92	25535.5
93	19541.5
94	15291.5
95	13442.5
96	13325.0
97	11648.5
98	8971.0
99	6229.0
100	3475.0
>>END_MODULE
>>Per base N content	pass
#Base	N-Count
1	0.03098617516799491
2	0.007992858145160531
3	0.016130607086298595
4	0.019548325273768603
5	0.015140235880852174
6	0.009382105188945099
7	0.005316639913575538
8	0.003618860704238816
9	0.0032029388899033136
10-11	0.0033657279606780703
12-13	0.003806366440209739
14-15	0.0053558456583694585
16-17	0.0060845611322564545
18-19	0.013225972776349022
20-21	0.03891255400676575
22-23	0.06406985768246455
24-25	0.07792908846711538
26-27	0.07648018050734007
28-29	0.054408198487162815
30-31	0.03301635090928009
32-33	0.02775596271649583
34-35	0.034899931256987995
36-37	0.030315395958323964
38-39	0.026893725518238897
40-41	0.043564178013094146
42-43	0.06558385547174274
44-45	0.09722675775924233
46-47	0.12263406373922514
48-49	0.12380748560967979
50-51	0.07722553916327815
52-53	0.0612266250974311
54-55	0.0708450360383597
56-57	0.07116468052163877
58-59	0.06826781398412256
60-61	0.08042445473836882
62-63	0.0908997046766901
64-65	0.08719606150137783
66-67	0.1074904276776395
68-69	0.11175495850286561
70-71	0.1016607065111216
72-73	0.08830430092081815
74-75	0.07575194619061715
76-77	0.08968431983769924
78-79	0.10001766583250785
80-81	0.10511430848930436
82-83	0.11395722502166653
84-85	0.1108194641825948
86-87	0.09882887429131453
88-89	0.10832594116055294
90-91	0.10294933583008428
92-93	0.10311832227671346
94-95	0.10406597354735492
96-97	0.09747333078860067
98-99	0.13374923888275037
100	0.016728548247353058
>>END_MODULE
>>Sequence Length Distribution	warn
#Length	Count
34-35	6203.0
36-37	1434.0
38-39	1847.0
40-41	2321.0
42-43	2796.0
44-45	3280.0
46-47	4002.0
48-49	4880.0
50-51	5896.0
52-53	7157.0
54-55	8543.0
56-57	10348.0
58-59	13085.0
60-61	16343.0
62-63	19278.0
64-65	23758.0
66-67	27728.0
68-69	33269.0
70-71	40557.0
72-73	48148.0
74-75	57933.0
76-77	69488.0
78-79	83504.0
80-81	98469.0
82-83	118201.0
84-85	142402.0
86-87	166987.0
88-89	195353.0
90-91	226993.0
92-93	254817.0
94-95	367685.0
96-97	1793903.0
98-99	1.7554583E7
100-101	3.7253681E7
>>END_MODULE
>>Sequence Duplication Levels	fail
#Total Deduplicated Percentage	31.48545397707397
#Duplication Level	Percentage of deduplicated	Percentage of total
1	71.57750913088775	22.53650369534158
2	12.654650686050644	7.968748435431902
3	5.042328516914236	4.762800073697724
4	2.7272609904203065	3.4347620158939085
5	1.6844868217307278	2.6518416150295216
6	1.1240165994970932	2.1234103747759745
7	0.835187269263181	1.8407375230036778
8	0.6238283475097943	1.5713214980090988
9	0.4528402119421383	1.2832091686865357
>10	2.763499922481373	16.22969163853295
>50	0.2549204053368983	5.593774185318802
>100	0.21706046943965582	14.054595569881712
>500	0.02656638729153489	5.766359710931764
>1k	0.015161284769351087	8.398016942412966
>5k	5.36608651703352E-4	1.094150793778119
>10k+	1.4634781410091422E-4	0.6900767592738718
>>END_MODULE
>>Overrepresented sequences	pass
>>END_MODULE
>>Adapter Content	pass
#Position	Illumina Universal Adapter	Illumina Small RNA 3' Adapter	Illumina Small RNA 5' Adapter	Nextera Transposase Sequence	SOLID Small RNA Adapter
1	3.4091951994713293E-6	0.0	0.0	0.0	0.0
2	5.1137927992069936E-6	5.1137927992069936E-6	0.0	1.7045975997356647E-6	0.0
3	5.1137927992069936E-6	6.818390398942659E-6	0.0	1.7045975997356647E-6	3.4091951994713293E-6
4	6.818390398942659E-6	6.818390398942659E-6	0.0	3.4091951994713293E-6	5.1137927992069936E-6
5	8.522987998678324E-6	6.818390398942659E-6	0.0	5.1137927992069936E-6	5.1137927992069936E-6
6	8.522987998678324E-6	6.818390398942659E-6	0.0	6.818390398942659E-6	5.1137927992069936E-6
7	8.522987998678324E-6	8.522987998678324E-6	0.0	6.818390398942659E-6	5.1137927992069936E-6
8	8.522987998678324E-6	1.1932183198149652E-5	0.0	8.522987998678324E-6	5.1137927992069936E-6
9	1.1932183198149652E-5	1.3636780797885317E-5	0.0	1.0227585598413987E-5	5.1137927992069936E-6
10-11	1.4489079597753149E-5	1.534137839762098E-5	0.0	1.0227585598413987E-5	5.966091599074826E-6
12-13	2.3864366396299308E-5	1.7045975997356647E-5	0.0	1.2784481998017486E-5	6.818390398942659E-6
14-15	2.8125860395638466E-5	1.9602872396960143E-5	0.0	1.4489079597753149E-5	6.818390398942659E-6
16-17	2.8978159195506298E-5	2.0455171196827974E-5	0.0	1.534137839762098E-5	1.0227585598413987E-5
18-19	2.8978159195506298E-5	2.3864366396299304E-5	0.0	1.534137839762098E-5	1.4489079597753149E-5
20-21	3.068275679524196E-5	2.3864366396299304E-5	0.0	1.6193677197488812E-5	1.6193677197488812E-5
22-23	3.068275679524196E-5	2.7273561595770635E-5	0.0	1.7045975997356647E-5	1.9602872396960143E-5
24-25	3.1535055595109796E-5	3.238735439497763E-5	0.0	2.0455171196827974E-5	2.0455171196827974E-5
26-27	3.323965319484546E-5	3.238735439497763E-5	0.0	2.0455171196827974E-5	2.3012067596431473E-5
28-29	3.664884839431679E-5	3.4091951994713295E-5	0.0	2.0455171196827974E-5	2.3864366396299304E-5
30-31	4.261493999339162E-5	3.9205744793920285E-5	0.0	2.2159768796563638E-5	2.556896399603497E-5
32-33	5.625172079127693E-5	4.261493999339162E-5	0.0	2.4716665196167136E-5	2.983045799537413E-5
34-35	8.267298358717973E-5	4.8581031592466444E-5	0.0	2.983045799537413E-5	3.4091951994713295E-5
36-37	1.0057125838440421E-4	6.221781239035176E-5	0.0	3.323965319484546E-5	3.494425079458113E-5
38-39	1.2784481998017486E-4	6.988850158916225E-5	0.0	3.4091951994713295E-5	3.9205744793920285E-5
40-41	1.6449366837449164E-4	7.15930991888979E-5	0.0	3.494425079458113E-5	4.091034239365595E-5
42-43	2.1989309036590072E-4	7.670689198810491E-5	0.0	3.664884839431679E-5	4.687643399273078E-5
44-45	2.74440213557442E-4	8.011608718757624E-5	0.0	3.835344599405246E-5	4.772873279259861E-5
46-47	3.4091951994713295E-4	8.43775811869154E-5	0.0	3.9205744793920285E-5	5.2842525591805606E-5
48-49	4.3637698553233015E-4	8.778677638638673E-5	0.0	3.9205744793920285E-5	5.2842525591805606E-5
50-51	5.505850247146196E-4	8.94913739861224E-5	0.0	3.9205744793920285E-5	5.2842525591805606E-5
52-53	6.937712230924156E-4	9.204827038572589E-5	1.7045975997356647E-6	4.091034239365595E-5	5.2842525591805606E-5
54-55	9.111074170587127E-4	9.375286798546156E-5	1.7045975997356647E-6	4.431953759312728E-5	5.454712319154127E-5
56-57	0.0012128211922119254	9.716206318493287E-5	1.7045975997356647E-6	4.6024135192862945E-5	5.625172079127693E-5
58-59	0.001520501058964213	1.0142355718427205E-4	1.7045975997356647E-6	4.772873279259861E-5	5.7956318391012596E-5
60-61	0.0019023309213050017	1.0227585598413988E-4	1.7045975997356647E-6	4.772873279259861E-5	6.136551359048392E-5
62-63	0.0023710952612323094	1.031281547840077E-4	1.7045975997356647E-6	4.772873279259861E-5	6.392240999008743E-5
64-65	0.0029140095967481183	1.0483275238374338E-4	1.7045975997356647E-6	4.772873279259861E-5	6.733160518955875E-5
66-67	0.0036205653018385516	1.0738964878334687E-4	1.7045975997356647E-6	4.772873279259861E-5	7.329769678863357E-5
68-69	0.004348428476925681	1.082419475832147E-4	1.7045975997356647E-6	4.943333039233427E-5	7.414999558850141E-5
70-71	0.004882819824442811	1.1250344158255387E-4	1.7045975997356647E-6	5.113792799206994E-5	7.670689198810491E-5
72-73	0.005545908290739985	1.1676493558189303E-4	1.7045975997356647E-6	5.5399421991409104E-5	7.841148958784057E-5
74-75	0.006348773760215483	1.1761723438176086E-4	1.7045975997356647E-6	6.136551359048394E-5	7.841148958784057E-5
76-77	0.00718743577928543	1.1761723438176086E-4	1.7045975997356647E-6	6.477470878995526E-5	8.011608718757623E-5
78-79	0.007856490337181679	1.1761723438176086E-4	1.7045975997356647E-6	6.733160518955875E-5	8.43775811869154E-5
80-81	0.008724130515447133	1.1932183198149652E-4	1.7045975997356647E-6	6.818390398942659E-5	8.69344775865189E-5
82-83	0.010182413762020993	1.2017413078136435E-4	1.7045975997356647E-6	6.903620278929441E-5	8.69344775865189E-5
84-85	0.011326198751443625	1.2443562478070352E-4	1.7045975997356647E-6	6.988850158916225E-5	8.778677638638673E-5
86-87	0.011938149289748727	1.3040171637977835E-4	1.7045975997356647E-6	7.414999558850141E-5	8.94913739861224E-5
88-89	0.011948376875347142	1.32106313979514E-4	2.5568963996034968E-6	7.585459318823708E-5	9.204827038572589E-5
>>END_MODULE
