##FastQC	0.11.8
>>Basic Statistics	pass
#Measure	Value
Filename	SRR3184306_forward.gz
File type	Conventional base calls
Encoding	Sanger / Illumina 1.9
Total Sequences	62472286
Sequences flagged as poor quality	0
Sequence length	35-100
%GC	49
>>END_MODULE
>>Per base sequence quality	pass
#Base	Mean	Median	Lower Quartile	Upper Quartile	10th Percentile	90th Percentile
1	32.53535207595893	33.0	33.0	33.0	33.0	33.0
2	32.51801888600651	33.0	33.0	33.0	33.0	33.0
3	32.56967404714468	33.0	33.0	33.0	33.0	33.0
4	36.18783740361286	37.0	37.0	37.0	37.0	37.0
5	36.366845724198406	37.0	37.0	37.0	37.0	37.0
6	36.3280043890182	37.0	37.0	37.0	37.0	37.0
7	36.3280515779429	37.0	37.0	37.0	37.0	37.0
8	36.30834620010543	37.0	37.0	37.0	37.0	37.0
9	36.28083789026065	37.0	37.0	37.0	37.0	37.0
10-11	36.2718636388622	37.0	37.0	37.0	37.0	37.0
12-13	36.275742935035225	37.0	37.0	37.0	37.0	37.0
14-15	38.32830677910522	40.0	37.0	40.0	37.0	40.0
16-17	38.30801577358639	40.0	37.0	40.0	37.0	40.0
18-19	38.26753399099242	40.0	37.0	40.0	37.0	40.0
20-21	38.20067502412189	40.0	37.0	40.0	35.0	40.0
22-23	38.13342937378664	40.0	37.0	40.0	33.0	40.0
24-25	38.059191206801685	40.0	37.0	40.0	33.0	40.0
26-27	37.9281165171385	40.0	37.0	40.0	33.0	40.0
28-29	37.82838096400058	40.0	37.0	40.0	33.0	40.0
30-31	37.730370952009025	40.0	37.0	40.0	33.0	40.0
32-33	37.5901485580342	40.0	37.0	40.0	33.0	40.0
34-35	37.448307014089416	40.0	37.0	40.0	33.0	40.0
36-37	37.400493045535185	40.0	37.0	40.0	33.0	40.0
38-39	37.25154878078907	40.0	37.0	40.0	33.0	40.0
40-41	37.10694604136911	40.0	37.0	40.0	33.0	40.0
42-43	36.90913406194056	40.0	37.0	40.0	33.0	40.0
44-45	36.76548147382552	40.0	37.0	40.0	33.0	40.0
46-47	36.62714755622274	40.0	37.0	40.0	33.0	40.0
48-49	36.463497952112306	40.0	37.0	40.0	33.0	40.0
50-51	36.322599619879064	37.0	37.0	40.0	33.0	40.0
52-53	36.13788616661047	37.0	37.0	40.0	30.0	40.0
54-55	35.926403701138725	37.0	37.0	40.0	27.0	40.0
56-57	35.759740965881505	37.0	37.0	40.0	27.0	40.0
58-59	35.558064630549396	37.0	37.0	40.0	27.0	40.0
60-61	35.341975464627644	37.0	33.0	40.0	27.0	40.0
62-63	35.12745633090369	37.0	33.0	40.0	27.0	40.0
64-65	34.874479289968946	37.0	33.0	40.0	27.0	40.0
66-67	34.60949929625224	37.0	33.0	37.0	27.0	40.0
68-69	34.3839202259815	37.0	33.0	37.0	27.0	40.0
70-71	34.12157717752851	37.0	33.0	37.0	27.0	40.0
72-73	33.92070226560388	37.0	33.0	37.0	27.0	40.0
74-75	33.68913765736999	37.0	33.0	37.0	27.0	38.5
76-77	31.574280226929087	33.0	30.0	37.0	22.0	37.0
78-79	33.03038987559641	37.0	33.0	37.0	22.0	37.0
80-81	33.16748431636071	37.0	33.0	37.0	22.0	37.0
82-83	33.056535493298995	37.0	33.0	37.0	22.0	37.0
84-85	32.92873559921975	37.0	33.0	37.0	22.0	37.0
86-87	32.799011714630524	37.0	33.0	37.0	22.0	37.0
88-89	32.69076944511616	37.0	33.0	37.0	22.0	37.0
90-91	32.57855606066977	37.0	33.0	37.0	22.0	37.0
92-93	32.43696254343942	37.0	33.0	37.0	22.0	37.0
94-95	32.31621327835863	37.0	33.0	37.0	22.0	37.0
96-97	32.222583329952855	37.0	33.0	37.0	22.0	37.0
98-99	32.10987581917152	37.0	33.0	37.0	22.0	37.0
100	29.017908264605932	33.0	27.0	37.0	15.0	37.0
>>END_MODULE
>>Per sequence quality scores	pass
#Quality	Count
2	152909.0
3	0.0
4	0.0
5	0.0
6	12.0
7	441.0
8	1445.0
9	1658.0
10	1196.0
11	919.0
12	1196.0
13	3328.0
14	11558.0
15	34228.0
16	77856.0
17	148196.0
18	235144.0
19	309837.0
20	351447.0
21	368150.0
22	386101.0
23	419415.0
24	470629.0
25	543059.0
26	633536.0
27	737818.0
28	870094.0
29	1032254.0
30	1241160.0
31	1517402.0
32	1882830.0
33	2381193.0
34	3114707.0
35	4402403.0
36	7714773.0
37	1.6745668E7
38	1.6519624E7
39	160100.0
>>END_MODULE
>>Per base sequence content	fail
#Base	G	A	T	C
1	40.201133307537994	8.026168886412856	10.114703286027815	41.65799452002133
2	23.610608944573762	12.044447931630252	35.856490051736834	28.48845307205915
3	24.957978960540636	14.655502733924955	21.56062632012512	38.825891985409285
4	27.50729199362824	22.843054095357854	21.47017772658414	28.179476184429763
5	28.20988085294883	25.191877319312738	24.75858993263042	21.839651895108002
6	24.010248048532322	29.156709958766115	25.402282182634785	21.430759810066778
7	18.98338457395041	21.476697368139607	40.192304874934806	19.347613182975177
8	21.350179736231958	22.20245237689074	32.62539996187703	23.821967925000276
9	20.932197380599618	20.875303358696925	34.77977323168683	23.412726029016625
10-11	23.59718952261028	28.768372475867338	25.920830370303605	21.71360763121878
12-13	24.13232243961617	22.434149975536503	29.323681300600935	24.10984628424639
14-15	23.07386914346079	23.892898512127296	29.629846909413104	23.403385434998814
16-17	23.751324567959013	23.818506722235043	28.921229427566324	23.508939282239616
18-19	23.83825980802087	23.8980365609239	28.729670227608338	23.534033403446895
20-21	23.553630839409706	23.891467175610565	28.948885352303826	23.606016632675903
22-23	23.773044702878472	23.933226052608205	28.827906060981206	23.465823183532116
24-25	23.66139910133462	23.790573363761787	28.596759979809143	23.951267555094446
26-27	23.527325682226607	23.96604136742758	28.814245714673763	23.69238723567205
28-29	23.7740483399565	24.053695066228173	28.527611838732707	23.64464475508262
30-31	23.65827945864488	23.954205495188134	28.309022444939703	24.078492601227282
32-33	23.5292246314277	23.952194169119423	28.572106087613935	23.946475111838943
34-35	23.87223931171289	24.096974041791107	28.05202157551618	23.978765070979826
36-37	24.083705101234617	24.11283863520643	27.763729093632232	24.03972716992672
38-39	23.902856914050084	24.0546637487118	27.905513597851026	24.136965739387087
40-41	24.277257111765497	24.020309217777598	27.41322062307493	24.289213047381978
42-43	24.327377355653766	23.819694061387306	27.47387919097487	24.379049391984054
44-45	24.239918242945315	23.847953143063876	27.591566956630203	24.32056165736061
46-47	24.318910732650618	23.890463297897004	27.446795963984776	24.343830005467602
48-49	24.371898324587264	23.73661021288941	27.355364074763592	24.53612738775973
50-51	24.099686149547285	23.691390910218335	27.47699684524677	24.731926094987607
52-53	24.454969440859962	23.839992862398745	27.196333108741694	24.5087045879996
54-55	24.419245394882775	23.589007205691185	27.07448244012393	24.917264959302106
56-57	24.222268923269706	23.59343291098319	27.375898075253026	24.80840009049408
58-59	24.39288219143564	23.70179771544913	27.215478376912532	24.689841716202704
60-61	24.664146824378687	23.53282649578684	26.99093934492914	24.812087334905332
62-63	24.540375235929808	23.61261887259036	27.10446850280955	24.742537388670282
64-65	24.883635544581534	23.603423639539432	26.877111183346447	24.63582963253259
66-67	24.82315750735076	23.490394011988425	26.810959161114894	24.875489319545924
68-69	24.77386635210047	23.673505281729273	26.907408433436487	24.645219932733774
70-71	25.011143070186986	23.705829491144062	26.665482607163632	24.61754483150532
72-73	25.04076125228195	23.746126059682048	26.564006152551755	24.649106535484247
74-75	25.048885890716114	23.727896494778395	26.66803969269949	24.555177921805992
76-77	25.15040246185496	23.808132048370144	26.503646840232648	24.53781864954225
78-79	24.977048544198407	23.57102749981278	26.549582873084947	24.902341082903863
80-81	25.012608057856863	23.5344954662334	26.767755640468494	24.685140835441246
82-83	25.13719700723257	23.430296074145897	26.607286185073924	24.825220733547606
84-85	25.11569327654053	23.39031175552928	26.492451679385127	25.001543288545065
86-87	24.916250844706447	23.57876056642952	26.760097616623746	24.744890972240288
88-89	24.9147923494859	23.6177643056671	26.520402718404235	24.947040626442764
90-91	24.923774345018494	23.526224792921447	26.43689261542069	25.113108246639378
92-93	24.873183989504923	23.394365741213495	26.680595906200384	25.0518543630812
94-95	24.94113853869387	23.458737681250835	26.375452933636083	25.22467084641921
96-97	24.957143808539726	23.17161356568976	26.32930863090816	25.541933994862354
98-99	25.1564321664973	20.145519316312775	27.948540095572532	26.749508421617392
100	26.730813777010802	0.0	36.48128322554132	36.78790299744788
>>END_MODULE
>>Per sequence GC content	pass
#GC Content	Count
0	305807.0
1	162909.5
2	15229.0
3	10647.5
4	11580.0
5	13252.0
6	16641.0
7	21126.5
8	28074.0
9	31975.5
10	32701.5
11	31455.5
12	27422.5
13	26206.0
14	26413.5
15	27492.0
16	29138.5
17	31312.5
18	34402.0
19	38997.0
20	46529.0
21	57571.0
22	73611.5
23	94195.0
24	119550.5
25	152467.0
26	208853.0
27	292030.5
28	367801.5
29	426696.0
30	501286.5
31	588252.0
32	695736.5
33	812324.5
34	922665.5
35	1054752.0
36	1186684.5
37	1319096.5
38	1436565.0
39	1540101.5
40	1652818.5
41	1749849.5
42	1831813.5
43	1899319.5
44	1923510.0
45	1948865.5
46	2024971.5
47	2038728.5
48	2010773.0
49	2022753.0
50	2051342.0
51	2044274.5
52	1964024.0
53	1892923.0
54	1862466.0
55	1836992.5
56	1789643.0
57	1707037.5
58	1645741.0
59	1600579.5
60	1529523.5
61	1453696.0
62	1334415.5
63	1195968.5
64	1076414.5
65	946401.0
66	826624.5
67	730695.5
68	635080.0
69	528403.0
70	431746.5
71	353794.0
72	286540.0
73	231788.5
74	187481.5
75	155850.0
76	136192.5
77	116062.5
78	94865.0
79	81963.5
80	73601.5
81	65106.5
82	64778.0
83	65437.0
84	57462.0
85	46568.0
86	40809.0
87	40427.0
88	40521.0
89	44474.0
90	44598.0
91	34950.5
92	23528.0
93	15818.0
94	11511.5
95	8369.5
96	6298.5
97	5990.0
98	6659.0
99	5412.5
100	1917.0
>>END_MODULE
>>Per base N content	pass
#Base	N-Count
1	0.3326435021122806
2	0.3607039447860128
3	0.2447629337591392
4	0.2447629337591392
5	0.2447629337591392
6	0.2447629337591392
7	0.2447629337591392
8	0.2447629337591392
9	0.2447629337591392
10-11	0.2447629337591392
12-13	0.2447629337591392
14-15	0.2447629337591392
16-17	0.2447629337591392
18-19	0.2447629337591392
20-21	0.2447629337591392
22-23	0.2447821422766569
24-25	0.24488138628383152
26-27	0.2450846764275602
28-29	0.2453912123529464
30-31	0.2459866763959942
32-33	0.24702633740663818
34-35	0.25030699212767726
36-37	0.0
38-39	0.0
40-41	0.0
42-43	0.0
44-45	0.0
46-47	0.0
48-49	0.0
50-51	0.0
52-53	0.0
54-55	0.0
56-57	0.0
58-59	0.0
60-61	0.0
62-63	0.0
64-65	0.0
66-67	2.6558236736532882E-5
68-69	1.3690328017601768E-5
70-71	1.0476975174767029E-5
72-73	3.791217705490029E-5
74-75	2.2367811824072688E-4
76-77	9.16846835020066E-4
78-79	3.133515804895031E-4
80-81	0.0
82-83	7.477190971171617E-5
84-85	0.0010648312788281479
86-87	0.0038769362549238625
88-89	0.0016920283045839496
90-91	2.123255596364766E-4
92-93	0.011033666039529886
94-95	0.014207875584705052
96-97	0.01646909367388919
98-99	0.019913834247904987
100	0.0
>>END_MODULE
>>Sequence Length Distribution	warn
#Length	Count
34-35	158694.0
36-37	2179.0
38-39	2673.0
40-41	3280.0
42-43	4135.0
44-45	4850.0
46-47	5607.0
48-49	6967.0
50-51	8453.0
52-53	10176.0
54-55	12416.0
56-57	14522.0
58-59	18071.0
60-61	22715.0
62-63	27305.0
64-65	33524.0
66-67	38343.0
68-69	44856.0
70-71	52919.0
72-73	63536.0
74-75	73688.0
76-77	87068.0
78-79	102551.0
80-81	119067.0
82-83	143002.0
84-85	168885.0
86-87	196344.0
88-89	226612.0
90-91	262462.0
92-93	291590.0
94-95	388457.0
96-97	1571942.0
98-99	1.7082028E7
100-101	4.1223369E7
>>END_MODULE
>>Sequence Duplication Levels	fail
#Total Deduplicated Percentage	37.50191248035687
#Duplication Level	Percentage of deduplicated	Percentage of total
1	72.82773718851892	27.311794261862683
2	12.931709686637058	9.699276897792922
3	4.758776686322217	5.353896804120554
4	2.529169608221498	3.7939478918200438
5	1.5637339441675806	2.9321506758367937
6	1.0068534484912577	2.265535794351879
7	0.713088931536352	1.8719539090831225
8	0.5327242279457959	1.5982541898071139
9	0.4144448697900165	1.398822771131829
>10	2.370861273131428	16.35546145390161
>50	0.18599131956526452	4.848714637731407
>100	0.13944361754861617	10.466294674925795
>500	0.0161703075009651	4.183535057976586
>1k	0.008948873029827708	5.794352506261816
>5k	2.3495021756644906E-4	0.5826224169781298
>10k+	1.1106737557686682E-4	1.543386056417523
>>END_MODULE
>>Overrepresented sequences	warn
#Sequence	Count	Percentage	Possible Source
AAAAAAAAAAAAAAAAAAAAAAAAAAAAAAAAAAAAAAAAAAAAAAAAAA	285457	0.45693381542016887	No Hit
NNNNNNNNNNNNNNNNNNNNNNNNNNNNNNNNNNN	152909	0.2447629337591392	No Hit
>>END_MODULE
>>Adapter Content	pass
#Position	Illumina Universal Adapter	Illumina Small RNA 3' Adapter	Illumina Small RNA 5' Adapter	Nextera Transposase Sequence	SOLID Small RNA Adapter
1	0.0	6.402839172557252E-6	0.0	8.003548965696564E-6	0.0
2	1.600709793139313E-6	5.122271338045802E-5	0.0	4.802129379417939E-5	0.0
3	1.600709793139313E-6	5.762555255301527E-5	0.0	5.122271338045802E-5	0.0
4	6.402839172557252E-6	6.883052110499046E-5	0.0	6.562910151871183E-5	0.0
5	8.003548965696564E-6	7.363265048440839E-5	0.0	6.722981131185115E-5	0.0
6	8.003548965696564E-6	7.523336027754771E-5	0.0	6.722981131185115E-5	0.0
7	8.003548965696564E-6	9.604258758835877E-5	0.0	6.883052110499046E-5	0.0
8	8.003548965696564E-6	1.104489757266126E-4	0.0	7.043123089812978E-5	0.0
9	8.003548965696564E-6	1.1845252469230916E-4	0.0	7.523336027754771E-5	0.0
10-11	1.1204968551975191E-5	1.2805678345114503E-4	0.0	7.763442496725668E-5	0.0
12-13	1.2805678345114504E-5	1.4806565586538645E-4	0.0	8.243655434667462E-5	0.0
14-15	1.4406388138253817E-5	1.8168056152131201E-4	0.0	8.64383288295229E-5	0.0
16-17	1.4406388138253817E-5	2.1289440248752864E-4	0.0	9.284116800208016E-5	0.0
18-19	1.4406388138253817E-5	2.1849688676351623E-4	0.0	9.764329738149809E-5	0.0
20-21	1.4406388138253817E-5	2.2009759655665552E-4	0.0	9.764329738149809E-5	0.0
22-23	1.600709793139313E-5	2.3290327490177004E-4	0.0	1.0724755614033396E-4	0.0
24-25	1.600709793139313E-5	2.5131143752287215E-4	0.0	1.2725642855457536E-4	8.003548965696565E-7
26-27	1.600709793139313E-5	2.665181805576956E-4	0.0	1.344596226237023E-4	1.600709793139313E-6
28-29	1.600709793139313E-5	2.8412598828222806E-4	0.0	1.3686068731341125E-4	1.600709793139313E-6
30-31	1.6807452827962786E-5	2.9212953724792466E-4	0.0	1.4086246179625955E-4	1.600709793139313E-6
32-33	2.0008872414241413E-5	2.9853237642048187E-4	0.0	1.4646494607224714E-4	2.4010646897089694E-6
34-35	2.2409937103950382E-5	3.0973734497245705E-4	0.0	1.544684950379437E-4	3.201419586278626E-6
36-37	3.2814550759355915E-5	3.2734515269698954E-4	0.0	1.6167168910707062E-4	3.201419586278626E-6
38-39	5.2023068277027674E-5	3.3534870166268603E-4	0.0	1.672741733830582E-4	3.201419586278626E-6
40-41	6.883052110499046E-5	3.44952960421522E-4	0.0	1.728766576590458E-4	3.201419586278626E-6
42-43	9.924400717463742E-5	3.5615792897349715E-4	0.0	1.8728304579729963E-4	3.201419586278626E-6
44-45	1.3365926772713265E-4	3.737657366980296E-4	0.0	1.9288553007328722E-4	3.201419586278626E-6
46-47	1.896841104870086E-4	3.91373544422562E-4	0.0	2.0248978883212308E-4	3.201419586278626E-6
48-49	2.5051108262630253E-4	4.0577993256081583E-4	1.600709793139313E-6	2.1049333779781968E-4	4.802129379417939E-6
50-51	3.2334337821414124E-4	4.1298312662994276E-4	1.600709793139313E-6	2.152954671772376E-4	6.402839172557252E-6
52-53	3.8016857587058685E-4	4.3699377352703246E-4	1.600709793139313E-6	2.1769653186694656E-4	6.402839172557252E-6
54-55	4.7701151835551525E-4	4.5540193614813457E-4	1.600709793139313E-6	2.2169830634979486E-4	7.203194069126909E-6
56-57	5.914622685649762E-4	4.77811873252085E-4	1.600709793139313E-6	2.3610469448804867E-4	8.003548965696564E-6
58-59	7.307240205680964E-4	4.938189711834781E-4	1.600709793139313E-6	2.497107277297328E-4	8.803903862266222E-6
60-61	8.947967743648759E-4	5.066246495285926E-4	1.600709793139313E-6	2.689192452474046E-4	1.0404613655405534E-5
62-63	0.0010876823044381632	5.586477178056203E-4	1.600709793139313E-6	2.86527052971937E-4	1.1204968551975191E-5
64-65	0.0013397940968576049	5.73054105943874E-4	1.600709793139313E-6	2.961313117307729E-4	1.2005323448544848E-5
66-67	0.0016183176008638454	5.866601391855582E-4	1.600709793139313E-6	3.113380547655964E-4	1.2805678345114504E-5
68-69	0.001959268786802519	6.026672371169514E-4	1.600709793139313E-6	3.369494114558254E-4	1.2805678345114504E-5
70-71	0.0022594018730161406	6.346814329797376E-4	1.600709793139313E-6	3.553575740769275E-4	1.2805678345114504E-5
72-73	0.0027500194246133395	6.666956288425239E-4	1.600709793139313E-6	3.9457496400884066E-4	1.2805678345114504E-5
74-75	0.003347884532350873	6.995101796018798E-4	1.600709793139313E-6	4.057799325608159E-4	1.2805678345114504E-5
76-77	0.003956154253743812	7.163176324298426E-4	1.600709793139313E-6	4.0898135214709446E-4	1.4406388138253817E-5
78-79	0.004415557964374795	7.227204716023998E-4	1.600709793139313E-6	4.2018632069906964E-4	1.600709793139313E-5
80-81	0.004822938606728749	7.347257950509447E-4	1.600709793139313E-6	4.47398387182438E-4	1.600709793139313E-5
82-83	0.005714533961507347	7.475314733960592E-4	1.600709793139313E-6	4.658065498035401E-4	1.600709793139313E-5
84-85	0.006455662595730849	7.595367968446041E-4	1.600709793139313E-6	4.898171967006298E-4	1.600709793139313E-5
86-87	0.006867845367464222	7.819467339485544E-4	1.600709793139313E-6	5.794569451164313E-4	1.600709793139313E-5
88-89	0.006896658143740729	7.867488633279724E-4	2.4010646897089694E-6	5.946636881512548E-4	1.6807452827962786E-5
>>END_MODULE
