##FastQC	0.11.8
>>Basic Statistics	pass
#Measure	Value
Filename	SRR3184279_reverse.gz
File type	Conventional base calls
Encoding	Sanger / Illumina 1.9
Total Sequences	82476159
Sequences flagged as poor quality	0
Sequence length	100
%GC	50
>>END_MODULE
>>Per base sequence quality	pass
#Base	Mean	Median	Lower Quartile	Upper Quartile	10th Percentile	90th Percentile
1	31.850113158155196	33.0	33.0	33.0	27.0	33.0
2	31.871426420330753	33.0	33.0	33.0	27.0	33.0
3	31.92523786176803	33.0	33.0	33.0	33.0	33.0
4	35.71635292812314	37.0	37.0	37.0	33.0	37.0
5	35.71786195814478	37.0	37.0	37.0	33.0	37.0
6	35.70534652322982	37.0	37.0	37.0	33.0	37.0
7	35.651979986119386	37.0	37.0	37.0	33.0	37.0
8	35.63782509561339	37.0	37.0	37.0	33.0	37.0
9	35.64259768692671	37.0	37.0	37.0	33.0	37.0
10-11	35.669639677327844	37.0	37.0	37.0	33.0	37.0
12-13	35.62623957185009	37.0	37.0	37.0	33.0	37.0
14-15	37.50623582628284	40.0	37.0	40.0	33.0	40.0
16-17	37.47762297587113	40.0	37.0	40.0	33.0	40.0
18-19	37.427906681493255	40.0	37.0	40.0	33.0	40.0
20-21	37.362118773014146	40.0	37.0	40.0	33.0	40.0
22-23	37.24882191106887	40.0	37.0	40.0	33.0	40.0
24-25	37.20234274003958	40.0	37.0	40.0	33.0	40.0
26-27	37.13012350635776	40.0	37.0	40.0	33.0	40.0
28-29	37.0388460924811	40.0	37.0	40.0	33.0	40.0
30-31	36.95255858726399	40.0	37.0	40.0	33.0	40.0
32-33	36.84722274105903	40.0	37.0	40.0	33.0	40.0
34-35	36.70989177611921	40.0	37.0	40.0	33.0	40.0
36-37	36.577246559214764	40.0	37.0	40.0	33.0	40.0
38-39	36.44153672942019	40.0	37.0	40.0	33.0	40.0
40-41	36.270834241929236	38.5	37.0	40.0	33.0	40.0
42-43	36.34047827081763	40.0	37.0	40.0	33.0	40.0
44-45	36.23346323632748	40.0	37.0	40.0	33.0	40.0
46-47	36.03097514519317	37.0	37.0	40.0	33.0	40.0
48-49	35.871910966416365	37.0	37.0	40.0	30.0	40.0
50-51	35.21258562732049	37.0	35.0	38.5	30.0	40.0
52-53	35.364486342047044	37.0	35.0	40.0	27.0	40.0
54-55	35.67838671415336	37.0	37.0	40.0	27.0	40.0
56-57	35.592559887518526	37.0	37.0	40.0	27.0	40.0
58-59	35.430701713449096	37.0	37.0	40.0	27.0	40.0
60-61	35.222419335750104	37.0	37.0	40.0	27.0	40.0
62-63	34.97349975403195	37.0	33.0	40.0	27.0	40.0
64-65	34.720136172927255	37.0	33.0	40.0	27.0	40.0
66-67	34.47534717881321	37.0	33.0	37.0	27.0	40.0
68-69	34.23860497674243	37.0	33.0	37.0	27.0	40.0
70-71	34.00922917615502	37.0	33.0	37.0	27.0	40.0
72-73	33.757131730637454	37.0	33.0	37.0	27.0	40.0
74-75	33.51011118255398	37.0	33.0	37.0	27.0	37.0
76-77	33.30132696892444	37.0	33.0	37.0	27.0	37.0
78-79	33.09962723288314	37.0	33.0	37.0	27.0	37.0
80-81	32.916253677623374	37.0	33.0	37.0	27.0	37.0
82-83	32.74461363434735	37.0	33.0	37.0	27.0	37.0
84-85	32.57629266537497	37.0	33.0	37.0	27.0	37.0
86-87	32.391641625793945	37.0	33.0	37.0	24.5	37.0
88-89	32.21691158047261	37.0	33.0	37.0	22.0	37.0
90-91	32.048842920776664	37.0	33.0	37.0	22.0	37.0
92-93	31.87930816467823	37.0	33.0	37.0	22.0	37.0
94-95	31.678858013986805	37.0	33.0	37.0	22.0	37.0
96-97	31.443859279382785	35.0	33.0	37.0	18.5	37.0
98-99	31.23673121101578	33.0	33.0	37.0	15.0	37.0
100	29.455120103253112	33.0	27.0	37.0	2.0	37.0
>>END_MODULE
>>Per sequence quality scores	pass
#Quality	Count
2	709443.0
3	143189.0
4	116867.0
5	115189.0
6	117328.0
7	123830.0
8	131638.0
9	140948.0
10	152582.0
11	156984.0
12	158095.0
13	162316.0
14	168745.0
15	177313.0
16	186725.0
17	194556.0
18	201759.0
19	210085.0
20	226729.0
21	253579.0
22	293370.0
23	350066.0
24	422054.0
25	510986.0
26	618180.0
27	751996.0
28	915810.0
29	1130853.0
30	1417687.0
31	1816830.0
32	2386549.0
33	3206901.0
34	4382169.0
35	6403858.0
36	1.1377868E7
37	2.388761E7
38	1.8699889E7
39	55583.0
>>END_MODULE
>>Per base sequence content	warn
#Base	G	A	T	C
1	29.377008406827333	11.334810528598299	13.249933116525645	46.03824794804872
2	23.37793416359623	17.586758485778404	31.251669025295048	27.78363832533032
3	26.91235102656738	19.386826217025277	22.489637036691796	31.211185719715555
4	29.748543405577756	24.140209901689637	18.77062722677051	27.340619465962103
5	31.32486892209704	26.86128245762799	21.270525207871017	20.543323412403954
6	26.38383725268632	31.145020708320242	20.50054107843312	21.970600960560322
7	22.611754949774067	18.785046290436497	36.59108229209795	22.012116467691488
8	22.994278720381008	21.95637128261808	28.236500913530477	26.812849083470436
9	22.63877422020458	20.604674492391112	31.071000957825373	25.685550329578938
10-11	25.808446313708515	28.54405316011158	22.205650366756956	23.44185015942295
12-13	24.820822627568788	23.65187753947169	26.339247737785342	25.18805209517418
14-15	25.04788262237844	24.681823686766744	25.867600574452638	24.402693116402173
16-17	25.654961288498296	24.547167090940462	24.99875090549121	24.799120715070032
18-19	25.395822828368566	24.648420574220513	24.950300861988918	25.00545573542201
20-21	25.241856858901123	24.723493399368834	25.069937450596964	24.964712291133075
22-23	25.463210560878615	24.705642007784984	24.966801415551057	24.864346015785348
24-25	25.272408023606108	24.86581855662216	24.998612810052418	24.863160609719316
26-27	25.069046646317574	25.0645888260138	25.006472843606886	24.859891684061736
28-29	25.204632057096386	24.732174913406283	24.805591428151676	25.25760160134566
30-31	25.045640596123736	24.70262797385971	24.906813225861182	25.344918204155377
32-33	25.05273364651932	24.892653974184867	25.02446232535151	25.030150053944304
34-35	25.37008996799028	24.779556190004882	24.735619018069226	25.114734823935613
36-37	25.136869597783985	24.77429020232293	24.855137627529132	25.233702572363953
38-39	25.09493667279305	24.885960563699697	24.91055772091264	25.108545042594617
40-41	25.334910095504682	24.674669278493504	24.693354544362634	25.29706608163918
42-43	25.075698907935102	24.73999224960269	24.93074136581494	25.25356747664727
44-45	25.132038009805985	24.86415119750894	24.985510893916775	25.018299898768298
46-47	25.284374764106506	24.82413806335733	24.733406390377855	25.158080782158308
48-49	25.133697321112336	24.79959713724335	24.838858414667932	25.227847126976382
50-51	25.080005763279374	24.881560449244255	24.9691695962589	25.06926419121747
52-53	25.246295176637997	24.844753016120674	24.694297547812244	25.214654259429086
54-55	24.996425326721138	24.80095589909844	24.878910026616328	25.323708747564094
56-57	24.979245375807892	24.840461292331856	24.99016375704639	25.190129574813863
58-59	25.242089714773197	24.741673911561875	24.773995098387804	25.242241275277124
60-61	24.99071902263894	24.843727474275585	24.879646778453875	25.2859067246316
62-63	24.874215678861646	25.094258216126615	24.920956788247832	25.110569316763915
64-65	25.05323201127248	24.931231274366834	24.78118369416432	25.23435302019637
66-67	25.00508251412882	24.95287018539857	24.869295173455907	25.1727521270167
68-69	25.113163494295755	25.009996837245158	24.89729656369512	24.97954310476397
70-71	25.18058950725805	24.875000234951138	24.76311801926066	25.181292238530155
72-73	24.980148192426892	24.992936522842832	24.83449075232828	25.192424532401997
74-75	25.018828487929966	25.155318384713667	24.817863312883148	25.00798981447322
76-77	25.247086017190394	24.947724457255116	24.639749554754953	25.16543997079953
78-79	25.08447872379007	24.900185758917857	24.89400971959569	25.121325797696375
80-81	25.125208134104852	24.9732857041884	24.939397652321077	24.96210850938567
82-83	25.234479086525713	24.759345317874878	24.83433153183453	25.171844063764887
84-85	25.055526642397076	24.884641064807838	24.895154805895192	25.1646774868999
86-87	25.036722558023783	25.092460950583106	24.935383994478823	24.935432496914288
88-89	25.213090359174327	24.935971514772774	24.64154513435535	25.20939299169755
90-91	25.071285142607636	24.93055137201284	24.73465789388673	25.263505591492795
92-93	25.021681739260586	25.103328438383464	24.78852888311551	25.086460939240435
94-95	25.351888743885752	24.938656688836232	24.5540640229379	25.15539054434012
96-97	25.20850640482385	24.932719931435113	24.716827374337704	25.14194628940334
98-99	25.234606057834448	25.07549927509175	24.68713239864549	25.002762268428313
100	25.470893830775452	24.79984617282261	24.336315325438772	25.392944670963164
>>END_MODULE
>>Per sequence GC content	pass
#GC Content	Count
0	158.0
1	143.5
2	144.0
3	183.5
4	248.5
5	324.5
6	417.5
7	507.5
8	606.0
9	747.5
10	871.5
11	1054.5
12	1282.0
13	1523.5
14	1896.0
15	2469.0
16	3358.0
17	4727.0
18	7002.5
19	10609.5
20	16658.5
21	26651.5
22	42687.0
23	64837.0
24	95638.5
25	138025.5
26	192197.5
27	261974.5
28	344524.5
29	439041.0
30	540562.5
31	651631.5
32	768766.0
33	887592.0
34	1012361.0
35	1154573.5
36	1300174.0
37	1455810.0
38	1612357.5
39	1763827.0
40	1906100.0
41	2012979.0
42	2126269.5
43	2252451.0
44	2370400.5
45	2514755.5
46	2610872.5
47	2630063.0
48	2654698.0
49	2665388.5
50	2680153.5
51	2734257.5
52	2776694.5
53	2766925.0
54	2742073.0
55	2736293.0
56	2683956.5
57	2579717.5
58	2521434.0
59	2473975.0
60	2369951.0
61	2236748.0
62	2077547.0
63	1890981.5
64	1704145.5
65	1508827.5
66	1311002.0
67	1143695.0
68	978579.0
69	811058.5
70	657068.0
71	517064.0
72	421012.0
73	347313.5
74	285579.5
75	232178.5
76	186291.0
77	150352.5
78	114125.0
79	83530.0
80	60400.0
81	41930.5
82	27858.0
83	19026.0
84	12717.0
85	8625.5
86	6541.0
87	5049.0
88	3815.5
89	3086.5
90	2550.5
91	2133.5
92	1800.5
93	1469.5
94	1167.0
95	921.0
96	763.5
97	614.0
98	446.5
99	314.0
100	236.0
>>END_MODULE
>>Per base N content	pass
#Base	N-Count
1	0.027954745079726617
2	0.008024137011521111
3	8.669171899724379E-4
4	2.606813927889149E-4
5	1.818707391550569E-5
6	1.5883377886208305E-4
7	0.0013725178448234963
8	0.0013070443787276758
9	0.0022248853756635296
10-11	0.0024134247085876056
12-13	4.158777568678968E-4
14-15	9.439091362147454E-4
16-17	0.0077822489284448855
18-19	0.01235690425399175
20-21	0.03245907705280019
22-23	0.043524092822993854
24-25	0.030677956280675
26-27	0.017378961597860055
28-29	0.020018512258797114
30-31	0.009591862783037702
32-33	4.2800247281156727E-4
34-35	5.292438509412156E-4
36-37	0.002026040034187334
38-39	0.0014319289529474816
40-41	0.0025280032742552912
42-43	0.008291486998079045
44-45	0.007808923303520961
46-47	0.028729514428527156
48-49	0.03302408881577523
50-51	0.0195959659081602
52-53	0.0027329109737033223
54-55	1.0912244349303416E-4
56-57	6.82621507628647E-4
58-59	0.001025750968834521
60-61	0.0012233838387163496
62-63	0.002001790602299993
64-65	0.008469114086653816
66-67	0.008646134939431406
68-69	0.012218076256436722
70-71	0.01479700333765543
72-73	0.02677197903942156
74-75	0.042749929709990496
76-77	0.027507343061405176
78-79	0.005104505412285264
80-81	2.2733842394382115E-4
82-83	0.002828089993861135
84-85	0.0038035233915294235
86-87	0.007363946228388255
88-89	0.014647869331548284
90-91	0.012327198699929758
92-93	0.011971338286983029
94-95	0.015529336180653127
96-97	0.02773710642853773
98-99	0.02031859897840296
100	0.011623965175196871
>>END_MODULE
>>Sequence Length Distribution	pass
#Length	Count
100	8.2476159E7
>>END_MODULE
>>Sequence Duplication Levels	fail
#Total Deduplicated Percentage	36.12905008766483
#Duplication Level	Percentage of deduplicated	Percentage of total
1	68.24005078721176	24.65448212875965
2	13.947979350543013	10.078544891549665
3	5.878334622513166	6.371359380264973
4	3.1572412670710204	4.562725115074049
5	1.9685741700375081	3.556135739528417
6	1.2834448340179208	2.7821785615792876
7	0.9081378751975807	2.296711114566323
8	0.6796942601643446	1.9645366375820716
9	0.5124762497797494	1.6663752087328076
>10	3.015559447621585	20.084565930766676
>50	0.24429173197829065	6.099378464737776
>100	0.14893888013577342	10.179826015068508
>500	0.01074459545028971	2.6220459357986536
>1k	0.004384252820674893	2.607031118128507
>5k	1.2082537406009522E-4	0.2809086531237381
>10k+	2.6850083124465606E-5	0.19319510473899174
>>END_MODULE
>>Overrepresented sequences	pass
>>END_MODULE
>>Adapter Content	pass
#Position	Illumina Universal Adapter	Illumina Small RNA 3' Adapter	Illumina Small RNA 5' Adapter	Nextera Transposase Sequence	SOLID Small RNA Adapter
1	1.4549659132404553E-5	1.57621307267716E-5	0.0	7.274829566202277E-6	0.0
2	1.939954550987274E-5	9.699772754936368E-5	0.0	4.243650580284661E-5	0.0
3	5.577369334088412E-5	1.0548502870993301E-4	0.0	4.72863921803148E-5	1.2124715943670462E-6
4	1.7823332437195578E-4	1.1275985827613528E-4	0.0	5.2136278557782984E-5	4.849886377468185E-6
5	2.1581994379733422E-4	1.2003468784233757E-4	0.0	5.2136278557782984E-5	6.06235797183523E-6
6	3.310047452622036E-4	1.2730951740853985E-4	0.0	5.577369334088412E-5	8.487301160569322E-6
7	3.989031545467582E-4	1.7217096640012055E-4	0.0	5.577369334088412E-5	9.69977275493637E-6
8	5.201503139834628E-4	2.024827562592967E-4	0.0	5.819863652961821E-5	9.69977275493637E-6
9	6.438224166089015E-4	2.2794465974100466E-4	0.0	6.062357971835231E-5	1.0912244349303415E-5
10-11	0.0010124137812964834	2.473442052508774E-4	0.0	6.244228710990288E-5	1.1518480146486939E-5
12-13	0.0014295040097587475	2.7159363713821836E-4	0.0	6.426099450145345E-5	1.2730951740853984E-5
14-15	0.0019490480879450266	3.261548588847354E-4	6.062357971835231E-7	6.486723029863697E-5	1.3337187538037508E-5
16-17	0.0024510113280129834	3.7707866584815134E-4	1.2124715943670462E-6	7.274829566202277E-5	1.3337187538037508E-5
18-19	0.0029990484886668885	3.892033817918218E-4	1.8187073915505692E-6	7.941688943104153E-5	1.3337187538037508E-5
20-21	0.0034797934758334223	3.9769068295239117E-4	2.4249431887340924E-6	8.244806841695913E-5	1.394342333522103E-5
22-23	0.003984787894887297	4.073904557073275E-4	2.4249431887340924E-6	9.69977275493637E-5	1.4549659132404553E-5
24-25	0.004468564061039748	4.1890893585381443E-4	2.4249431887340924E-6	1.1700350885641995E-4	1.6974602321138644E-5
26-27	0.004922028437333024	4.2739623701438373E-4	2.4249431887340924E-6	1.2791575320572336E-4	1.8793309712689215E-5
28-29	0.005339118665795287	4.358835381749531E-4	2.4249431887340924E-6	1.3761552596065974E-4	2.0612017104239783E-5
30-31	0.005820469888759006	4.4315836774115537E-4	2.4249431887340924E-6	1.4549659132404553E-4	2.1218252901423306E-5
32-33	0.006281815330415667	4.5770802687355994E-4	2.4249431887340924E-6	1.497402419043302E-4	2.3036960292973877E-5
34-35	0.006781959863092072	4.922634673130207E-4	2.4249431887340924E-6	1.521651850930643E-4	2.4855667684524445E-5
36-37	0.007294229111712149	5.328812657243167E-4	2.4249431887340924E-6	1.545901282817984E-4	2.8493082467625583E-5
38-39	0.007830747792219567	5.486433964510885E-4	2.4249431887340924E-6	1.594400146592666E-4	3.0311789859176154E-5
40-41	0.008396365790991794	5.601618765975753E-4	2.4249431887340924E-6	1.6247119364518417E-4	3.334296884509377E-5
42-43	0.008930459528310479	5.765302431215304E-4	2.4249431887340924E-6	1.7459590958885464E-4	3.394920464227729E-5
44-45	0.009480921632153118	5.856237800792832E-4	2.4249431887340924E-6	1.764146169804052E-4	3.5161676236644336E-5
46-47	0.010024108906429553	6.086607403722571E-4	2.4249431887340924E-6	1.8247697495224046E-4	3.8192855222561954E-5
48-49	0.010636407061584911	6.438224166089015E-4	2.4249431887340924E-6	1.915705119099933E-4	3.879909101974548E-5
50-51	0.01135722142443612	6.662531411046918E-4	2.4249431887340924E-6	1.9702663408464497E-4	4.0011562614112525E-5
52-53	0.012173214807445144	7.250580134314935E-4	2.4249431887340924E-6	2.0430146365084726E-4	4.061779841129604E-5
54-55	0.013120761358442989	8.27511863155509E-4	2.4249431887340924E-6	2.1036382162268252E-4	4.1224034208479565E-5
56-57	0.014169549287570485	8.844980280907601E-4	3.6374147831011383E-6	2.2006359437761887E-4	4.243650580284661E-5
58-59	0.015372321109182595	9.772521050598392E-4	3.6374147831011383E-6	2.36431960901574E-4	4.486144899158071E-5
60-61	0.016855173869093493	0.0010275696762260715	3.6374147831011383E-6	2.806871740959712E-4	4.6073920585947754E-5
62-63	0.01867933738281871	0.001119717517397967	3.6374147831011383E-6	3.1403014294106494E-4	4.6073920585947754E-5
64-65	0.020922409832397747	0.0011663976737810984	3.6374147831011383E-6	3.491918191777093E-4	4.9711335369048896E-5
66-67	0.023491030905064336	0.0011954969920459075	3.6374147831011383E-6	3.7465372265941724E-4	5.6986164935251166E-5
68-69	0.026599201837224258	0.0012094404153811284	3.6374147831011383E-6	3.9829691874957465E-4	5.819863652961821E-5
70-71	0.030625213766320034	0.0012324773756741023	3.6374147831011383E-6	4.286087086087508E-4	6.54734660958205E-5
72-73	0.036502063584217107	0.0012712764666938478	3.6374147831011383E-6	4.692265070200468E-4	6.668593769018753E-5
74-75	0.044655935056335486	0.0013021944923502075	3.6374147831011383E-6	4.8256369455808437E-4	6.789840928455458E-5
76-77	0.05459517095115935	0.0013446309981530542	3.6374147831011383E-6	4.910509957186536E-4	7.153582406765572E-5
78-79	0.06689084538963556	0.001356149478299541	3.6374147831011383E-6	4.940821747045713E-4	7.274829566202277E-5
80-81	0.08372843842061074	0.001368880430040395	3.6374147831011383E-6	5.013570042707735E-4	7.396076725638981E-5
82-83	0.10915942387666235	0.0013846425607671666	3.6374147831011383E-6	5.043881832566912E-4	7.456700305357334E-5
84-85	0.14696065077424375	0.0014258665949756463	3.6374147831011383E-6	5.195440781862793E-4	7.517323885075686E-5
86-87	0.1961760852611965	0.001462846978603841	4.243650580284662E-6	5.838050726877327E-4	7.638571044512391E-5
88-89	0.25807942874740325	0.0014743654587503281	5.4561221746517075E-6	6.068420329807066E-4	7.820441783667448E-5
>>END_MODULE
