##FastQC	0.11.8
>>Basic Statistics	pass
#Measure	Value
Filename	SRR3184283_1.gz
File type	Conventional base calls
Encoding	Sanger / Illumina 1.9
Total Sequences	107311236
Sequences flagged as poor quality	0
Sequence length	0-100
%GC	49
>>END_MODULE
>>Per base sequence quality	pass
#Base	Mean	Median	Lower Quartile	Upper Quartile	10th Percentile	90th Percentile
1	32.725199647772264	33.0	33.0	33.0	33.0	33.0
2	32.76003691273788	33.0	33.0	33.0	33.0	33.0
3	32.65352074096111	33.0	33.0	33.0	33.0	33.0
4	34.11027621735047	37.0	37.0	37.0	33.0	37.0
5	35.01219152788473	37.0	37.0	37.0	33.0	37.0
6	36.134885135572986	37.0	37.0	37.0	33.0	37.0
7	36.428404060148466	37.0	37.0	37.0	37.0	37.0
8	36.44704150069872	37.0	37.0	37.0	37.0	37.0
9	36.46474623319899	37.0	37.0	37.0	37.0	37.0
10-11	36.46281281086564	37.0	37.0	37.0	37.0	37.0
12-13	36.435713843410454	37.0	37.0	37.0	37.0	37.0
14-15	38.347082269348135	40.0	37.0	40.0	37.0	40.0
16-17	38.36803080339697	40.0	37.0	40.0	37.0	40.0
18-19	38.342318967573135	40.0	37.0	40.0	37.0	40.0
20-21	38.335478348519445	40.0	37.0	40.0	37.0	40.0
22-23	38.24870852484733	40.0	37.0	40.0	37.0	40.0
24-25	38.21928636755834	40.0	37.0	40.0	37.0	40.0
26-27	36.713342148041924	40.0	37.0	40.0	29.5	40.0
28-29	36.66878629134024	40.0	37.0	40.0	30.0	40.0
30-31	37.6448892300231	40.0	37.0	40.0	33.0	40.0
32-33	37.66810422644488	40.0	37.0	40.0	33.0	40.0
34-35	37.64689005531318	40.0	37.0	40.0	33.0	40.0
36-37	37.54754600590641	40.0	37.0	40.0	33.0	40.0
38-39	37.48818281519159	40.0	37.0	40.0	33.0	40.0
40-41	37.45889286247882	40.0	37.0	40.0	33.0	40.0
42-43	37.47882670249798	40.0	37.0	40.0	33.0	40.0
44-45	37.511525312320956	40.0	37.0	40.0	33.0	40.0
46-47	37.37922587017853	40.0	37.0	40.0	33.0	40.0
48-49	37.236611734502404	40.0	37.0	40.0	33.0	40.0
50-51	37.121206037995044	38.5	37.0	40.0	33.0	40.0
52-53	36.97571086964355	37.0	37.0	40.0	33.0	40.0
54-55	36.80791429242522	37.0	37.0	40.0	33.0	40.0
56-57	36.64280086469901	37.0	37.0	40.0	33.0	40.0
58-59	36.412253438454414	37.0	37.0	40.0	33.0	40.0
60-61	36.20058427806624	37.0	37.0	40.0	33.0	40.0
62-63	35.955120828965576	37.0	37.0	40.0	33.0	40.0
64-65	35.67273102847669	37.0	35.0	38.5	33.0	40.0
66-67	35.41570924697609	37.0	33.0	37.0	33.0	40.0
68-69	35.19180953591961	37.0	33.0	37.0	33.0	40.0
70-71	34.95249295530847	37.0	33.0	37.0	33.0	40.0
72-73	34.701754559880285	37.0	33.0	37.0	30.0	38.5
74-75	34.49095934374916	37.0	33.0	37.0	27.0	37.0
76-77	33.66719124761381	35.0	33.0	37.0	27.0	37.0
78-79	34.053135122485386	37.0	33.0	37.0	27.0	37.0
80-81	33.967569615466296	37.0	33.0	37.0	27.0	37.0
82-83	33.82633173585569	37.0	33.0	37.0	27.0	37.0
84-85	33.80423538214474	37.0	33.0	37.0	27.0	37.0
86-87	33.665272392598524	37.0	33.0	37.0	27.0	37.0
88-89	33.53744429406863	37.0	33.0	37.0	27.0	37.0
90-91	33.391339185861575	37.0	33.0	37.0	27.0	37.0
92-93	33.22998887722799	37.0	33.0	37.0	27.0	37.0
94-95	33.061785244621305	37.0	33.0	37.0	27.0	37.0
96-97	32.90083243850154	37.0	33.0	37.0	27.0	37.0
98-99	32.68591365670379	37.0	33.0	37.0	27.0	37.0
100	31.279846018895284	33.0	33.0	37.0	22.0	37.0
>>END_MODULE
>>Per sequence quality scores	pass
#Quality	Count
2	231.0
3	278.0
4	450.0
5	929.0
6	2347.0
7	6282.0
8	15453.0
9	30302.0
10	46230.0
11	55688.0
12	65980.0
13	74775.0
14	83673.0
15	93830.0
16	105699.0
17	117420.0
18	130486.0
19	144960.0
20	162748.0
21	187412.0
22	223861.0
23	279452.0
24	356941.0
25	461438.0
26	600710.0
27	782514.0
28	1023860.0
29	1340667.0
30	1766112.0
31	2350850.0
32	3182340.0
33	4402797.0
34	6278502.0
35	9852111.0
36	1.8923949E7
37	3.5204591E7
38	1.8868097E7
39	36185.0
>>END_MODULE
>>Per base sequence content	warn
#Base	G	A	T	C
1	29.111242685908255	12.397614006388064	12.565555076323202	45.92558823138048
2	21.15687129519244	18.881513760498365	32.944208338340275	27.017406605968926
3	24.260836877029735	21.879503662785606	23.164260222473683	30.69539923771098
4	26.492933354134518	28.632336516971264	19.762485989928457	25.11224413896576
5	31.00786247826909	29.111812310765206	20.219070488000593	19.66125472296511
6	24.88041950445849	33.642695804722315	20.472083307886642	21.004801382932552
7	21.59563402197199	19.531970750759353	37.025181893995004	21.84721333327366
8	22.311392819815843	22.437699253620913	28.122218864452385	27.128689062110855
9	22.757495304130465	21.003958225249207	30.85279086914262	25.385755601477705
10-11	25.59731152157993	29.82656820513934	21.67194125147084	22.90417902180989
12-13	24.187270554467766	23.87572639246463	26.730891591102964	25.206111461964635
14-15	24.33693570110027	25.07292190840486	26.158030961864497	24.43211142863037
16-17	25.01741440546146	24.95151366624583	25.36362354463527	24.667448383657444
18-19	24.776255177581845	24.996949185448138	25.23548496683671	24.991310670133302
20-21	24.753590133068194	24.881836489503225	25.330339834724537	25.034233542704047
22-23	24.834794594973797	25.239895427997418	25.096987696445655	24.82832228058313
24-25	24.718860878525437	25.136726999046466	25.19863200255776	24.94578011987034
26-27	24.655521699933818	25.532468973261395	25.15544567009912	24.65656365670567
28-29	24.787306562737104	24.83841719786475	25.275107098846426	25.09916914055172
30-31	24.38743285603088	24.980195660094946	25.481795659296253	25.15057582457792
32-33	24.540129101505688	25.01953794157893	25.359600368842784	25.080732588072596
34-35	24.92546053113615	24.99185936172096	25.107775742846307	24.974904364296584
36-37	24.608189762881317	25.09669382761759	25.30857694132186	24.986539468179238
38-39	24.652188500349776	25.15071872090656	25.14714172286479	25.049951055878868
40-41	24.721887667498496	25.036019477252903	25.13552365208818	25.10656920316042
42-43	24.559950800827444	25.10190708203491	25.34436114643823	24.99378097069942
44-45	24.671554792522137	25.128399063533948	25.487835289835715	24.7122108541082
46-47	24.75867513622685	25.276165499232178	25.047360887256527	24.917798477284446
48-49	24.616626970707078	25.298408063463157	25.232833099777174	24.852131866052588
50-51	24.72961699853148	25.136864645543827	25.269149494709335	24.864368861215357
52-53	24.71763985462018	25.255587162228682	25.010652182794008	25.01612080035713
54-55	24.470869674011272	25.249490919229768	25.185304336188747	25.09433507057021
56-57	24.52509606633585	25.224147315451784	25.363214946431345	24.887541671781023
58-59	24.535473368791596	25.244816954004673	25.262187317126433	24.9575223600773
60-61	24.4420870158715	25.083019891738356	25.43210743183447	25.042785660555673
62-63	24.396803020459657	25.2538992857258	25.500310453123753	24.848987240690786
64-65	24.6542623908053	25.1854711220162	25.236717219881683	24.923549267296814
66-67	24.36365460743763	25.08761247710512	25.476915307250934	25.071817608206317
68-69	24.539259020564526	25.23375880600384	25.550779053147643	24.676203120283986
70-71	24.61297532784122	25.189231073952083	25.274962077114598	24.922831521092096
72-73	24.34519153130402	25.36871579523797	25.384393404674917	24.90169926878309
74-75	24.491995213290807	25.410794983709366	25.362874372159595	24.734335430840233
76-77	24.579056786265287	25.46775754763435	25.176365969046905	24.776819697053458
78-79	24.51606569727612	25.26037907716232	25.395257123321258	24.8282981022403
80-81	24.581880911831096	25.34588183214662	25.203189664060776	24.869047591961507
82-83	24.79793763828128	25.409486003876868	25.03486859223713	24.75770776560472
84-85	24.562611933108894	25.566849854476732	24.991274400325082	24.87926381208929
86-87	24.621168753126923	25.664808136372123	25.149227796007356	24.5647953144936
88-89	24.65679007289733	25.512775242165155	25.13448747694999	24.695947207987523
90-91	24.477154183334164	25.4252084540331	25.232814940205806	24.864822422426926
92-93	24.43272031107417	25.72708230478363	25.16821590466304	24.671981479479165
94-95	24.6289960087242	25.634674029560777	25.102620010109593	24.633709951605425
96-97	24.594578522852125	25.2181203803375	25.20963641101052	24.977664685799855
98-99	23.971356981343597	24.93789283766691	25.97559399297755	25.115156188011937
100	25.615186216579506	24.10838253238225	24.99432633314809	25.282104917890152
>>END_MODULE
>>Per sequence GC content	warn
#GC Content	Count
0	634.0
1	606.0
2	568.0
3	556.5
4	567.0
5	612.0
6	661.5
7	715.0
8	802.0
9	925.5
10	1059.0
11	1174.0
12	1335.5
13	1696.0
14	2161.0
15	2768.0
16	3715.0
17	5648.5
18	8790.0
19	13546.0
20	21045.5
21	32727.0
22	50336.0
23	74673.0
24	107732.5
25	151748.0
26	208428.5
27	276367.0
28	362336.5
29	454500.5
30	548107.0
31	678379.5
32	865882.5
33	1061720.0
34	1256423.5
35	1498027.5
36	1775684.5
37	2068955.0
38	2404668.5
39	2675280.5
40	2840411.5
41	3062008.0
42	3400793.0
43	3674696.5
44	3829316.5
45	3960835.0
46	4023688.5
47	4058464.0
48	4055264.0
49	4025969.5
50	3988989.5
51	3801673.5
52	3607624.5
53	3555966.5
54	3529424.0
55	3463311.5
56	3238734.0
57	2986100.5
58	2779073.0
59	2620810.0
60	2519805.5
61	2356657.5
62	2165597.0
63	1988029.5
64	1816382.5
65	1620537.0
66	1426277.0
67	1248185.5
68	1086560.5
69	919747.5
70	747855.5
71	609993.0
72	512769.0
73	427303.5
74	361913.5
75	309443.0
76	247117.5
77	189466.0
78	144472.5
79	104189.0
80	68700.5
81	44738.0
82	29051.0
83	19031.5
84	12838.5
85	9969.0
86	8422.5
87	7560.5
88	6673.5
89	5931.5
90	5126.5
91	4429.5
92	4179.0
93	3837.0
94	3398.5
95	3061.5
96	2917.5
97	2828.5
98	2793.5
99	2779.5
100	2773.5
>>END_MODULE
>>Per base N content	warn
#Base	N-Count
1	0.08707054763581815
2	0.0
3	0.0
4	7.229422102995255
5	0.0
6	0.0
7	0.0
8	0.0
9	0.0
10-11	0.0
12-13	0.0
14-15	0.0
16-17	4.663459052479136E-7
18-19	1.3991352942795901E-6
20-21	0.0
22-23	0.0
24-25	0.0
26-27	2.490218946746058
28-29	0.0
30-31	0.0
32-33	0.0
34-35	0.0
36-37	0.0
38-39	0.0
40-41	0.0
42-43	0.0
44-45	0.0
46-47	0.0
48-49	0.0
50-51	0.0
52-53	0.0
54-55	0.0
56-57	0.0
58-59	0.0
60-61	0.0
62-63	0.0
64-65	0.0
66-67	0.0
68-69	0.0
70-71	0.0
72-73	0.0
74-75	0.0
76-77	0.0
78-79	8.454803084413063E-5
80-81	0.001778574775287332
82-83	0.006649316669631757
84-85	0.01136328040069417
86-87	5.718008958983917E-4
88-89	0.0
90-91	0.0
92-93	0.0
94-95	0.0
96-97	0.0
98-99	0.0
100	0.0
>>END_MODULE
>>Sequence Length Distribution	fail
#Length	Count
0-1	51785.0
2-3	4820.0
4-5	4281.0
6-7	3240.0
8-9	6181.0
10-11	6715.0
12-13	7863.0
14-15	8075.0
16-17	7265.0
18-19	7259.0
20-21	7246.0
22-23	5967.0
24-25	5268.0
26-27	4834.0
28-29	4612.0
30-31	4347.0
32-33	4345.0
34-35	4191.0
36-37	5037.0
38-39	4166.0
40-41	3828.0
42-43	3783.0
44-45	3819.0
46-47	3591.0
48-49	4098.0
50-51	4151.0
52-53	4191.0
54-55	4287.0
56-57	4525.0
58-59	4676.0
60-61	5069.0
62-63	5431.0
64-65	5846.0
66-67	6222.0
68-69	6837.0
70-71	8080.0
72-73	9243.0
74-75	10461.0
76-77	12342.0
78-79	14972.0
80-81	18881.0
82-83	25521.0
84-85	32033.0
86-87	37775.0
88-89	50392.0
90-91	68681.0
92-93	90264.0
94-95	225948.0
96-97	2577732.0
98-99	0.0
100-101	1.0390106E8
>>END_MODULE
>>Sequence Duplication Levels	fail
#Total Deduplicated Percentage	32.38477202510618
#Duplication Level	Percentage of deduplicated	Percentage of total
1	69.26343918439628	22.4308068766148
2	14.157892654270848	9.170002519289739
3	5.6338284250933155	5.4735074752563015
4	2.9695825057051954	3.8467700982802535
5	1.7895737570675259	2.8977469072372286
6	1.164128829939549	2.2620028059267536
7	0.8335796883891996	1.8896701721270295
8	0.6146992382687689	1.5925515756272404
9	0.46941250093128817	1.368163514555524
>10	2.6986289624915707	16.059368472098907
>50	0.2205973460055345	4.939061284784135
>100	0.15132376514131402	9.689219125595274
>500	0.01800439142096118	4.028842125226434
>1k	0.013670242702079824	8.564501037165083
>5k	0.001103252256397929	2.4301696492981084
>10k+	5.352559201694263E-4	3.3576163609166625
>>END_MODULE
>>Overrepresented sequences	pass
>>END_MODULE
>>Adapter Content	pass
#Position	Illumina Universal Adapter	Illumina Small RNA 3' Adapter	Illumina Small RNA 5' Adapter	Nextera Transposase Sequence	SOLID Small RNA Adapter
1	0.0	7.454950942881694E-6	0.0	2.7956066035806355E-6	0.0
2	0.0	2.4228590564365506E-5	0.0	1.2114295282182753E-5	0.0
3	1.8637377357204236E-6	2.7956066035806355E-5	0.0	1.2114295282182753E-5	0.0
4	2.7956066035806355E-6	3.075167263938699E-5	0.0	1.2114295282182753E-5	9.318688678602118E-7
5	2.7956066035806355E-6	3.4479148110827835E-5	0.0	1.3046164150042964E-5	2.7956066035806355E-6
6	2.7956066035806355E-6	3.5411016978688045E-5	0.0	1.3978033017903177E-5	3.727475471440847E-6
7	2.7956066035806355E-6	4.75253122608708E-5	0.0	1.3978033017903177E-5	4.659344339301059E-6
8	2.7956066035806355E-6	5.125278773231165E-5	0.0	1.58417707536236E-5	5.591213207161271E-6
9	2.7956066035806355E-6	5.218465660017186E-5	9.318688678602118E-7	1.9569246225064448E-5	6.523082075021482E-6
10-11	6.523082075021482E-6	5.730993537340303E-5	9.318688678602118E-7	2.0501115092924658E-5	7.9208853768118E-6
12-13	1.1182426414322542E-5	6.196927971270408E-5	9.318688678602118E-7	2.2364852828645084E-5	9.318688678602118E-6
14-15	1.351209858397307E-5	8.014072263597821E-5	1.8637377357204236E-6	2.3296721696505293E-5	9.318688678602118E-6
16-17	1.7239574055413918E-5	9.41187556538814E-5	2.7956066035806355E-6	2.702419716794614E-5	9.784623112532224E-6
18-19	2.143298396078487E-5	1.0203964103069318E-4	3.727475471440847E-6	2.8887934903666564E-5	1.1182426414322542E-5
20-21	2.702419716794614E-5	1.0483524763427383E-4	3.727475471440847E-6	3.16835415072472E-5	1.1648360848252647E-5
22-23	3.075167263938698E-5	1.0949459197357489E-4	3.727475471440847E-6	3.4479148110827835E-5	1.2114295282182753E-5
24-25	3.727475471440847E-5	1.2067701838789743E-4	5.1252787732311645E-6	4.240003348763964E-5	1.3046164150042964E-5
26-27	3.9138492450128896E-5	1.2440449385933827E-4	5.591213207161271E-6	4.938904999659123E-5	1.6307705187553708E-5
28-29	4.379783678942996E-5	1.27666034896849E-4	5.591213207161271E-6	5.3116525468032074E-5	1.9103311791134343E-5
30-31	4.845718112873101E-5	1.3092757593435975E-4	5.591213207161271E-6	5.6378066505542814E-5	2.0035180658994553E-5
32-33	5.265059103410197E-5	1.3605285470759092E-4	6.523082075021482E-6	5.824180424126324E-5	2.2364852828645084E-5
34-35	5.684400093947292E-5	1.4863308442370377E-4	6.523082075021482E-6	6.243521414663419E-5	2.3762656130435398E-5
36-37	6.196927971270408E-5	1.751913471577198E-4	6.523082075021482E-6	6.429895188235461E-5	2.702419716794614E-5
38-39	6.849236178772556E-5	1.882375113077628E-4	6.523082075021482E-6	6.709455848593525E-5	2.749013160187625E-5
40-41	7.361764056095673E-5	2.0035180658994553E-4	6.523082075021482E-6	7.035609952344598E-5	2.842200046973646E-5
42-43	8.014072263597821E-5	2.06874888664967E-4	6.523082075021482E-6	7.221983725916642E-5	2.935386933759667E-5
44-45	8.619787027706958E-5	2.1805731507928955E-4	6.523082075021482E-6	7.454950942881694E-5	3.075167263938699E-5
46-47	9.132314905030075E-5	2.283078726257519E-4	6.523082075021482E-6	7.874291933418789E-5	3.075167263938699E-5
48-49	9.970996886104265E-5	2.3576282356863357E-4	6.523082075021482E-6	8.619787027706958E-5	3.2149475941177304E-5
50-51	1.0716491980392436E-4	2.4228590564365506E-4	6.523082075021482E-6	9.225501791816096E-5	3.3547279242967626E-5
52-53	1.1135832970929531E-4	2.544002009258378E-4	6.523082075021482E-6	9.598249338960182E-5	3.494508254475794E-5
54-55	1.1881328065217701E-4	2.693101028116012E-4	6.989016508951589E-6	9.831216555925235E-5	3.5876951412618156E-5
56-57	1.272001004629189E-4	2.823562669616442E-4	7.454950942881694E-6	1.0623305093606413E-4	3.634288584654826E-5
58-59	1.337231825379404E-4	3.0798266082779997E-4	8.386819810741906E-6	1.104264608414351E-4	3.634288584654826E-5
60-61	1.3838252687724142E-4	3.2196069384570316E-4	8.386819810741906E-6	1.1508580518073615E-4	3.634288584654826E-5
62-63	1.4537154338619302E-4	3.4292774337255793E-4	8.386819810741906E-6	1.2254075612361785E-4	3.6808820280478366E-5
64-65	1.5189462546121452E-4	3.569057763904611E-4	8.386819810741906E-6	1.2906383819863933E-4	3.9604426884058994E-5
66-67	1.6307705187553704E-4	3.6575853063513315E-4	8.386819810741906E-6	1.3185944480221997E-4	4.193409905370953E-5
68-69	1.7006606838448863E-4	3.750772193137352E-4	8.386819810741906E-6	1.3931439574510165E-4	4.193409905370953E-5
70-71	1.821803636666714E-4	3.867255801619879E-4	8.386819810741906E-6	1.439737400844027E-4	4.240003348763964E-5
72-73	1.882375113077628E-4	4.0210141648168137E-4	8.852754244672011E-6	1.5049682215942422E-4	4.286596792156974E-5
74-75	1.9429465894885416E-4	4.207387938388856E-4	9.318688678602118E-6	1.5515616649872525E-4	4.3331902355499846E-5
76-77	2.0314741319352617E-4	4.2400033487639637E-4	1.0250557546462329E-5	1.6121331413981665E-4	4.379783678942995E-5
78-79	2.1200016743819818E-4	4.281937447817673E-4	1.0250557546462329E-5	1.658726584791177E-4	4.4263771223360056E-5
80-81	2.2038698724894008E-4	4.3984210563002E-4	1.0250557546462329E-5	1.728616749880693E-4	4.566157452515038E-5
82-83	2.3110347922933251E-4	4.4916079430862207E-4	1.0250557546462329E-5	1.7798695376130045E-4	4.612750895908048E-5
84-85	2.4741118441688623E-4	4.5754761411936397E-4	1.0250557546462329E-5	1.8870344574169288E-4	4.70593778269407E-5
86-87	2.5160459432225715E-4	4.70593778269407E-4	1.2114295282182753E-5	2.1526170847570894E-4	4.75253122608708E-5
88-89	2.5207052875618724E-4	4.761849914765682E-4	1.258022971611286E-5	2.283078726257519E-4	4.985498443052133E-5
>>END_MODULE
