##FastQC	0.11.8
>>Basic Statistics	pass
#Measure	Value
Filename	forward.gz
File type	Conventional base calls
Encoding	Sanger / Illumina 1.9
Total Sequences	58664872
Sequences flagged as poor quality	0
Sequence length	35-100
%GC	51
>>END_MODULE
>>Per base sequence quality	pass
#Base	Mean	Median	Lower Quartile	Upper Quartile	10th Percentile	90th Percentile
1	32.21498084918689	33.0	33.0	33.0	33.0	33.0
2	32.194184127769	33.0	33.0	33.0	33.0	33.0
3	32.24351184129405	33.0	33.0	33.0	33.0	33.0
4	35.82025006378604	37.0	37.0	37.0	33.0	37.0
5	35.99720478380998	37.0	37.0	37.0	37.0	37.0
6	35.956401098088136	37.0	37.0	37.0	33.0	37.0
7	35.95360008626628	37.0	37.0	37.0	33.0	37.0
8	35.93598722929115	37.0	37.0	37.0	33.0	37.0
9	35.91283284484112	37.0	37.0	37.0	33.0	37.0
10-11	35.90616992226626	37.0	37.0	37.0	33.0	37.0
12-13	35.90448112628627	37.0	37.0	37.0	33.0	37.0
14-15	37.90792587939168	40.0	37.0	40.0	33.0	40.0
16-17	37.888234956005704	40.0	37.0	40.0	33.0	40.0
18-19	37.858023597153675	40.0	37.0	40.0	33.0	40.0
20-21	37.79431703183465	40.0	37.0	40.0	33.0	40.0
22-23	37.73078694350514	40.0	37.0	40.0	33.0	40.0
24-25	37.65700582283722	40.0	37.0	40.0	33.0	40.0
26-27	37.52967885108485	40.0	37.0	40.0	33.0	40.0
28-29	37.4388736840677	40.0	37.0	40.0	33.0	40.0
30-31	37.34887257573834	40.0	37.0	40.0	33.0	40.0
32-33	37.216051609215135	40.0	37.0	40.0	33.0	40.0
34-35	37.08138269695705	40.0	37.0	40.0	33.0	40.0
36-37	37.41395822587557	40.0	37.0	40.0	33.0	40.0
38-39	37.26883621491534	40.0	37.0	40.0	33.0	40.0
40-41	37.13133936584668	40.0	37.0	40.0	33.0	40.0
42-43	36.934238405415385	40.0	37.0	40.0	33.0	40.0
44-45	36.79208732164042	40.0	37.0	40.0	33.0	40.0
46-47	36.65078042017619	40.0	37.0	40.0	33.0	40.0
48-49	36.483253053201096	37.0	37.0	40.0	33.0	40.0
50-51	36.333431101090106	37.0	37.0	40.0	33.0	40.0
52-53	36.1446574162719	37.0	37.0	40.0	33.0	40.0
54-55	35.928287409521516	37.0	37.0	40.0	27.0	40.0
56-57	35.76139687220312	37.0	37.0	40.0	27.0	40.0
58-59	35.56133735768671	37.0	35.0	40.0	27.0	40.0
60-61	35.3454089742532	37.0	33.0	40.0	27.0	40.0
62-63	35.117674625802096	37.0	33.0	40.0	27.0	40.0
64-65	34.86131863370359	37.0	33.0	38.5	27.0	40.0
66-67	34.59298518430618	37.0	33.0	37.0	27.0	40.0
68-69	34.374969044772534	37.0	33.0	37.0	27.0	40.0
70-71	34.11200018965435	37.0	33.0	37.0	27.0	40.0
72-73	33.91414733510627	37.0	33.0	37.0	27.0	38.5
74-75	33.68886839450026	37.0	33.0	37.0	27.0	37.0
76-77	31.533866510187785	33.0	30.0	37.0	22.0	37.0
78-79	33.05725942829348	37.0	33.0	37.0	27.0	37.0
80-81	33.22255461225872	37.0	33.0	37.0	27.0	37.0
82-83	33.12702152668088	37.0	33.0	37.0	27.0	37.0
84-85	33.01918769809254	37.0	33.0	37.0	24.5	37.0
86-87	32.89736424524079	37.0	33.0	37.0	22.0	37.0
88-89	32.803599730588196	37.0	33.0	37.0	22.0	37.0
90-91	32.691861814118	37.0	33.0	37.0	22.0	37.0
92-93	32.561194798883605	37.0	33.0	37.0	22.0	37.0
94-95	32.44070841873862	37.0	33.0	37.0	22.0	37.0
96-97	32.34634140296885	37.0	33.0	37.0	22.0	37.0
98-99	32.23956252204227	37.0	33.0	37.0	22.0	37.0
100	29.046933473523033	33.0	27.0	37.0	15.0	37.0
>>END_MODULE
>>Per sequence quality scores	pass
#Quality	Count
2	756951.0
3	0.0
4	0.0
5	0.0
6	12.0
7	421.0
8	1357.0
9	1431.0
10	997.0
11	750.0
12	956.0
13	2702.0
14	9729.0
15	26959.0
16	57775.0
17	105358.0
18	166746.0
19	229378.0
20	275351.0
21	300683.0
22	322412.0
23	357774.0
24	411764.0
25	484896.0
26	574903.0
27	683648.0
28	819296.0
29	984549.0
30	1190998.0
31	1464774.0
32	1828915.0
33	2326987.0
34	3066917.0
35	4382916.0
36	7812934.0
37	1.6504831E7
38	1.3419801E7
39	89001.0
>>END_MODULE
>>Per base sequence content	fail
#Base	G	A	T	C
1	42.099492421442555	7.671764425862543	10.30362987691897	39.92511327577593
2	25.189330779664548	11.458437804417681	34.61344049152707	28.7387909243907
3	26.233279899653105	14.113880897226478	21.111217237448397	38.54162196567202
4	29.103274144481894	21.85702885102713	20.984510910001415	28.05518609448956
5	29.66087143760523	24.213580383934005	24.23324608735306	21.89230209110771
6	25.55165466914276	28.273777951724426	24.581393623162537	21.593173755970277
7	20.33782390495421	21.121202054551397	39.179071892427295	19.361902148067102
8	22.605030147775466	21.814140072478168	31.83790521507412	23.74292456467225
9	22.316181926130625	20.341054896444994	33.84328544621728	23.4994777312071
10-11	25.051856895363244	27.900585482942823	25.19311995331347	21.85443766838046
12-13	25.619494265732662	21.653374501218927	28.310248782718343	24.416882450330068
14-15	24.517237460484896	23.181580806535948	28.684799442204117	23.61638229077504
16-17	25.18876908048555	23.12327358462757	27.874407717037535	23.813549617849343
18-19	25.269108694128388	23.186208843519008	27.499496139742263	24.045186322610338
20-21	25.07565588479683	23.245455487859772	27.668311559656928	24.010577067686476
22-23	25.337941523550565	23.145437098788083	27.571635484930855	23.944985892730493
24-25	25.21673833283317	23.04694686795983	27.30184869939731	24.434466099809686
26-27	24.974158673828832	23.320072898386957	27.512477889717257	24.193290538066954
28-29	25.169945664686832	23.35403572789577	27.367353334437677	24.10866527297972
30-31	25.13050262571549	23.25725059294806	27.113266826075566	24.49897995526088
32-33	24.925451742391644	23.118569384942205	27.55037034864964	24.40560852401651
34-35	25.401889393206446	23.226837062633983	26.99721490492275	24.37405863923682
36-37	25.546491288985646	23.189191530473693	26.732430936782926	24.531886243757736
38-39	25.29551504573885	23.211950482762592	26.827415945669863	24.6651185258287
40-41	25.81676381756241	23.126952382569304	26.378254480452828	24.678029319415458
42-43	25.665854723381482	22.91082729972024	26.551578296047314	24.871739680850965
44-45	25.574108441862187	23.092107618873886	26.71219213313624	24.621591806127682
46-47	25.8393646485392	23.103600129690143	26.398104296921854	24.658930924848804
48-49	25.84277349478362	22.91226035655288	26.329085623102998	24.915880525560496
50-51	25.54477382466458	23.036977001596355	26.51590620322593	24.90234297051314
52-53	25.838827516922297	23.11549384826415	26.189575139776366	24.85610349503719
54-55	25.88585401844051	22.798613792935523	26.174085230233214	25.141446958390752
56-57	25.673283652152946	22.745678652753178	26.508880245757016	25.072157449336864
58-59	25.741820824658856	22.870765457160854	26.389105726185548	24.99830799199474
60-61	25.994402859935086	22.668763963000234	26.092068534290185	25.24476464277449
62-63	25.797361797243695	22.84774493264733	26.238940426464996	25.115952843643978
64-65	26.104678246068875	22.86988359242965	26.052082955453205	24.97335520604827
66-67	25.94810055478452	22.65099575398643	26.071497757217504	25.329405934011547
68-69	25.880247299883756	22.91174233130407	26.097528591152262	25.11048177765991
70-71	26.13053306873351	22.812794940413912	25.875383235147098	25.181288755705484
72-73	26.051674511491495	22.907351579455053	25.68506814733849	25.355905761714958
74-75	26.07954549942409	22.93550671262425	25.738537786975268	25.246410000976393
76-77	26.210004366347412	22.987680817832075	25.629158511444828	25.173156304375688
78-79	26.157377695065385	22.738942088437504	25.6416306326387	25.46204958385841
80-81	26.040132985163346	22.755991263381013	25.981847496622233	25.22202825483341
82-83	26.325104036057517	22.53324248079121	25.800169668894586	25.341483814256687
84-85	26.259966302213776	22.435557076278318	25.743932258870256	25.560544362637643
86-87	25.966882821857908	22.725443611977784	25.969030340624112	25.338643225540203
88-89	26.11456948416971	22.917280182791295	25.572891373585872	25.395258959453127
90-91	26.178565020531803	22.74696133712982	25.49902796239395	25.575445679944426
92-93	26.142637325329382	22.65637699257601	25.68652577337013	25.51445990872448
94-95	26.372651856461516	22.728862186110028	25.348242800683824	25.550243156744635
96-97	26.365556659638035	22.360856599563512	25.429976681112258	25.843610059686196
98-99	26.682472127517386	19.19115407694823	27.00775743517041	27.118616360363973
100	28.386907292560366	0.0	34.70977956888833	36.90331313855131
>>END_MODULE
>>Per sequence GC content	warn
#GC Content	Count
0	834634.0
1	425630.0
2	12191.0
3	7913.0
4	8774.0
5	10107.5
6	12792.5
7	16467.5
8	22231.5
9	26082.5
10	27534.0
11	26591.5
12	23072.0
13	21955.5
14	21866.5
15	22545.5
16	23577.5
17	24981.0
18	27060.5
19	29988.5
20	34914.5
21	41713.5
22	50861.5
23	62433.0
24	76124.0
25	93026.0
26	120037.0
27	160192.0
28	201059.0
29	238391.5
30	283593.0
31	332990.5
32	398725.5
33	485330.5
34	573968.0
35	674101.0
36	805364.0
37	941511.0
38	1070181.0
39	1198027.0
40	1320811.5
41	1451645.0
42	1582337.5
43	1710753.5
44	1792347.0
45	1836444.5
46	1921805.0
47	1979317.5
48	1981108.5
49	1980413.0
50	1992399.5
51	2005003.5
52	1951913.5
53	1878228.5
54	1858816.5
55	1864099.5
56	1820810.0
57	1729726.5
58	1686452.0
59	1676421.5
60	1639679.0
61	1580444.5
62	1456849.5
63	1303329.0
64	1170227.0
65	1031989.5
66	906819.0
67	805353.5
68	699315.0
69	592145.0
70	502722.5
71	414209.5
72	334471.5
73	277528.0
74	228098.0
75	190153.5
76	169113.0
77	143774.5
78	114230.5
79	98442.0
80	87731.0
81	71819.5
82	59316.0
83	50512.0
84	43432.0
85	37372.5
86	32682.0
87	29733.0
88	26367.5
89	24209.0
90	21836.5
91	17918.0
92	13652.0
93	9961.0
94	7306.5
95	5015.5
96	3294.5
97	2146.0
98	1717.0
99	1203.0
100	466.5
>>END_MODULE
>>Per base N content	pass
#Base	N-Count
1	1.3766688180961173
2	1.4044298946054123
3	1.2902968577175111
4	1.2902968577175111
5	1.2902968577175111
6	1.2902968577175111
7	1.2902968577175111
8	1.2902968577175111
9	1.2902968577175111
10-11	1.2902968577175111
12-13	1.2902968577175111
14-15	1.2902968577175111
16-17	1.2902968577175111
18-19	1.2902968577175111
20-21	1.2902968577175111
22-23	1.2903147559923083
24-25	1.2904247025374913
26-27	1.2906249927554603
28-29	1.2909250019330136
30-31	1.2914167783405375
32-33	1.292231575993211
34-35	1.294927397097193
36-37	0.0
38-39	0.0
40-41	0.0
42-43	0.0
44-45	0.0
46-47	0.0
48-49	0.0
50-51	0.0
52-53	0.0
54-55	0.0
56-57	0.0
58-59	0.0
60-61	0.0
62-63	0.0
64-65	0.0
66-67	2.769780157788317E-5
68-69	2.4248205182492682E-5
70-71	9.532026130333872E-6
72-73	2.9484804637370074E-5
74-75	2.022394872442608E-4
76-77	9.106249582594023E-4
78-79	3.367051761103797E-4
80-81	0.0
82-83	8.817180630892496E-5
84-85	0.0010752616862353503
86-87	0.0038246828875152256
88-89	0.0016604091737439665
90-91	2.2518604142199208E-4
92-93	0.011031465621937245
94-95	0.01417092270988454
96-97	0.016275991099297463
98-99	0.01975697537613752
100	0.0
>>END_MODULE
>>Sequence Length Distribution	warn
#Length	Count
34-35	761414.0
36-37	1520.0
38-39	1919.0
40-41	2414.0
42-43	2901.0
44-45	3412.0
46-47	4143.0
48-49	5050.0
50-51	6122.0
52-53	7450.0
54-55	8959.0
56-57	10816.0
58-59	13667.0
60-61	17042.0
62-63	20048.0
64-65	24764.0
66-67	28855.0
68-69	34312.0
70-71	41479.0
72-73	49471.0
74-75	59312.0
76-77	70872.0
78-79	85300.0
80-81	100124.0
82-83	120426.0
84-85	144347.0
86-87	168043.0
88-89	195772.0
90-91	225487.0
92-93	253853.0
94-95	341642.0
96-97	1407213.0
98-99	1.5634552E7
100-101	3.8812171E7
>>END_MODULE
>>Sequence Duplication Levels	fail
#Total Deduplicated Percentage	30.468988459804315
#Duplication Level	Percentage of deduplicated	Percentage of total
1	70.76731288330897	21.562084395729023
2	13.282988929985853	8.094384728388947
3	5.075330715830941	4.639205790310299
4	2.683743292104863	3.2708377358488123
5	1.7105597638912495	2.6059512852904034
6	1.1587539600679586	2.1183636622237905
7	0.8098410482012333	1.7272526286343446
8	0.5808959086780191	1.4159448590286485
9	0.4577222942909491	1.2551701772291475
>10	2.949292855434156	16.987790819248307
>50	0.2708866808779586	5.758507945944608
>100	0.20975671249014077	13.093177380737506
>500	0.026185516645178913	5.496704763507452
>1k	0.016041944663359124	8.720665417982154
>5k	5.868847201371733E-4	1.1753015257986856
>10k+	1.0060880916637257E-4	2.078656884097806
>>END_MODULE
>>Overrepresented sequences	fail
#Sequence	Count	Percentage	Possible Source
NNNNNNNNNNNNNNNNNNNNNNNNNNNNNNNNNNN	756951	1.2902968577175111	No Hit
AAAAAAAAAAAAAAAAAAAAAAAAAAAAAAAAAAAAAAAAAAAAAAAAAA	144653	0.2465751565945631	No Hit
>>END_MODULE
>>Adapter Content	pass
#Position	Illumina Universal Adapter	Illumina Small RNA 3' Adapter	Illumina Small RNA 5' Adapter	Nextera Transposase Sequence	SOLID Small RNA Adapter
1	0.0	5.1137927992069936E-6	0.0	1.7045975997356647E-6	1.7045975997356647E-6
2	1.7045975997356647E-6	3.238735439497763E-5	0.0	1.0227585598413987E-5	3.4091951994713293E-6
3	1.7045975997356647E-6	4.091034239365595E-5	0.0	1.0227585598413987E-5	3.4091951994713293E-6
4	1.7045975997356647E-6	5.7956318391012596E-5	0.0	1.875057359709231E-5	3.4091951994713293E-6
5	1.7045975997356647E-6	5.7956318391012596E-5	3.4091951994713293E-6	1.875057359709231E-5	3.4091951994713293E-6
6	1.7045975997356647E-6	6.136551359048392E-5	3.4091951994713293E-6	2.0455171196827974E-5	3.4091951994713293E-6
7	1.7045975997356647E-6	8.011608718757624E-5	3.4091951994713293E-6	2.0455171196827974E-5	3.4091951994713293E-6
8	1.7045975997356647E-6	8.011608718757624E-5	3.4091951994713293E-6	2.0455171196827974E-5	3.4091951994713293E-6
9	1.7045975997356647E-6	8.863907518625456E-5	3.4091951994713293E-6	2.215976879656364E-5	3.4091951994713293E-6
10-11	1.7045975997356647E-6	9.630976438506505E-5	3.4091951994713293E-6	2.215976879656364E-5	3.4091951994713293E-6
12-13	1.7045975997356647E-6	1.0738964878334687E-4	3.4091951994713293E-6	2.215976879656364E-5	3.4091951994713293E-6
14-15	1.7045975997356647E-6	1.37220106778721E-4	3.4091951994713293E-6	2.3012067596431473E-5	3.4091951994713293E-6
16-17	1.7045975997356647E-6	1.585275767754168E-4	3.4091951994713293E-6	2.3864366396299304E-5	3.4091951994713293E-6
18-19	2.5568963996034968E-6	1.6619826597422729E-4	5.1137927992069936E-6	2.7273561595770635E-5	3.4091951994713293E-6
20-21	3.4091951994713293E-6	1.6705056477409513E-4	5.1137927992069936E-6	2.8978159195506298E-5	5.1137927992069936E-6
22-23	3.4091951994713293E-6	1.7301665637316997E-4	5.1137927992069936E-6	3.1535055595109796E-5	5.1137927992069936E-6
24-25	3.4091951994713293E-6	1.8750573597092312E-4	5.1137927992069936E-6	3.238735439497763E-5	5.1137927992069936E-6
26-27	3.4091951994713293E-6	1.977333215693371E-4	5.1137927992069936E-6	3.238735439497763E-5	5.1137927992069936E-6
28-29	3.4091951994713293E-6	2.1051780356735457E-4	5.1137927992069936E-6	3.323965319484546E-5	5.1137927992069936E-6
30-31	4.261493999339162E-6	2.190407915660329E-4	5.1137927992069936E-6	3.664884839431679E-5	5.966091599074826E-6
32-33	1.1079884398281819E-5	2.2330228556537206E-4	5.1137927992069936E-6	3.750114719418462E-5	6.818390398942659E-6
34-35	1.3636780797885317E-5	2.3097297476418256E-4	5.1137927992069936E-6	3.750114719418462E-5	6.818390398942659E-6
36-37	1.7045975997356647E-5	2.4631435316180354E-4	5.1137927992069936E-6	3.750114719418462E-5	6.818390398942659E-6
38-39	1.9602872396960143E-5	2.531327435607462E-4	5.1137927992069936E-6	3.750114719418462E-5	8.522987998678324E-6
40-41	3.068275679524197E-5	2.556896399603497E-4	5.1137927992069936E-6	3.9205744793920285E-5	8.522987998678324E-6
42-43	3.920574479392029E-5	2.633603291591602E-4	5.1137927992069936E-6	3.9205744793920285E-5	1.0227585598413987E-5
44-45	5.199022679193777E-5	2.8040630515651683E-4	5.1137927992069936E-6	4.3467238793259454E-5	1.0227585598413987E-5
46-47	6.392240999008743E-5	2.8892929315519516E-4	5.1137927992069936E-6	4.517183639299511E-5	1.0227585598413987E-5
48-49	7.841148958784057E-5	2.9233848835466644E-4	5.1137927992069936E-6	4.6024135192862945E-5	1.0227585598413987E-5
50-51	9.971895958453638E-5	3.0512297035268396E-4	5.1137927992069936E-6	4.687643399273078E-5	1.0227585598413987E-5
52-53	1.26992521180307E-4	3.221689463500406E-4	5.1137927992069936E-6	5.113792799206994E-5	1.0227585598413987E-5
54-55	1.610844731750203E-4	3.332488307483224E-4	5.1137927992069936E-6	5.199022679193778E-5	1.1932183198149652E-5
56-57	1.9858562036920494E-4	3.5029480674567907E-4	5.1137927992069936E-6	5.2842525591805606E-5	1.1932183198149652E-5
58-59	2.4290515796233223E-4	3.6052239234409303E-4	5.1137927992069936E-6	5.454712319154127E-5	1.1932183198149652E-5
60-61	3.110890619517588E-4	3.716022767423749E-4	5.1137927992069936E-6	5.966091599074826E-5	1.2784481998017486E-5
62-63	3.920574479392029E-4	3.886482527397315E-4	5.1137927992069936E-6	6.136551359048392E-5	1.3636780797885317E-5
64-65	4.747304315263826E-4	3.971712407384099E-4	5.1137927992069936E-6	6.136551359048392E-5	1.3636780797885317E-5
66-67	6.068367455058965E-4	4.0398963113735256E-4	5.1137927992069936E-6	6.392240999008743E-5	1.3636780797885317E-5
68-69	7.747396090798596E-4	4.159218143355022E-4	6.818390398942659E-6	6.647930638969092E-5	1.3636780797885317E-5
70-71	9.20482703857259E-4	4.3637698553233015E-4	8.522987998678324E-6	6.818390398942659E-5	1.3636780797885317E-5
72-73	0.0011659447582191946	4.5938905312876163E-4	8.522987998678324E-6	7.15930991888979E-5	1.4489079597753149E-5
74-75	0.0014574309477739934	4.7302583392664694E-4	8.522987998678324E-6	7.500229438836924E-5	1.6193677197488812E-5
76-77	0.0017148251853340785	4.7558273032625043E-4	8.522987998678324E-6	7.500229438836924E-5	1.7045975997356647E-5
78-79	0.0019355705744998472	4.781396267258539E-4	8.522987998678324E-6	7.500229438836924E-5	1.7045975997356647E-5
80-81	0.002119667115271299	4.8325341952506096E-4	8.522987998678324E-6	7.670689198810491E-5	1.7045975997356647E-5
82-83	0.002607182028795699	4.858103159246644E-4	8.522987998678324E-6	7.755919078797274E-5	1.7045975997356647E-5
84-85	0.0029540676403419066	4.875149135244001E-4	8.522987998678324E-6	8.352528238704757E-5	1.7045975997356647E-5
86-87	0.00316117624870979	4.892195111241358E-4	8.522987998678324E-6	8.778677638638673E-5	1.7045975997356647E-5
88-89	0.003181631419906618	4.909241087238715E-4	9.375286798546155E-6	9.290056918559373E-5	1.9602872396960143E-5
>>END_MODULE
