##FastQC	0.11.8
>>Basic Statistics	pass
#Measure	Value
Filename	SRR3184294_2.gz
File type	Conventional base calls
Encoding	Sanger / Illumina 1.9
Total Sequences	47811175
Sequences flagged as poor quality	0
Sequence length	0-100
%GC	49
>>END_MODULE
>>Per base sequence quality	pass
#Base	Mean	Median	Lower Quartile	Upper Quartile	10th Percentile	90th Percentile
1	32.12363811849507	33.0	33.0	33.0	33.0	33.0
2	32.099174328461466	33.0	33.0	33.0	33.0	33.0
3	32.1037934129422	33.0	33.0	33.0	33.0	33.0
4	35.89555472041195	37.0	37.0	37.0	33.0	37.0
5	35.894119054323056	37.0	37.0	37.0	33.0	37.0
6	35.84958622391921	37.0	37.0	37.0	33.0	37.0
7	35.83432280980809	37.0	37.0	37.0	33.0	37.0
8	35.82902438293352	37.0	37.0	37.0	33.0	37.0
9	35.81067575102138	37.0	37.0	37.0	33.0	37.0
10-11	35.841198804898426	37.0	37.0	37.0	33.0	37.0
12-13	35.786409992862495	37.0	37.0	37.0	33.0	37.0
14-15	37.70284387503851	40.0	37.0	40.0	33.0	40.0
16-17	37.66939902346239	40.0	37.0	40.0	33.0	40.0
18-19	37.63617471488811	40.0	37.0	40.0	33.0	40.0
20-21	37.59574545111102	40.0	37.0	40.0	33.0	40.0
22-23	37.5322116518499	40.0	37.0	40.0	33.0	40.0
24-25	37.45549494543476	40.0	37.0	40.0	33.0	40.0
26-27	37.38863391347567	40.0	37.0	40.0	33.0	40.0
28-29	37.31747952832634	40.0	37.0	40.0	33.0	40.0
30-31	37.235871637179294	40.0	37.0	40.0	33.0	40.0
32-33	37.13639560420788	40.0	37.0	40.0	33.0	40.0
34-35	37.04666522091732	40.0	37.0	40.0	33.0	40.0
36-37	36.94114022341556	40.0	37.0	40.0	33.0	40.0
38-39	36.82760928701804	40.0	37.0	40.0	33.0	40.0
40-41	36.70240281819149	40.0	37.0	40.0	33.0	40.0
42-43	36.55555850982	40.0	37.0	40.0	33.0	40.0
44-45	36.405183207838476	40.0	37.0	40.0	33.0	40.0
46-47	36.22988940045582	37.0	37.0	40.0	33.0	40.0
48-49	36.04459326506495	37.0	37.0	40.0	33.0	40.0
50-51	35.4693988444593	37.0	35.0	40.0	30.0	40.0
52-53	35.36653814390789	37.0	35.0	40.0	27.0	40.0
54-55	35.465218112714865	37.0	37.0	40.0	27.0	40.0
56-57	35.38811334589951	37.0	35.0	40.0	27.0	40.0
58-59	35.37887129300495	37.0	37.0	40.0	27.0	40.0
60-61	35.32977143541894	37.0	37.0	40.0	27.0	40.0
62-63	35.154333434955134	37.0	33.0	40.0	27.0	40.0
64-65	34.93185261904473	37.0	33.0	40.0	27.0	40.0
66-67	34.70101359560019	37.0	33.0	37.0	27.0	40.0
68-69	34.465323690865034	37.0	33.0	37.0	27.0	40.0
70-71	34.22908045957221	37.0	33.0	37.0	27.0	40.0
72-73	33.980983587919454	37.0	33.0	37.0	27.0	40.0
74-75	33.758708639982956	37.0	33.0	37.0	27.0	38.5
76-77	33.536290610851964	37.0	33.0	37.0	27.0	37.0
78-79	33.36661457877685	37.0	33.0	37.0	27.0	37.0
80-81	33.266046985879726	37.0	33.0	37.0	27.0	37.0
82-83	33.111372976305525	37.0	33.0	37.0	27.0	37.0
84-85	32.963292004227426	37.0	33.0	37.0	27.0	37.0
86-87	32.82944251478271	37.0	33.0	37.0	27.0	37.0
88-89	32.70290772370456	37.0	33.0	37.0	27.0	37.0
90-91	32.56539928816254	37.0	33.0	37.0	27.0	37.0
92-93	32.43673447065262	37.0	33.0	37.0	27.0	37.0
94-95	32.2875213438798	37.0	33.0	37.0	22.0	37.0
96-97	32.121464922433844	37.0	33.0	37.0	22.0	37.0
98-99	31.94933621089521	37.0	33.0	37.0	22.0	37.0
100	31.115934228009973	33.0	33.0	37.0	15.0	37.0
>>END_MODULE
>>Per sequence quality scores	pass
#Quality	Count
2	268008.0
3	73738.0
4	63692.0
5	60303.0
6	61172.0
7	65567.0
8	70968.0
9	76714.0
10	84088.0
11	87775.0
12	90616.0
13	92543.0
14	93688.0
15	95481.0
16	98300.0
17	100542.0
18	103339.0
19	108858.0
20	117474.0
21	131065.0
22	152763.0
23	184583.0
24	224236.0
25	274226.0
26	334327.0
27	410125.0
28	502349.0
29	625098.0
30	787987.0
31	1018039.0
32	1344628.0
33	1810213.0
34	2476831.0
35	3602782.0
36	6360956.0
37	1.3534957E7
38	1.2154458E7
39	68664.0
>>END_MODULE
>>Per base sequence content	fail
#Base	G	A	T	C
1	23.747873452773945	12.695084046735106	13.656274921966382	49.900767578524565
2	22.810865652721578	18.833060147326346	37.63744705835896	20.71862714159312
3	28.2787331675029	21.908798645201298	23.87778751238625	25.934680674909554
4	28.311601774711765	29.261073323047516	18.88528087144149	23.542044030799232
5	29.70962653390486	30.61251991942647	20.723216597844264	18.954636948824405
6	23.4331518788511	33.54033309948662	20.816330363770767	22.210184657891514
7	20.407788101969633	17.007350775148236	39.22088777712864	23.363973345753486
8	21.097315567562994	20.953798576781473	28.026595152469756	29.922290703185777
9	21.910876185852732	20.562470135696493	30.489400701798715	27.037252976652066
10-11	25.717043248704467	29.476620484249977	20.767301835384533	24.039034431661022
12-13	23.778517857651575	23.394146664576695	27.241195815354075	25.586139662417658
14-15	24.311593237772907	24.667560585362068	26.321239054936946	24.69960712192808
16-17	25.190100697994506	24.95338177826361	25.157838149457532	24.698679374284353
18-19	25.030858329050503	25.258803121455166	24.956910247182485	24.75342830231185
20-21	24.93165474849257	25.334993915058483	25.05042824684656	24.682923089602387
22-23	24.752593775399237	25.45857610606832	25.30224407357399	24.48658604495845
24-25	24.747995102888233	25.549616119092683	25.21171858672385	24.490670191295234
26-27	24.44378056326173	25.533701794711188	25.474099963185658	24.54841767884142
28-29	24.531879673883026	25.225442054066637	25.374409291430446	24.868268980619888
30-31	24.599848548925436	25.52939444997152	25.2343180784049	24.636438922698147
32-33	24.745230985155388	25.368831923062917	25.307017820029603	24.57891927175209
34-35	24.89272164419623	25.36667696147828	25.0285746657074	24.712026728618095
36-37	24.758690348686084	25.305465698132856	25.165351749512823	24.77049220366824
38-39	24.596332444764585	25.448964520065765	25.3881062356238	24.566596799545852
40-41	24.69813137894766	25.338259380698936	25.1522616998332	24.811347540520206
42-43	24.565892872192567	25.26766386979678	25.293976673414555	24.872466584596104
44-45	24.479578790365416	25.49995803807657	25.43667466668148	24.583788504876534
46-47	24.612743724064	25.462042544284426	25.20635276626345	24.718860965388124
48-49	24.62615481843814	25.410428957257526	25.19981059808628	24.763605626218055
50-51	24.642631236254196	25.471223494843827	25.20137548536818	24.684769783533795
52-53	24.73147002636891	25.514971830000803	25.04050595299056	24.713052190639726
54-55	24.4705109622436	25.36664900038123	25.31331224523814	24.849527792137025
56-57	24.446957808030504	25.30775089450265	25.401252636912442	24.844038660554403
58-59	24.67226741861717	25.325863543765838	25.21658787676605	24.785281160850946
60-61	24.42713161325059	25.420281267747463	25.263057393530076	24.889529725471867
62-63	24.586225241639713	25.472114591392568	25.251934608582115	24.689725558385607
64-65	24.71877374704782	25.415660373390565	25.149713316928523	24.715852562633092
66-67	24.455540231911257	25.486096029247463	25.20189067899341	24.856473059847872
68-69	24.625245610135398	25.454790219532047	25.37405125649724	24.545912913835316
70-71	24.794041936242017	25.342401229578453	25.20293980550865	24.660617028670877
72-73	24.612503897919506	25.475241671009314	25.08061002178649	24.831644409284685
74-75	24.72872049427315	25.593134666310558	25.19117805784588	24.486966781570413
76-77	24.786094046638464	25.35730599028765	25.247276971201337	24.609322991872553
78-79	24.725038668371038	25.277233001942985	25.297955910128934	24.699772419557046
80-81	24.6463358846115	25.498776518253223	25.35505004623503	24.499837550900246
82-83	24.786425286283816	25.321211740149774	25.228237762426197	24.664125211140206
84-85	24.681949235253853	25.443187997747735	25.289564512545653	24.585298254452756
86-87	24.582813641478193	25.578235508257276	25.321273131357593	24.517677718906945
88-89	24.802693035702262	25.39060998866202	25.1707653803899	24.635931595245815
90-91	24.549632766545805	25.421893485141634	25.375834042256486	24.652639706056075
92-93	24.617399340438787	25.520006275745338	25.360850640216796	24.501743743599075
94-95	24.82354830219732	25.45432130544338	25.046150252949946	24.675980139409358
96-97	24.807883588335574	25.029451355868847	25.26753098018178	24.895134075613797
98-99	24.03155853792192	24.823703841419857	25.937517938974874	25.207219681683345
100	25.392799230992313	24.046484655464823	25.134403795902266	25.426312317640598
>>END_MODULE
>>Per sequence GC content	warn
#GC Content	Count
0	199.0
1	154.0
2	115.0
3	137.5
4	173.0
5	225.5
6	291.0
7	367.0
8	445.5
9	528.5
10	623.5
11	739.0
12	884.0
13	1106.5
14	1508.0
15	2024.5
16	3008.5
17	4690.0
18	7439.5
19	12357.5
20	22049.0
21	36323.0
22	56230.0
23	80704.5
24	116048.0
25	161049.5
26	214778.5
27	274961.0
28	336331.0
29	408612.0
30	469971.5
31	520372.0
32	590423.5
33	649224.5
34	689675.0
35	764950.0
36	844380.0
37	909127.0
38	969931.0
39	1029228.0
40	1090910.0
41	1145994.5
42	1214179.5
43	1287709.0
44	1332948.5
45	1383726.0
46	1440350.5
47	1448143.5
48	1454165.0
49	1486519.0
50	1528315.5
51	1548479.5
52	1529664.5
53	1473000.5
54	1419387.0
55	1444269.0
56	1505454.5
57	1504814.5
58	1500240.0
59	1499186.5
60	1486090.0
61	1423918.0
62	1263066.5
63	1055045.0
64	865697.0
65	738120.0
66	647586.0
67	576334.5
68	501907.0
69	421278.5
70	330226.5
71	246713.0
72	194836.5
73	157178.0
74	123846.0
75	99626.0
76	81840.0
77	69674.5
78	57206.0
79	45296.0
80	34988.0
81	25948.0
82	18156.0
83	12475.5
84	8177.0
85	5882.0
86	4529.5
87	3328.5
88	2385.0
89	1821.0
90	1484.5
91	1261.5
92	1077.0
93	873.5
94	703.5
95	611.0
96	536.0
97	455.0
98	389.0
99	363.5
100	451.0
>>END_MODULE
>>Per base N content	pass
#Base	N-Count
1	0.001401346669050211
2	1.464093841052911E-5
3	0.0
4	0.0
5	1.464105998262399E-5
6	0.0
7	0.0
8	0.0
9	5.270835502934026E-4
10-11	1.882459264444311E-5
12-13	0.0
14-15	0.0
16-17	4.0579026309819585E-4
18-19	0.0
20-21	0.0
22-23	0.0
24-25	3.1377259299945103E-6
26-27	0.0
28-29	0.0
30-31	0.0
32-33	0.0
34-35	0.0
36-37	0.0
38-39	0.0
40-41	0.0
42-43	0.0
44-45	0.0
46-47	0.0
48-49	7.427110287336485E-5
50-51	1.0460887453153008E-6
52-53	3.7136813600928035E-4
54-55	5.230631789078916E-6
56-57	1.8621434101292087E-4
58-59	0.002688663603522091
60-61	5.2309961336765996E-6
62-63	1.0462291959024517E-6
64-65	8.91413658813431E-4
66-67	0.0
68-69	1.6218079641045977E-4
70-71	3.7669355536656005E-5
72-73	0.0
74-75	0.0
76-77	3.1396098473821004E-4
78-79	3.1398247150988466E-4
80-81	0.0071552457423932755
82-83	0.005288530643627683
84-85	6.2294966456778E-4
86-87	3.790732546917593E-4
88-89	5.236988717242976E-6
90-91	4.190935018033331E-5
92-93	3.4275816615827873E-4
94-95	0.0
96-97	1.1580617415353582E-5
98-99	2.9062947286831788E-5
100	8.331378222225112E-4
>>END_MODULE
>>Sequence Length Distribution	fail
#Length	Count
0-1	32.0
2-3	337.0
4-5	285.0
6-7	154.0
8-9	449.0
10-11	500.0
12-13	647.0
14-15	647.0
16-17	773.0
18-19	669.0
20-21	571.0
22-23	635.0
24-25	571.0
26-27	619.0
28-29	600.0
30-31	543.0
32-33	584.0
34-35	608.0
36-37	597.0
38-39	599.0
40-41	667.0
42-43	619.0
44-45	734.0
46-47	689.0
48-49	735.0
50-51	863.0
52-53	841.0
54-55	958.0
56-57	1097.0
58-59	1180.0
60-61	1344.0
62-63	1416.0
64-65	1420.0
66-67	1557.0
68-69	1897.0
70-71	2249.0
72-73	2427.0
74-75	2713.0
76-77	3079.0
78-79	3930.0
80-81	5081.0
82-83	6610.0
84-85	8185.0
86-87	10089.0
88-89	13567.0
90-91	19771.0
92-93	25939.0
94-95	79402.0
96-97	1150798.0
98-99	0.0
100-101	4.6450898E7
>>END_MODULE
>>Sequence Duplication Levels	fail
#Total Deduplicated Percentage	38.160929873919095
#Duplication Level	Percentage of deduplicated	Percentage of total
1	74.25823401908721	28.337632609634607
2	12.548193225670671	9.577014434584102
3	4.755998592744985	5.444799863345978
4	2.3351987504659366	3.564534230327764
5	1.3438999190291256	2.5642235283818007
6	0.9103725152576826	2.084439702833506
7	0.6082977869183914	1.6249246432337043
8	0.4635711016725856	1.4152243442002366
9	0.3282166603821834	1.1272547664266779
>10	2.042604142001986	14.820386216834297
>50	0.21287074547879245	5.6721621905021165
>100	0.16675064186843117	12.644730329545634
>500	0.01685381134349299	4.391023093307381
>1k	0.008626158449896481	5.836893422376955
>5k	2.6267758172625176E-4	0.63874939886695
>10k+	4.92520465736722E-5	0.25600722559855016
>>END_MODULE
>>Overrepresented sequences	pass
>>END_MODULE
>>Adapter Content	pass
#Position	Illumina Universal Adapter	Illumina Small RNA 3' Adapter	Illumina Small RNA 5' Adapter	Nextera Transposase Sequence	SOLID Small RNA Adapter
1	2.091561230193569E-6	1.4640928611354982E-5	0.0	6.2746836905807065E-6	2.091561230193569E-6
2	2.091561230193569E-6	5.228903075483922E-5	0.0	5.647215321522636E-5	2.091561230193569E-6
3	2.091561230193569E-6	5.228903075483922E-5	0.0	6.483839813600063E-5	2.091561230193569E-6
4	6.2746836905807065E-6	5.228903075483922E-5	0.0	6.902152059638776E-5	6.2746836905807065E-6
5	6.2746836905807065E-6	5.438059198503279E-5	0.0	6.902152059638776E-5	6.2746836905807065E-6
6	8.366244920774275E-6	6.0655275675613496E-5	0.0	7.111308182658134E-5	6.2746836905807065E-6
7	8.366244920774275E-6	9.202869412851703E-5	0.0	7.738776551716204E-5	6.2746836905807065E-6
8	8.366244920774275E-6	9.412025535871059E-5	0.0	7.738776551716204E-5	6.2746836905807065E-6
9	8.366244920774275E-6	1.0248650027948487E-4	0.0	8.157088797754918E-5	6.2746836905807065E-6
10-11	1.5686709226451766E-5	1.1503586766064628E-4	0.0	8.157088797754918E-5	6.2746836905807065E-6
12-13	2.1961392917032473E-5	1.2131055135122699E-4	0.0	8.157088797754918E-5	6.2746836905807065E-6
14-15	3.451076029819389E-5	1.2967679627200125E-4	1.0457806150967844E-6	8.784557166812988E-5	6.2746836905807065E-6
16-17	3.973966337367781E-5	1.3595147996258198E-4	2.091561230193569E-6	9.830337781909773E-5	6.2746836905807065E-6
18-19	5.856371444541993E-5	1.5268396980413053E-4	2.091561230193569E-6	1.0980696458516237E-4	9.41202553587106E-6
20-21	7.738776551716205E-5	1.6418755657019514E-4	2.091561230193569E-6	1.202647707361302E-4	1.0457806150967844E-5
22-23	9.098291351342024E-5	1.7255380149096942E-4	2.091561230193569E-6	1.2131055135122699E-4	1.0457806150967844E-5
24-25	1.1189852581535593E-4	1.735995821060662E-4	2.091561230193569E-6	1.349056993474852E-4	1.2549367381161413E-5
26-27	1.2967679627200125E-4	1.798742657966469E-4	2.091561230193569E-6	1.4431772488335623E-4	1.2549367381161413E-5
28-29	1.4536350549845302E-4	1.8614894948722763E-4	2.091561230193569E-6	1.5059240857393696E-4	1.2549367381161413E-5
30-31	1.683706790305823E-4	1.9242363317780833E-4	2.091561230193569E-6	1.5268396980413053E-4	1.2549367381161413E-5
32-33	1.9974409748348582E-4	1.9660675563819546E-4	2.091561230193569E-6	1.5895865349471123E-4	1.2549367381161413E-5
34-35	2.353006383967765E-4	1.9869831686838903E-4	2.091561230193569E-6	1.5895865349471123E-4	1.2549367381161413E-5
36-37	2.530789088534218E-4	2.1124768424955046E-4	2.091561230193569E-6	1.5895865349471123E-4	1.4640928611354982E-5
38-39	2.7190295992516396E-4	2.1229346486464722E-4	2.091561230193569E-6	1.6209599534000157E-4	1.4640928611354982E-5
40-41	2.8340654669122857E-4	2.1647658732503437E-4	2.091561230193569E-6	1.6418755657019514E-4	1.673248984154855E-5
42-43	3.0850528145355137E-4	2.2379705163071186E-4	2.091561230193569E-6	1.7778270456645336E-4	1.882405107174212E-5
44-45	3.3255823560077744E-4	2.353006383967765E-4	2.091561230193569E-6	1.7882848518155012E-4	2.0915612301935688E-5
46-47	3.618400928234874E-4	2.457584445477443E-4	2.091561230193569E-6	1.8405738825703406E-4	2.0915612301935688E-5
48-49	3.8903038881600376E-4	2.593535925440025E-4	2.091561230193569E-6	1.8824051071742118E-4	2.0915612301935688E-5
50-51	3.9739663373677806E-4	2.7085717931006717E-4	2.091561230193569E-6	1.9556097502309867E-4	2.0915612301935688E-5
52-53	4.3190739403497195E-4	2.9700169468748676E-4	2.091561230193569E-6	2.0288143932877618E-4	2.3007173532129257E-5
54-55	4.5491456756710123E-4	3.147799651441321E-4	2.091561230193569E-6	2.0601878117406652E-4	2.3007173532129257E-5
56-57	4.622350318727787E-4	3.273293325252935E-4	2.091561230193569E-6	2.13339245479744E-4	2.3007173532129257E-5
58-59	4.883795472501983E-4	3.367413580611646E-4	2.091561230193569E-6	2.2379705163071186E-4	2.7190295992516395E-5
60-61	5.124325013974244E-4	3.461533835970356E-4	2.091561230193569E-6	2.614451537741961E-4	2.7190295992516395E-5
62-63	5.354396749295536E-4	3.587027509781971E-4	2.091561230193569E-6	2.677198374647768E-4	2.9281857222709964E-5
64-65	5.615841903069733E-4	3.618400928234874E-4	2.091561230193569E-6	2.8340654669122857E-4	2.9281857222709964E-5
66-67	5.940033893749735E-4	3.712521183593585E-4	2.091561230193569E-6	2.938643528421964E-4	3.137341845290353E-5
68-69	6.295599302882642E-4	3.806641438952295E-4	2.091561230193569E-6	3.095510620686482E-4	3.137341845290353E-5
70-71	6.619791293562645E-4	3.921677306612942E-4	2.091561230193569E-6	3.2000886821961604E-4	3.34649796830971E-5
72-73	6.818489610431035E-4	4.151749041934234E-4	2.091561230193569E-6	3.34649796830971E-4	3.34649796830971E-5
74-75	7.03810353960136E-4	4.3190739403497195E-4	2.091561230193569E-6	3.503365060574228E-4	3.34649796830971E-5
76-77	7.257717468771683E-4	4.4341098080103656E-4	2.091561230193569E-6	3.670689958989713E-4	3.34649796830971E-5
78-79	7.445957979489105E-4	4.4550254203123014E-4	2.091561230193569E-6	3.691605571291649E-4	3.660232152838745E-5
80-81	7.56099384714975E-4	4.486398838765205E-4	2.091561230193569E-6	3.8484726635561666E-4	3.869388275858103E-5
82-83	7.937474868584594E-4	4.570061287972948E-4	2.091561230193569E-6	3.900761694311006E-4	3.973966337367781E-5
84-85	8.230293440811692E-4	4.8524220540490797E-4	2.091561230193569E-6	4.068086592726491E-4	4.3922785834064945E-5
86-87	8.408076145378147E-4	5.072035983219405E-4	2.091561230193569E-6	4.8628798602000475E-4	4.3922785834064945E-5
88-89	8.418533951529115E-4	5.134782820125211E-4	3.1373418452903532E-6	5.228903075483922E-4	4.70601276793553E-5
>>END_MODULE
