##FastQC	0.11.8
>>Basic Statistics	pass
#Measure	Value
Filename	SRR3184280_1.gz
File type	Conventional base calls
Encoding	Sanger / Illumina 1.9
Total Sequences	49985329
Sequences flagged as poor quality	0
Sequence length	0-100
%GC	49
>>END_MODULE
>>Per base sequence quality	pass
#Base	Mean	Median	Lower Quartile	Upper Quartile	10th Percentile	90th Percentile
1	32.480443123960825	33.0	33.0	33.0	33.0	33.0
2	32.53984306010861	33.0	33.0	33.0	33.0	33.0
3	31.833509657163372	33.0	33.0	33.0	27.0	33.0
4	36.084904367845674	37.0	37.0	37.0	33.0	37.0
5	36.37022213159435	37.0	37.0	37.0	37.0	37.0
6	36.416389953030176	37.0	37.0	37.0	37.0	37.0
7	36.41585335003382	37.0	37.0	37.0	37.0	37.0
8	36.41504438196097	37.0	37.0	37.0	37.0	37.0
9	36.412949936887486	37.0	37.0	37.0	37.0	37.0
10-11	36.42960157286906	37.0	37.0	37.0	37.0	37.0
12-13	36.39906970959417	37.0	37.0	37.0	37.0	37.0
14-15	38.44747029885113	40.0	37.0	40.0	37.0	40.0
16-17	38.44183532679267	40.0	37.0	40.0	37.0	40.0
18-19	38.42318497763064	40.0	37.0	40.0	37.0	40.0
20-21	38.390493627161945	40.0	37.0	40.0	37.0	40.0
22-23	38.34161809391259	40.0	37.0	40.0	37.0	40.0
24-25	38.300381484276656	40.0	37.0	40.0	37.0	40.0
26-27	38.21166765766358	40.0	37.0	40.0	37.0	40.0
28-29	38.130136208334406	40.0	37.0	40.0	33.0	40.0
30-31	38.03944159933316	40.0	37.0	40.0	33.0	40.0
32-33	37.97406846983791	40.0	37.0	40.0	33.0	40.0
34-35	37.89100892377424	40.0	37.0	40.0	33.0	40.0
36-37	37.80743264660505	40.0	37.0	40.0	33.0	40.0
38-39	37.71835629912714	40.0	37.0	40.0	33.0	40.0
40-41	37.60538457849543	40.0	37.0	40.0	33.0	40.0
42-43	37.63351414955333	40.0	37.0	40.0	33.0	40.0
44-45	37.56124997823834	40.0	37.0	40.0	33.0	40.0
46-47	37.425279462012895	40.0	37.0	40.0	33.0	40.0
48-49	37.30170385733081	40.0	37.0	40.0	33.0	40.0
50-51	37.177587451022156	40.0	37.0	40.0	33.0	40.0
52-53	37.095428544481976	37.0	37.0	40.0	33.0	40.0
54-55	36.94261330235302	37.0	37.0	40.0	33.0	40.0
56-57	36.7417242950592	37.0	37.0	40.0	33.0	40.0
58-59	36.622135112972245	37.0	37.0	40.0	33.0	40.0
60-61	36.43879063837099	37.0	37.0	40.0	33.0	40.0
62-63	36.2204849840957	37.0	37.0	40.0	33.0	40.0
64-65	35.99417095170526	37.0	37.0	40.0	33.0	40.0
66-67	35.75869943348248	37.0	37.0	38.5	33.0	40.0
68-69	35.52397370503182	37.0	35.0	37.0	33.0	40.0
70-71	35.296828676974854	37.0	33.0	37.0	33.0	40.0
72-73	35.06556119322954	37.0	33.0	37.0	33.0	40.0
74-75	34.844417604490985	37.0	33.0	37.0	33.0	37.0
76-77	34.08873570226278	37.0	33.0	37.0	27.0	37.0
78-79	34.475534929035376	37.0	33.0	37.0	27.0	37.0
80-81	34.44370201326255	37.0	33.0	37.0	27.0	37.0
82-83	34.330436559524955	37.0	33.0	37.0	27.0	37.0
84-85	34.21034807606127	37.0	33.0	37.0	27.0	37.0
86-87	34.07665328492888	37.0	33.0	37.0	27.0	37.0
88-89	33.98618756513434	37.0	33.0	37.0	27.0	37.0
90-91	33.87465712721709	37.0	33.0	37.0	27.0	37.0
92-93	33.763266462459356	37.0	33.0	37.0	27.0	37.0
94-95	33.639124163301304	37.0	33.0	37.0	27.0	37.0
96-97	33.5164725853954	37.0	33.0	37.0	27.0	37.0
98-99	33.35554059745188	37.0	33.0	37.0	27.0	37.0
100	32.42894975222377	33.0	33.0	37.0	27.0	37.0
>>END_MODULE
>>Per sequence quality scores	pass
#Quality	Count
2	165.0
3	93.0
4	168.0
5	408.0
6	1040.0
7	2811.0
8	6707.0
9	12519.0
10	18688.0
11	23720.0
12	28202.0
13	32119.0
14	36723.0
15	41229.0
16	46961.0
17	52561.0
18	59131.0
19	65687.0
20	73959.0
21	85313.0
22	101851.0
23	127818.0
24	164402.0
25	214557.0
26	280129.0
27	364029.0
28	468966.0
29	604517.0
30	773705.0
31	1000572.0
32	1311548.0
33	1753387.0
34	2386585.0
35	3457987.0
36	6289987.0
37	1.5517062E7
38	1.4529951E7
39	47777.0
>>END_MODULE
>>Per base sequence content	fail
#Base	G	A	T	C
1	19.961215915996146	13.976125132716803	14.170972683056274	51.89168626823077
2	20.7428348175326	20.19430983633701	37.2618578220944	21.800997524035992
3	25.104308232507645	23.25185876566084	24.469101587127305	27.174731414704212
4	25.19716959297954	30.154349279121558	20.179694625014847	24.468786502884058
5	29.44464160362452	30.616247304488997	21.442984852959775	18.496126238926703
6	23.244213562532146	33.67223151047792	21.2310918461724	21.852463080817536
7	20.29725881623546	16.933864118921452	39.900848637515075	22.868028427328017
8	21.26391072805079	20.97432797626517	28.21513522745025	29.546626068233795
9	21.595412018609895	20.38815021700785	30.99573839221017	27.020699372172086
10-11	25.646176873448656	29.018604536700277	21.050350914610842	24.28486767524022
12-13	23.501750568662832	23.37569661978559	27.434488916233057	25.688063895318518
14-15	24.358234003139533	24.653380414567337	26.273997071435307	24.714388510857827
16-17	25.17330323399694	24.787327345419786	25.224900409947193	24.81446901063608
18-19	24.859232574145295	25.062083252455515	25.154907746861	24.92377642653819
20-21	24.847800962962705	25.30758229457946	25.313187883296383	24.53142885916145
22-23	24.650630494388928	25.373587082096982	25.458077470192304	24.517704953321786
24-25	24.512862916239463	25.386322501132508	25.414168196202258	24.686646386425775
26-27	24.44906113262787	25.505516917477728	25.490083119396907	24.555338830497497
28-29	24.691933298688014	25.099382850569846	25.40520863837713	24.80347521236501
30-31	24.34936253179957	25.343147109663267	25.49769346587103	24.80979689266613
32-33	24.48764745827888	25.342145771069575	25.540882178368907	24.629324592282643
34-35	24.845264624847314	25.261489036067232	25.163583485821412	24.729662853264045
36-37	24.693362279450277	25.276189846688418	25.226037229103298	24.804410644758004
38-39	24.5319505506573	25.348136264155407	25.46402909623002	24.655884088957265
40-41	24.62738055398809	25.151656887738955	25.414505979498646	24.806456578774306
42-43	24.421603815853114	25.187880731366043	25.605053927509648	24.785461525271195
44-45	24.48938454055971	25.406093578527933	25.598751168800522	24.505770712111836
46-47	24.611574893852744	25.294095338806667	25.385700379760618	24.70862938757997
48-49	24.52121235093669	25.32492197795888	25.409031462400716	24.744834208703715
50-51	24.667927691860488	25.269296396754047	25.483846929303855	24.57892898208161
52-53	24.62872192193774	25.309355369402613	25.32095318122475	24.7409695274349
54-55	24.446175416419788	25.337852584498044	25.418740388994365	24.7972316100878
56-57	24.52929927179994	25.311975909857786	25.54144762794513	24.61727719039714
58-59	24.613335293485108	25.265857677069032	25.42884416378069	24.69196286566517
60-61	24.455753031903896	25.361636156841556	25.54793626240451	24.634674548850043
62-63	24.474164753180787	25.383545994285335	25.567634340999707	24.574654911534175
64-65	24.562838732485147	25.29957386571045	25.505457824923006	24.632129576881397
66-67	24.44915736878107	25.431503448517716	25.406811237201985	24.71252794549923
68-69	24.550615117931095	25.49985341002178	25.42626066705691	24.52327080499021
70-71	24.59790372869739	25.41039251890452	25.380400317717562	24.611303434680536
72-73	24.474227506824075	25.44952070699041	25.471635801871372	24.604615984314147
74-75	24.581177039905324	25.58383515402391	25.410991022965497	24.42399678310527
76-77	24.66206175504856	25.42214634422616	25.40472805186805	24.51106384885723
78-79	24.527926588870688	25.25144481011553	25.5890526778589	24.63157592315488
80-81	24.646792685571718	25.460969007496004	25.5406004557382	24.351637851194077
82-83	24.666002711926122	25.38674342414383	25.449023972714862	24.498229891215185
84-85	24.51504275021359	25.397468945910358	25.501261703896915	24.58622659997914
86-87	24.458023428019533	25.57895220069284	25.480879958674464	24.482144412613167
88-89	24.589933858702054	25.468145245648056	25.318588209058895	24.623332686591
90-91	24.479309576999192	25.510285285905827	25.330695354808363	24.679709782286622
92-93	24.44731783565615	25.533027338584247	25.573262076367243	24.446392749392356
94-95	24.66027179660144	25.540537525468366	25.26710140231251	24.53208927561769
96-97	24.522110667308823	25.24180303590491	25.48617607443706	24.749910222349207
98-99	23.93909350083513	24.882598557304753	26.11764193727187	25.060666004588246
100	25.158471325568904	24.008710514768516	25.48831514349929	25.344503016163287
>>END_MODULE
>>Per sequence GC content	pass
#GC Content	Count
0	77.0
1	77.0
2	76.0
3	76.5
4	78.5
5	82.5
6	98.0
7	120.0
8	141.5
9	169.0
10	193.5
11	252.5
12	336.0
13	445.0
14	624.0
15	912.0
16	1534.0
17	2575.5
18	4498.5
19	7777.5
20	12924.0
21	20718.5
22	32785.5
23	49358.0
24	71812.0
25	101625.0
26	136518.5
27	176123.5
28	226806.5
29	282567.0
30	337490.5
31	392315.5
32	456616.5
33	529973.5
34	600044.0
35	685630.5
36	784373.0
37	901279.5
38	1021076.0
39	1125681.5
40	1224586.5
41	1351429.0
42	1534551.0
43	1680032.5
44	1771664.5
45	1864078.0
46	1902700.0
47	1861673.0
48	1835012.0
49	1809823.5
50	1785712.0
51	1806548.5
52	1808570.5
53	1763354.5
54	1697170.5
55	1655603.5
56	1580839.5
57	1453940.5
58	1363501.5
59	1299435.5
60	1218786.5
61	1119868.5
62	1005528.5
63	914690.5
64	826713.5
65	718853.0
66	614425.5
67	520794.0
68	437793.0
69	359866.5
70	289640.5
71	230249.5
72	187974.5
73	152677.5
74	122376.0
75	99972.5
76	80413.5
77	62731.0
78	47065.0
79	33381.0
80	22242.5
81	13546.0
82	8034.0
83	4774.0
84	2762.5
85	1799.0
86	1381.0
87	1124.5
88	894.5
89	751.0
90	642.5
91	560.0
92	518.0
93	472.0
94	428.0
95	389.5
96	362.5
97	345.5
98	335.0
99	332.5
100	332.0
>>END_MODULE
>>Per base N content	pass
#Base	N-Count
1	0.08801386486462585
2	4.00136382484606E-6
3	4.261462107649134E-4
4	0.0
5	0.0
6	0.0
7	0.0
8	0.0
9	0.0
10-11	0.0
12-13	0.0
14-15	0.0
16-17	0.0
18-19	0.0
20-21	0.0
22-23	0.0
24-25	0.0
26-27	0.0
28-29	0.0
30-31	1.2006396647942125E-5
32-33	0.00196507287083529
34-35	0.002014122813044588
36-37	2.501426713740449E-5
38-39	2.6315333155169524E-4
40-41	2.951755408941698E-4
42-43	1.9812032838144246E-4
44-45	1.1607191583761468E-4
46-47	1.3508540774904933E-4
48-49	2.1814083172095905E-4
50-51	3.202111312093629E-5
52-53	0.0
54-55	0.0
56-57	0.0018983431917087255
58-59	0.0031332758235616855
60-61	0.0011258400568167945
62-63	0.0
64-65	0.0
66-67	2.702204539529484E-4
68-69	0.0010048466134172024
70-71	0.0
72-73	0.0
74-75	0.0
76-77	0.0
78-79	0.0
80-81	0.0
82-83	0.0
84-85	0.003707855362440008
86-87	6.279067664404843E-4
88-89	1.3922418992855817E-4
90-91	0.0
92-93	3.7785070819846634E-4
94-95	2.206083783432084E-5
96-97	1.1076511222801727E-5
98-99	0.0
100	0.0
>>END_MODULE
>>Sequence Length Distribution	fail
#Length	Count
0-1	2371.0
2-3	606.0
4-5	476.0
6-7	308.0
8-9	598.0
10-11	590.0
12-13	737.0
14-15	900.0
16-17	896.0
18-19	746.0
20-21	824.0
22-23	696.0
24-25	667.0
26-27	685.0
28-29	704.0
30-31	691.0
32-33	549.0
34-35	634.0
36-37	638.0
38-39	602.0
40-41	618.0
42-43	625.0
44-45	614.0
46-47	667.0
48-49	686.0
50-51	691.0
52-53	807.0
54-55	846.0
56-57	944.0
58-59	976.0
60-61	1036.0
62-63	1173.0
64-65	1227.0
66-67	1270.0
68-69	1502.0
70-71	1696.0
72-73	1984.0
74-75	2105.0
76-77	2477.0
78-79	3064.0
80-81	4005.0
82-83	5285.0
84-85	6497.0
86-87	7718.0
88-89	11662.0
90-91	18114.0
92-93	21182.0
94-95	89286.0
96-97	1289916.0
98-99	0.0
100-101	4.8491738E7
>>END_MODULE
>>Sequence Duplication Levels	fail
#Total Deduplicated Percentage	35.415330438266565
#Duplication Level	Percentage of deduplicated	Percentage of total
1	71.02222717218794	25.152756437646694
2	14.003814777897825	9.918994555110636
3	5.325603393041129	5.658240118431154
4	2.6358184782836647	3.733935295348197
5	1.55004566193281	2.7447689655876046
6	1.0316470647395608	2.192167301605159
7	0.6837358352553212	1.6950311376635971
8	0.507015895902517	1.4364908392673121
9	0.3982555469084011	1.2693916613370235
>10	2.3664878531226656	15.962333405769286
>50	0.2485098287925397	6.149762180923511
>100	0.1996080048021548	14.012948470560977
>500	0.01864948015135665	4.521761767962679
>1k	0.008359722925729975	5.0396375289578375
>5k	2.2128405650270787E-4	0.5117803338285608
>10k+	0.0	0.0
>>END_MODULE
>>Overrepresented sequences	pass
>>END_MODULE
>>Adapter Content	pass
#Position	Illumina Universal Adapter	Illumina Small RNA 3' Adapter	Illumina Small RNA 5' Adapter	Nextera Transposase Sequence	SOLID Small RNA Adapter
1	0.0	1.6004696097929055E-5	0.0	1.0002935061205658E-5	0.0
2	0.0	5.601643634275169E-5	0.0	5.601643634275169E-5	0.0
3	0.0	6.401878439171622E-5	0.0	6.001761036723395E-5	0.0
4	4.001174024482264E-6	6.801995841619848E-5	0.0	7.6022306465163E-5	0.0
5	4.001174024482264E-6	7.202113244068074E-5	0.0	8.002348048964527E-5	0.0
6	4.001174024482264E-6	7.402171945292188E-5	0.0	8.002348048964527E-5	0.0
7	4.001174024482264E-6	1.0803169866102112E-4	0.0	8.402465451412754E-5	0.0
8	4.001174024482264E-6	1.0803169866102112E-4	0.0	8.602524152636867E-5	0.0
9	4.001174024482264E-6	1.1003228567326225E-4	0.0	8.80258285386098E-5	0.0
10-11	6.001761036723395E-6	1.1503375320386508E-4	0.0	9.002641555085093E-5	3.0008805183616977E-6
12-13	7.0020545428439615E-6	1.260369817711913E-4	1.000293506120566E-6	9.302729606921263E-5	4.001174024482264E-6
14-15	9.002641555085093E-6	1.4804343890584374E-4	2.000587012241132E-6	9.802876359981546E-5	4.001174024482264E-6
16-17	1.0002935061205658E-5	1.6704901552213453E-4	2.000587012241132E-6	1.0903199216714168E-4	8.002348048964528E-6
18-19	1.0002935061205658E-5	1.6804930902825508E-4	2.000587012241132E-6	1.1903492722834734E-4	1.0002935061205658E-5
20-21	1.5004402591808488E-5	1.8505429863230468E-4	2.000587012241132E-6	1.230361012528296E-4	1.4004109085687923E-5
22-23	2.200645713465245E-5	2.0305958174247487E-4	2.000587012241132E-6	1.29037862289553E-4	1.500440259180849E-5
24-25	2.8008218171375846E-5	2.1206222329755997E-4	2.000587012241132E-6	1.4204167786912035E-4	1.6004696097929055E-5
26-27	2.8008218171375846E-5	2.1806398433428336E-4	2.000587012241132E-6	1.4804343890584374E-4	1.6004696097929055E-5
28-29	2.900851167749641E-5	2.3006750640773015E-4	2.000587012241132E-6	1.52044612930326E-4	2.000587012241132E-5
30-31	3.501027271421981E-5	2.3506897393833298E-4	2.000587012241132E-6	1.5404519994256715E-4	2.400704414689358E-5
32-33	3.80111532325815E-5	2.490730830240209E-4	2.000587012241132E-6	1.5604578695480829E-4	2.6007631159134712E-5
34-35	4.001174024482264E-5	2.640774856158294E-4	2.000587012241132E-6	1.5804637396704942E-4	2.6007631159134712E-5
36-37	4.40129142693049E-5	2.8608394275048187E-4	2.000587012241132E-6	1.6004696097929056E-4	2.6007631159134712E-5
38-39	4.801408829378716E-5	3.000880518361698E-4	2.000587012241132E-6	1.6304784149765225E-4	2.8008218171375846E-5
40-41	4.801408829378716E-5	3.060898128728932E-4	2.000587012241132E-6	1.640481350037728E-4	2.8008218171375846E-5
42-43	4.801408829378716E-5	3.11091280403496E-4	2.000587012241132E-6	1.6804930902825508E-4	2.8008218171375846E-5
44-45	4.901438179990773E-5	3.220945089708222E-4	2.000587012241132E-6	1.7405107006497847E-4	2.8008218171375846E-5
46-47	5.001467530602829E-5	3.421003790932335E-4	2.000587012241132E-6	1.760516570772196E-4	2.900851167749641E-5
48-49	5.001467530602829E-5	3.64106836227886E-4	2.000587012241132E-6	1.8305371162006357E-4	3.100909868973754E-5
50-51	5.2015262318269424E-5	3.8211211933805614E-4	2.000587012241132E-6	1.9105605966902807E-4	3.901144673870207E-5
52-53	5.501614283663113E-5	4.141215115339143E-4	2.000587012241132E-6	1.940569401873898E-4	4.601350128154603E-5
54-55	5.801702335499282E-5	4.521326647664958E-4	2.000587012241132E-6	1.9705782070575148E-4	5.001467530602829E-5
56-57	6.001761036723395E-5	4.7113824138278655E-4	2.000587012241132E-6	2.0405987524859545E-4	5.2015262318269424E-5
58-59	6.001761036723395E-5	4.941449920235596E-4	2.000587012241132E-6	2.110619297914394E-4	5.2015262318269424E-5
60-61	6.201819737947508E-5	5.021473400725241E-4	2.000587012241132E-6	2.340686804322124E-4	5.2015262318269424E-5
62-63	6.902025192231904E-5	5.351570257745027E-4	2.000587012241132E-6	2.470724960117798E-4	5.301555582438999E-5
64-65	7.802289347740414E-5	5.471605478479496E-4	2.000587012241132E-6	2.6007631159134716E-4	5.501614283663113E-5
66-67	8.20240675018864E-5	5.581637764152758E-4	2.000587012241132E-6	2.640774856158294E-4	5.801702335499282E-5
68-69	8.402465451412753E-5	5.681667114764814E-4	2.000587012241132E-6	2.750807141831556E-4	6.001761036723395E-5
70-71	9.402758957533319E-5	5.911734621172544E-4	2.000587012241132E-6	2.900851167749641E-4	6.201819737947508E-5
72-73	1.0002935061205659E-4	6.141802127580274E-4	2.000587012241132E-6	3.000880518361698E-4	6.701966491007791E-5
74-75	1.0503081814265943E-4	6.281843218437154E-4	2.000587012241132E-6	3.020886388484109E-4	7.00205454284396E-5
76-77	1.1303316619162395E-4	6.451893114477649E-4	3.0008805183616977E-6	3.0308893235453144E-4	7.00205454284396E-5
78-79	1.1503375320386508E-4	6.511910724844884E-4	4.001174024482264E-6	3.04089225860652E-4	7.102083893456018E-5
80-81	1.170343402161062E-4	6.651951815701764E-4	4.001174024482264E-6	3.140921609218577E-4	7.90231869835247E-5
82-83	1.2203580774670904E-4	6.781989971497437E-4	4.001174024482264E-6	3.220945089708222E-4	8.002348048964527E-5
84-85	1.2403639475895017E-4	6.992051607782755E-4	4.001174024482264E-6	3.4110008558711297E-4	8.002348048964527E-5
86-87	1.2803756878343244E-4	7.14209563370084E-4	6.001761036723395E-6	3.781109453135739E-4	8.002348048964527E-5
88-89	1.29037862289553E-4	7.232122049251692E-4	7.0020545428439615E-6	3.9711652192986465E-4	8.402465451412753E-5
>>END_MODULE
