##FastQC	0.11.8
>>Basic Statistics	pass
#Measure	Value
Filename	SRR3184288_1.gz
File type	Conventional base calls
Encoding	Sanger / Illumina 1.9
Total Sequences	66465617
Sequences flagged as poor quality	0
Sequence length	0-100
%GC	50
>>END_MODULE
>>Per base sequence quality	pass
#Base	Mean	Median	Lower Quartile	Upper Quartile	10th Percentile	90th Percentile
1	32.48611062922423	33.0	33.0	33.0	33.0	33.0
2	32.523460318825435	33.0	33.0	33.0	33.0	33.0
3	31.85770340814039	33.0	33.0	33.0	27.0	33.0
4	36.10162831345926	37.0	37.0	37.0	33.0	37.0
5	36.37846349153386	37.0	37.0	37.0	37.0	37.0
6	36.42173826950957	37.0	37.0	37.0	37.0	37.0
7	36.41932883667829	37.0	37.0	37.0	37.0	37.0
8	36.421189637186075	37.0	37.0	37.0	37.0	37.0
9	36.4156171720881	37.0	37.0	37.0	37.0	37.0
10-11	36.43137871687719	37.0	37.0	37.0	37.0	37.0
12-13	36.39883603574353	37.0	37.0	37.0	37.0	37.0
14-15	38.44284164132799	40.0	37.0	40.0	37.0	40.0
16-17	38.434646556843035	40.0	37.0	40.0	37.0	40.0
18-19	38.41163867849011	40.0	37.0	40.0	37.0	40.0
20-21	38.371413607803674	40.0	37.0	40.0	37.0	40.0
22-23	38.31092556957432	40.0	37.0	40.0	37.0	40.0
24-25	38.257787054589784	40.0	37.0	40.0	37.0	40.0
26-27	38.15319455785695	40.0	37.0	40.0	35.0	40.0
28-29	38.061573582004264	40.0	37.0	40.0	33.0	40.0
30-31	37.961315282084065	40.0	37.0	40.0	33.0	40.0
32-33	37.87196527230024	40.0	37.0	40.0	33.0	40.0
34-35	37.770875054747336	40.0	37.0	40.0	33.0	40.0
36-37	37.67334067995484	40.0	37.0	40.0	33.0	40.0
38-39	37.56870052673767	40.0	37.0	40.0	33.0	40.0
40-41	37.44513881674919	40.0	37.0	40.0	33.0	40.0
42-43	37.460980278368964	40.0	37.0	40.0	33.0	40.0
44-45	37.37836583176198	40.0	37.0	40.0	33.0	40.0
46-47	37.229040334549886	40.0	37.0	40.0	33.0	40.0
48-49	37.09259833359452	38.5	37.0	40.0	33.0	40.0
50-51	36.95998023767844	37.0	37.0	40.0	33.0	40.0
52-53	36.868698964583984	37.0	37.0	40.0	33.0	40.0
54-55	36.70387688530136	37.0	37.0	40.0	33.0	40.0
56-57	36.49202095081843	37.0	37.0	40.0	33.0	40.0
58-59	36.358398422873464	37.0	37.0	40.0	33.0	40.0
60-61	36.16674329143706	37.0	37.0	40.0	33.0	40.0
62-63	35.941204085541926	37.0	37.0	40.0	33.0	40.0
64-65	35.71464582835396	37.0	37.0	38.5	33.0	40.0
66-67	35.48576125531024	37.0	33.0	37.0	33.0	40.0
68-69	35.253453403821254	37.0	33.0	37.0	33.0	40.0
70-71	35.04294147721467	37.0	33.0	37.0	33.0	40.0
72-73	34.82967648856614	37.0	33.0	37.0	30.0	40.0
74-75	34.62017990336935	37.0	33.0	37.0	27.0	37.0
76-77	33.841125899875884	37.0	33.0	37.0	27.0	37.0
78-79	34.26241851501831	37.0	33.0	37.0	27.0	37.0
80-81	34.249653612876756	37.0	33.0	37.0	27.0	37.0
82-83	34.14152592338269	37.0	33.0	37.0	27.0	37.0
84-85	34.01405350333417	37.0	33.0	37.0	27.0	37.0
86-87	33.88048073786412	37.0	33.0	37.0	27.0	37.0
88-89	33.781419850897684	37.0	33.0	37.0	27.0	37.0
90-91	33.65958251344122	37.0	33.0	37.0	27.0	37.0
92-93	33.54126037418443	37.0	33.0	37.0	27.0	37.0
94-95	33.4121719836629	37.0	33.0	37.0	27.0	37.0
96-97	33.27273690464196	37.0	33.0	37.0	27.0	37.0
98-99	33.09934364090594	37.0	33.0	37.0	27.0	37.0
100	32.14713155982732	33.0	33.0	37.0	27.0	37.0
>>END_MODULE
>>Per sequence quality scores	pass
#Quality	Count
2	213.0
3	166.0
4	374.0
5	872.0
6	2181.0
7	5788.0
8	12717.0
9	21822.0
10	31579.0
11	39231.0
12	44978.0
13	50442.0
14	56420.0
15	64279.0
16	72950.0
17	81452.0
18	90391.0
19	99622.0
20	110948.0
21	126646.0
22	151273.0
23	187930.0
24	241203.0
25	309954.0
26	400606.0
27	518215.0
28	662295.0
29	845285.0
30	1078966.0
31	1391297.0
32	1820245.0
33	2427338.0
34	3316904.0
35	4899244.0
36	9114773.0
37	2.0773037E7
38	1.7343211E7
39	68423.0
>>END_MODULE
>>Per base sequence content	fail
#Base	G	A	T	C
1	23.971040719675464	13.335789037641998	14.617984730641231	48.0751855120413
2	21.4558152340735	19.738666327470817	36.12624194332742	22.679276495128263
3	25.53805412223814	23.058971448593933	23.779976475709578	27.622997953458352
4	26.00488356514098	30.290294430372256	19.569479565561192	24.13534243892557
5	29.746000690209627	30.167515766547364	20.688317389539073	19.39816615370393
6	23.72125033948813	33.29571691993798	20.758212979618676	22.224819760955217
7	20.405080241643454	16.749364697450574	39.064017193964006	23.781537866941964
8	21.64194013133334	20.618828876963587	27.39525381789636	30.343977173806717
9	22.473237028692697	20.274198058815152	29.896797110454514	27.355767802037633
10-11	26.052001801008295	28.964529699125606	20.32626102650175	24.65720747336435
12-13	23.990576473914913	22.922379676659713	26.921535263138846	26.165508586286528
14-15	24.76766845839715	24.28821837325282	25.85897072023135	25.085142448118674
16-17	25.40012833698238	24.537715914422368	24.881140966065583	25.18101478252967
18-19	25.15304487253044	24.818950456442728	24.74512009690829	25.28288457411854
20-21	25.385991726443464	24.736199287730514	24.786614951332407	25.091194034493615
22-23	25.138515597281824	25.11745484084474	24.955019580491072	24.78900998138236
24-25	25.165239502998947	25.16021798750196	24.844958921813422	24.829583587685672
26-27	25.05673472967954	25.07415880558945	25.004369940779515	24.86473652395149
28-29	24.947616330637615	24.87706805753812	24.98406970837042	25.191245903453847
30-31	24.920411023633793	24.956883981654055	24.891177720130294	25.23152727458186
32-33	25.043901841430287	25.017596522282226	24.894836861075593	25.043664775211894
34-35	25.17151506455062	24.985575968065866	24.774332819942007	25.068576147441508
36-37	24.92468382756353	24.80784899817225	24.962759514325167	25.30470765993905
38-39	24.895966982244143	24.900716016660457	24.974181547005863	25.229135454089537
40-41	25.182677250076114	24.897811016001828	24.834637865120808	25.08487386880125
42-43	24.933866244385662	24.739317588258693	25.12212879458823	25.204687372767413
44-45	24.895304583404393	24.999714930444046	25.05864812181387	25.046332364337694
46-47	25.172359842086077	24.920188343549263	24.909267071312723	24.998184743051933
48-49	24.946100640508902	24.898444422462713	24.95423565440203	25.201219282626354
50-51	24.982584490118356	24.92761884520827	24.96473881432002	25.125057850353354
52-53	25.101105002205482	25.04322985203693	24.70085651443643	25.154808631321156
54-55	24.92805260249727	24.87621929848127	24.939638525086462	25.256089573934997
56-57	25.02558135436759	24.814687189802438	24.876028242101267	25.28370321372871
58-59	25.1803862341727	24.911251089911442	24.826525784932713	25.08183689098314
60-61	25.12044401741956	24.86131682347546	24.815958686832936	25.202280472272044
62-63	24.921835732985056	24.953870117471126	25.018839980540886	25.105454169002932
64-65	25.074409484358252	24.990569306867524	24.92841695698888	25.00660425178534
66-67	24.970744535709546	24.951771518010275	24.874437762866954	25.203046183413218
68-69	25.13834416914669	24.901351163612567	24.960527327901396	24.999777339339342
70-71	24.952694223668264	24.944240054847523	24.856782435048473	25.24628328643575
72-73	24.85125660193848	25.054312724121747	24.834309157245187	25.26012151669458
74-75	25.17832338647572	25.07243461676617	24.79433833497535	24.954903661782758
76-77	25.186589411189274	25.001426921771465	24.745796333640847	25.06618733339841
78-79	25.091742077102662	24.851106466488734	25.043200482763744	25.01395097364486
80-81	25.040292493871195	24.977494869574322	24.935823081230435	25.046389555324044
82-83	24.998303294100936	24.905742347939245	24.98730850430421	25.108645853655613
84-85	25.019405470602972	24.96237418176703	25.040238625499313	24.977981722130686
86-87	24.957925377171605	25.102401647527323	25.01300729427064	24.926665681030435
88-89	25.13892856969275	25.0069014143463	24.913388804114405	24.940781211846538
90-91	24.965756850559462	24.943024060457404	24.981550712754373	25.10966837622876
92-93	25.01494350490653	24.975597597496563	25.07833685638845	24.93112204120846
94-95	25.133802705543275	24.837558373274877	24.8074256804869	25.22121324069495
96-97	25.0045696025044	24.68433700784397	24.88178850986133	25.429304879790305
98-99	24.42343226734063	24.232081145179432	25.668701818462996	25.67578476901694
100	25.66704002250197	23.55950193180878	24.928329534371272	25.845128511317977
>>END_MODULE
>>Per sequence GC content	pass
#GC Content	Count
0	646.0
1	641.0
2	642.0
3	650.5
4	657.0
5	673.0
6	697.5
7	826.0
8	967.5
9	1027.0
10	1096.5
11	1196.0
12	1331.0
13	1527.0
14	1834.0
15	2316.0
16	3368.5
17	5204.0
18	8003.5
19	12777.0
20	20668.0
21	32826.0
22	50482.5
23	74963.0
24	108546.0
25	152069.0
26	204339.0
27	264957.0
28	333136.0
29	406459.0
30	482398.0
31	564901.0
32	658751.5
33	750059.0
34	837672.5
35	941465.0
36	1056929.0
37	1192709.5
38	1312413.5
39	1421864.0
40	1523406.5
41	1597920.0
42	1715735.0
43	1849333.5
44	1958812.0
45	2077550.0
46	2176761.0
47	2221759.0
48	2249920.0
49	2250985.5
50	2242748.0
51	2263751.0
52	2257144.5
53	2216772.0
54	2183261.0
55	2149458.0
56	2127192.0
57	2008400.5
58	1883605.5
59	1840884.0
60	1739109.5
61	1646014.5
62	1538730.5
63	1402199.5
64	1270397.0
65	1129592.0
66	1014695.0
67	897093.5
68	768097.0
69	655226.5
70	540573.0
71	433271.0
72	387272.5
73	342687.0
74	279311.0
75	228637.5
76	194163.5
77	166398.0
78	122186.5
79	86041.0
80	64427.5
81	45896.5
82	27556.0
83	15996.0
84	9170.5
85	6370.5
86	5168.0
87	3937.0
88	2834.5
89	2275.0
90	1895.0
91	1648.0
92	1459.0
93	1289.0
94	1143.0
95	1029.5
96	960.5
97	902.0
98	863.0
99	853.5
100	848.0
>>END_MODULE
>>Per base N content	pass
#Base	N-Count
1	0.08627020608525582
2	1.5045947766668285E-6
3	4.5288582837038426E-4
4	0.0
5	0.0
6	0.0
7	1.5046629202967412E-6
8	0.0
9	0.0
10-11	0.0
12-13	0.0
14-15	0.0
16-17	0.0
18-19	0.0
20-21	0.0
22-23	0.0
24-25	0.0
26-27	0.0
28-29	0.0
30-31	6.020502354178221E-6
32-33	0.0020131408502763407
34-35	0.001980814487135295
36-37	2.1072877226911107E-5
38-39	2.5438503159940006E-4
40-41	2.6567936301679295E-4
42-43	1.610661519534355E-4
44-45	1.0838276321177415E-4
46-47	1.2870676421786368E-4
48-49	2.250521539549721E-4
50-51	2.5591666534443056E-5
52-53	0.0
54-55	0.0
56-57	0.0018818459532795912
58-59	0.0032308241702984583
60-61	0.0011555072729998999
62-63	0.0
64-65	1.505628608111922E-6
66-67	3.3350602370599964E-4
68-69	0.001152627361747392
70-71	0.0
72-73	0.0
74-75	0.0
76-77	0.0
78-79	0.0
80-81	0.0
82-83	0.0
84-85	0.0037444943278481272
86-87	6.705134247862415E-4
88-89	1.1981149898622893E-4
90-91	0.0
92-93	4.493983524980995E-4
94-95	1.4334169923270621E-5
96-97	1.060056806627027E-5
98-99	0.0
100	0.0
>>END_MODULE
>>Sequence Length Distribution	fail
#Length	Count
0-1	2539.0
2-3	1796.0
4-5	932.0
6-7	911.0
8-9	1859.0
10-11	1498.0
12-13	1924.0
14-15	2054.0
16-17	1952.0
18-19	2115.0
20-21	1775.0
22-23	1749.0
24-25	1592.0
26-27	1526.0
28-29	1467.0
30-31	1173.0
32-33	1148.0
34-35	1190.0
36-37	1420.0
38-39	1248.0
40-41	1134.0
42-43	1109.0
44-45	1181.0
46-47	1008.0
48-49	1124.0
50-51	1294.0
52-53	1160.0
54-55	1248.0
56-57	1423.0
58-59	1610.0
60-61	1732.0
62-63	1829.0
64-65	1797.0
66-67	2064.0
68-69	2339.0
70-71	2695.0
72-73	3106.0
74-75	3324.0
76-77	3761.0
78-79	4735.0
80-81	6244.0
82-83	7985.0
84-85	9900.0
86-87	12109.0
88-89	16353.0
90-91	23750.0
92-93	30608.0
94-95	105635.0
96-97	1582707.0
98-99	0.0
100-101	6.4598785E7
>>END_MODULE
>>Sequence Duplication Levels	fail
#Total Deduplicated Percentage	37.387063658339926
#Duplication Level	Percentage of deduplicated	Percentage of total
1	69.71835965329986	26.065647505129597
2	14.11085462381449	10.551268401882654
3	5.859686917131481	6.5722946336620875
4	2.9853666553329385	4.464563727456717
5	1.7680885129773387	3.3051818894131677
6	1.163036895979241	2.608952068018437
7	0.8033445547801807	2.1024285806403156
8	0.5489560252922009	1.6419083090583022
9	0.42216602284310834	1.420519317338113
>10	2.3132429775545598	15.60825191752317
>50	0.16546469741949182	4.261227814243964
>100	0.1159448828698899	8.764432620603781
>500	0.015246496759085425	3.9478394120151012
>1k	0.009654466333442512	6.64859622838153
>5k	4.247920644919204E-4	1.0553090592679357
>10k+	1.6182554837787446E-4	0.9815785153652566
>>END_MODULE
>>Overrepresented sequences	pass
>>END_MODULE
>>Adapter Content	pass
#Position	Illumina Universal Adapter	Illumina Small RNA 3' Adapter	Illumina Small RNA 5' Adapter	Nextera Transposase Sequence	SOLID Small RNA Adapter
1	0.0	2.1063522211792602E-5	0.0	7.522686504211644E-6	0.0
2	0.0	1.1434483486401699E-4	0.0	9.328131265222439E-5	1.5045373008423287E-6
3	0.0	1.1584937216485931E-4	0.0	9.92994618555937E-5	3.0090746016846574E-6
4	1.5045373008423287E-6	1.2186752136822862E-4	0.0	1.1434483486401699E-4	6.018149203369315E-6
5	1.5045373008423287E-6	1.263811332707556E-4	0.0	1.1434483486401699E-4	6.018149203369315E-6
6	1.5045373008423287E-6	1.2788567057159795E-4	0.0	1.1584937216485931E-4	7.522686504211644E-6
7	3.0090746016846574E-6	1.880671626052911E-4	0.0	1.1735390946570164E-4	7.522686504211644E-6
8	3.0090746016846574E-6	2.0762614751624136E-4	0.0	1.203629840673863E-4	7.522686504211644E-6
9	3.0090746016846574E-6	2.1966244592298E-4	0.0	1.3239928247412493E-4	7.522686504211644E-6
10-11	4.513611902526986E-6	2.3922143083393026E-4	1.5045373008423287E-6	1.3691289437665191E-4	8.274955154632808E-6
12-13	4.513611902526986E-6	2.580281470944594E-4	1.5045373008423287E-6	1.3992196897833658E-4	9.027223805053973E-6
14-15	6.018149203369315E-6	2.9865065421720224E-4	1.5045373008423287E-6	1.4744465548254822E-4	9.027223805053973E-6
16-17	7.522686504211644E-6	3.4152996729120864E-4	1.5045373008423287E-6	1.6324229714139267E-4	1.203629840673863E-5
18-19	9.027223805053973E-6	3.5130945974668376E-4	1.5045373008423287E-6	1.7828767014981597E-4	1.5045373008423288E-5
20-21	1.2788567057159794E-5	3.8064793711310913E-4	1.5045373008423287E-6	1.9483758045908158E-4	1.7302178959686782E-5
22-23	1.579764165884445E-5	4.032159966257441E-4	1.5045373008423287E-6	2.0837841616666255E-4	1.8054447610107945E-5
24-25	1.8054447610107945E-5	4.2653632478880017E-4	1.5045373008423287E-6	2.2718513242719164E-4	1.8054447610107945E-5
26-27	1.9558984910950274E-5	4.408294291468023E-4	1.5045373008423287E-6	2.4824865463898426E-4	1.8806716260529108E-5
28-29	1.9558984910950274E-5	4.603884140577526E-4	1.5045373008423287E-6	2.5426680384235353E-4	2.256805951263493E-5
30-31	2.5577134114319587E-5	4.791951303182817E-4	3.0090746016846574E-6	2.5953268439530175E-4	2.256805951263493E-5
32-33	2.933847736642541E-5	5.017631898309166E-4	4.513611902526986E-6	2.6329402764740755E-4	2.482486546389842E-5
34-35	3.234755196811007E-5	5.228267120427092E-4	4.513611902526986E-6	2.6855990820035566E-4	2.933847736642541E-5
36-37	3.5356626569794724E-5	5.642014878158733E-4	4.513611902526986E-6	2.693121768507768E-4	3.15952833176889E-5
38-39	3.761343252105822E-5	5.822559354259812E-4	4.513611902526986E-6	2.7081671415161914E-4	3.15952833176889E-5
40-41	3.761343252105822E-5	5.927876965318775E-4	4.513611902526986E-6	2.7533032605414615E-4	3.234755196811007E-5
42-43	3.836570117147939E-5	6.033194576377738E-4	4.513611902526986E-6	2.994029228676234E-4	3.7613432521058215E-5
44-45	3.911796982190055E-5	6.349147409554628E-4	4.513611902526986E-6	3.0165972881888693E-4	4.062250712274288E-5
46-47	4.287931307400637E-5	6.77041785379048E-4	4.513611902526986E-6	3.106869526239409E-4	4.137477577316404E-5
48-49	4.8897462277375684E-5	7.22930173054739E-4	4.513611902526986E-6	3.287414002340488E-4	4.2127044423585204E-5
50-51	5.190653687906034E-5	7.477550385186374E-4	4.513611902526986E-6	3.437867732424721E-4	4.363158172442753E-5
52-53	5.265880552948151E-5	8.041751873002247E-4	4.513611902526986E-6	3.550708029987896E-4	4.664065632611219E-5
54-55	5.3411074179902666E-5	8.568339928297062E-4	4.513611902526986E-6	3.6184122085258005E-4	4.8145193626954525E-5
56-57	5.4915611480745E-5	8.891815447978163E-4	4.513611902526986E-6	3.836570117147938E-4	5.265880552948151E-5
58-59	5.792468608242966E-5	9.094927983591877E-4	4.513611902526986E-6	4.054728025770076E-4	5.867695473285082E-5
60-61	6.018149203369315E-5	9.177677535138206E-4	4.513611902526986E-6	4.468475783501717E-4	5.867695473285082E-5
62-63	6.394283528579896E-5	9.508675741323517E-4	4.513611902526986E-6	4.6264522000901613E-4	5.9429223383271986E-5
64-65	6.619964123706247E-5	9.726833649945655E-4	4.513611902526986E-6	4.822042049199664E-4	6.695190988748363E-5
66-67	6.77041785379048E-5	0.0010178194840198354	4.513611902526986E-6	5.025154584813378E-4	7.372232774127411E-5
68-69	7.071325313958945E-5	0.0010321125883778375	4.513611902526986E-6	5.341107417990267E-4	7.372232774127411E-5
70-71	7.372232774127411E-5	0.0010674692149476323	4.513611902526986E-6	5.559265326612404E-4	7.372232774127411E-5
72-73	8.124501424548576E-5	0.0011464574232418544	4.513611902526986E-6	5.717241743200849E-4	7.372232774127411E-5
74-75	8.65108947984339E-5	0.00119535488551923	4.513611902526986E-6	5.875218159789293E-4	7.372232774127411E-5
76-77	9.328131265222439E-5	0.0012299592434386036	4.513611902526986E-6	5.957967711335622E-4	7.447459639169527E-5
78-79	9.704265590433021E-5	0.001239738735894079	4.513611902526986E-6	6.025671889873527E-4	7.59791336925376E-5
80-81	1.0155626780685719E-4	0.0012525273029512386	4.513611902526986E-6	6.40932890158832E-4	7.673140234295876E-5
82-83	1.0381307375812068E-4	0.001276599899764716	4.513611902526986E-6	6.552259945168341E-4	7.673140234295876E-5
84-85	1.120880289127535E-4	0.0013563403767093594	4.513611902526986E-6	6.943439643387348E-4	7.673140234295876E-5
86-87	1.1735390946570164E-4	0.0014247968238976854	4.513611902526986E-6	8.222296349103327E-4	7.748367099337993E-5
88-89	1.181061781161228E-4	0.001441346734206951	5.2658805529481505E-6	8.613476047322332E-4	7.898820829422225E-5
>>END_MODULE
