##FastQC	0.11.8
>>Basic Statistics	pass
#Measure	Value
Filename	SRR3184291_1.gz
File type	Conventional base calls
Encoding	Sanger / Illumina 1.9
Total Sequences	63170117
Sequences flagged as poor quality	0
Sequence length	0-100
%GC	47
>>END_MODULE
>>Per base sequence quality	pass
#Base	Mean	Median	Lower Quartile	Upper Quartile	10th Percentile	90th Percentile
1	32.53258136968741	33.0	33.0	33.0	33.0	33.0
2	32.58815474745278	33.0	33.0	33.0	33.0	33.0
3	31.887804058477112	33.0	33.0	33.0	33.0	33.0
4	36.12102832559806	37.0	37.0	37.0	33.0	37.0
5	36.340249356867254	37.0	37.0	37.0	33.0	37.0
6	36.370248867262674	37.0	37.0	37.0	37.0	37.0
7	36.34853237989199	37.0	37.0	37.0	37.0	37.0
8	36.302867277365806	37.0	37.0	37.0	33.0	37.0
9	36.3382818277866	37.0	37.0	37.0	37.0	37.0
10-11	36.34982509483525	37.0	37.0	37.0	37.0	37.0
12-13	36.31910823156417	37.0	37.0	37.0	35.0	37.0
14-15	38.241556628104206	40.0	37.0	40.0	37.0	40.0
16-17	38.210620554207885	40.0	37.0	40.0	35.0	40.0
18-19	38.1662946231957	40.0	37.0	40.0	33.0	40.0
20-21	38.125075984448145	40.0	37.0	40.0	33.0	40.0
22-23	38.05065946911219	40.0	37.0	40.0	33.0	40.0
24-25	37.95337176578677	40.0	37.0	40.0	33.0	40.0
26-27	37.79815188019601	40.0	37.0	40.0	33.0	40.0
28-29	37.64979371968834	40.0	37.0	40.0	33.0	40.0
30-31	37.52118770133805	40.0	37.0	40.0	33.0	40.0
32-33	37.37963975651978	40.0	37.0	40.0	33.0	40.0
34-35	37.367604041584016	40.0	37.0	40.0	33.0	40.0
36-37	37.331860040132035	40.0	37.0	40.0	33.0	40.0
38-39	37.372944819855775	40.0	37.0	40.0	33.0	40.0
40-41	37.38991318209635	40.0	37.0	40.0	33.0	40.0
42-43	37.30478014487916	40.0	37.0	40.0	33.0	40.0
44-45	37.18583366423203	40.0	37.0	40.0	33.0	40.0
46-47	37.03701207984694	40.0	37.0	40.0	33.0	40.0
48-49	36.87854187552311	40.0	37.0	40.0	33.0	40.0
50-51	36.72645251948586	37.0	37.0	40.0	33.0	40.0
52-53	36.54332057980077	37.0	37.0	40.0	33.0	40.0
54-55	36.362021335795845	37.0	37.0	40.0	33.0	40.0
56-57	36.13913774419716	37.0	37.0	40.0	33.0	40.0
58-59	35.930994965637375	37.0	37.0	40.0	33.0	40.0
60-61	35.702255412038696	37.0	37.0	40.0	33.0	40.0
62-63	35.450467390390074	37.0	33.0	40.0	27.0	40.0
64-65	35.19640727937428	37.0	33.0	40.0	27.0	40.0
66-67	34.94024484191469	37.0	33.0	37.0	27.0	40.0
68-69	34.668485366581464	37.0	33.0	37.0	27.0	40.0
70-71	34.401345249033426	37.0	33.0	37.0	27.0	40.0
72-73	34.104993248722764	37.0	33.0	37.0	27.0	40.0
74-75	33.85863898999024	37.0	33.0	37.0	27.0	37.0
76-77	32.962028766951775	35.0	33.0	37.0	27.0	37.0
78-79	33.353104799111435	37.0	33.0	37.0	27.0	37.0
80-81	33.2718256901686	37.0	33.0	37.0	27.0	37.0
82-83	33.10550823842598	37.0	33.0	37.0	27.0	37.0
84-85	32.90441370183092	37.0	33.0	37.0	27.0	37.0
86-87	32.70518151417963	37.0	33.0	37.0	27.0	37.0
88-89	32.54873780160192	37.0	33.0	37.0	27.0	37.0
90-91	32.389666990894426	33.0	33.0	37.0	27.0	37.0
92-93	32.19763064780908	33.0	33.0	37.0	27.0	37.0
94-95	31.957333062445038	33.0	33.0	37.0	22.0	37.0
96-97	31.65230466707946	33.0	33.0	37.0	22.0	37.0
98-99	31.289154852108155	33.0	33.0	37.0	22.0	37.0
100	29.0313139199231	33.0	27.0	37.0	15.0	37.0
>>END_MODULE
>>Per sequence quality scores	pass
#Quality	Count
2	221.0
3	167.0
4	352.0
5	818.0
6	2137.0
7	6123.0
8	17179.0
9	36913.0
10	55614.0
11	66363.0
12	76109.0
13	84811.0
14	94006.0
15	103297.0
16	113965.0
17	125501.0
18	138058.0
19	150552.0
20	163815.0
21	182180.0
22	207899.0
23	247591.0
24	302682.0
25	380315.0
26	481504.0
27	610251.0
28	774289.0
29	981242.0
30	1244646.0
31	1595703.0
32	2071944.0
33	2744715.0
34	3737546.0
35	5484112.0
36	9591258.0
37	1.8517684E7
38	1.2707515E7
39	45199.0
>>END_MODULE
>>Per base sequence content	warn
#Base	G	A	T	C
1	28.146842496172255	14.417253549698827	14.534223904508956	42.90168004961996
2	20.818575383350638	21.337693405484572	33.059907388190666	24.783823822974124
3	24.64655558476209	22.93885366244016	23.79821107124431	28.61637968155344
4	25.17096850526904	30.084736676685765	21.171266933850305	23.573027884194886
5	28.140511756929076	30.93003710247238	21.63034230942461	19.299108831173932
6	23.237269538857742	34.5486206736982	21.964871942901507	20.249237844542552
7	19.859907280030793	19.930715392200625	39.14803165056575	21.06134567720284
8	21.179680852607397	23.438872048761624	29.009045895012264	26.37240120361871
9	21.52465778978453	22.421549874867203	31.276891729386158	24.77690060596211
10-11	24.3640672296203	31.30407078264138	22.160770521755246	22.17109146598307
12-13	23.002593005085675	25.19026510660187	27.589432053405826	24.21770983490663
14-15	23.226361675576722	26.224804831025466	27.088479919665247	23.46035357373256
16-17	23.722741245047263	26.23661885123293	26.371039676145212	23.66960022757459
18-19	23.58432004545185	26.394474174048526	26.301457612634472	23.719748167865145
20-21	23.605446724473897	26.43964083763375	26.233805798530675	23.72110663936168
22-23	23.576730657803008	26.663130090933063	26.18273628983853	23.577402961425395
24-25	23.597474195803926	26.56320925538199	26.173894791597096	23.665421757216983
26-27	23.478792827579355	26.59340586417061	26.21857292052821	23.709228387721826
28-29	23.635624966854056	26.370198266546126	26.23091580467674	23.763260961923084
30-31	23.439068996408828	26.501007174878705	26.28601311634176	23.773910712370704
32-33	23.42972615946707	26.501005610284363	26.287792488177853	23.781475742070718
34-35	23.76984100146329	26.444498588162002	26.064188424276274	23.721471986098436
36-37	23.587777200490898	26.50322764786095	26.152928772218775	23.756066379429377
38-39	23.48512456836368	26.55382502229221	26.16340014174258	23.79765026760153
40-41	23.60578196641511	26.417663014329957	26.10787057578649	23.868684443468442
42-43	23.411456616723704	26.440053280091362	26.356685426961405	23.791804676223528
44-45	23.449241713482937	26.494109571137265	26.40032575169578	23.656322963684012
46-47	23.51789913912965	26.544448690078593	26.273267037022123	23.664385133769635
48-49	23.391056418090418	26.495453208860653	26.34493957387336	23.76855079917557
50-51	23.574416611123773	26.373367249091377	26.34445302455945	23.707763115225394
52-53	23.44937763701048	26.57819254913442	26.161280321263764	23.811149492591337
54-55	23.42947336454774	26.53460409619611	26.268219788651763	23.76770275060439
56-57	23.41263426996398	26.451930997810248	26.39130799416044	23.744126738065333
58-59	23.394750874214232	26.48168451555708	26.356684507635457	23.766880102593227
60-61	23.42158381089769	26.387668638165813	26.416814965666358	23.77393258527014
62-63	23.383736019090037	26.52676506810886	26.426655481920214	23.66284343088089
64-65	23.41365993013259	26.510187798536393	26.28609714317115	23.790055128159867
66-67	23.325221208963764	26.472276492763857	26.357960666443926	23.844541631828452
68-69	23.347734328285714	26.62844977424716	26.42812366898489	23.59569222848223
70-71	23.39498861592223	26.519398035241633	26.41476328365465	23.670850065181487
72-73	23.359548527257594	26.523850070666438	26.37695422312684	23.739647178949127
74-75	23.429412152753002	26.611486587048784	26.390004778163465	23.569096482034748
76-77	23.42946064125962	26.539290896811913	26.39176204724623	23.63948641468224
78-79	23.294133281497295	26.42122137214348	26.537557596227856	23.747087750131364
80-81	23.375989382744393	26.568054724970462	26.44095380269864	23.615002089586504
82-83	23.492599401269697	26.55300201006461	26.351416007899015	23.602982580766678
84-85	23.443011414068785	26.510050888501052	26.347943134372187	23.698994563057976
86-87	23.416526909424228	26.594600773526828	26.39059655713304	23.598275759915904
88-89	23.386466711087454	26.573872889898496	26.318687743165885	23.720972655848165
90-91	23.320994249684567	26.559376510271846	26.399908147543314	23.71972109250027
92-93	23.290270668571086	26.759271105732402	26.385298966591286	23.565159259105226
94-95	23.403967705938612	26.67031440320163	26.28712817119113	23.63858971966863
96-97	23.463796223765836	26.268859309849553	26.369468752799364	23.89787571358525
98-99	22.782847134246612	25.870733830401203	27.110423295244747	24.235995740107434
100	23.429635649643803	25.491598437470024	26.344647774488756	24.734118138397417
>>END_MODULE
>>Per sequence GC content	pass
#GC Content	Count
0	1330.0
1	820.0
2	249.5
3	192.5
4	201.0
5	233.5
6	270.0
7	291.5
8	372.0
9	486.5
10	586.0
11	777.5
12	1073.0
13	1461.5
14	2112.5
15	3204.0
16	5257.0
17	8518.0
18	13805.5
19	23063.0
20	38662.0
21	62179.0
22	96333.5
23	141895.5
24	202692.0
25	274367.0
26	357779.5
27	454788.0
28	554715.0
29	651576.5
30	741088.5
31	836016.5
32	932980.5
33	997857.0
34	1068752.0
35	1184241.5
36	1313823.0
37	1472096.5
38	1545747.0
39	1593949.5
40	1694222.0
41	1766713.0
42	1902477.0
43	2070180.5
44	2134022.0
45	2169361.5
46	2210475.5
47	2239705.5
48	2307294.5
49	2357562.5
50	2353450.0
51	2256112.5
52	2099342.5
53	1965325.0
54	1851028.0
55	1757577.0
56	1649728.5
57	1526032.5
58	1448901.5
59	1386102.0
60	1286776.5
61	1176125.0
62	1066501.0
63	965842.0
64	871709.0
65	757425.5
66	651493.0
67	564730.5
68	478548.0
69	389240.0
70	307413.5
71	239363.5
72	186456.5
73	146274.5
74	116408.5
75	91760.5
76	70368.5
77	51667.5
78	36838.5
79	26778.0
80	18862.0
81	12715.5
82	8798.5
83	6267.0
84	4579.0
85	3469.5
86	2706.5
87	2140.5
88	1632.5
89	1289.5
90	1024.5
91	829.0
92	698.0
93	549.5
94	423.0
95	339.5
96	273.0
97	221.0
98	187.0
99	172.0
100	162.5
>>END_MODULE
>>Per base N content	pass
#Base	N-Count
1	0.07457841467689012
2	5.701231613310291E-5
3	1.0927364745473881E-4
4	0.0
5	0.0
6	0.0
7	0.0
8	0.020347206196193058
9	0.0
10-11	0.0
12-13	0.0
14-15	0.0
16-17	0.0
18-19	0.0
20-21	0.0
22-23	0.0
24-25	0.0
26-27	0.0
28-29	0.0
30-31	0.0
32-33	0.0
34-35	0.0
36-37	0.0
38-39	0.0
40-41	1.5839597590588123E-6
42-43	0.0
44-45	0.0
46-47	0.0
48-49	0.003721039159351197
50-51	0.0020435342658994033
52-53	0.005588977471858357
54-55	0.0051336778909650375
56-57	0.0026829646856416935
58-59	0.0
60-61	0.0
62-63	0.0
64-65	0.0
66-67	0.0
68-69	0.0
70-71	0.0
72-73	0.0
74-75	0.0
76-77	0.0
78-79	0.0
80-81	0.0
82-83	0.0
84-85	0.0
86-87	0.0
88-89	5.552400029672025E-6
90-91	0.0017724651990263405
92-93	0.0022103619306943992
94-95	0.0031625809331497167
96-97	6.056404586888141E-4
98-99	0.0
100	0.0
>>END_MODULE
>>Sequence Length Distribution	fail
#Length	Count
0-1	25866.0
2-3	165.0
4-5	144.0
6-7	138.0
8-9	293.0
10-11	276.0
12-13	353.0
14-15	419.0
16-17	390.0
18-19	392.0
20-21	441.0
22-23	487.0
24-25	590.0
26-27	663.0
28-29	794.0
30-31	934.0
32-33	1010.0
34-35	1096.0
36-37	1206.0
38-39	1213.0
40-41	1285.0
42-43	1335.0
44-45	1372.0
46-47	1357.0
48-49	1565.0
50-51	1649.0
52-53	1819.0
54-55	1906.0
56-57	1996.0
58-59	2319.0
60-61	2618.0
62-63	2846.0
64-65	3151.0
66-67	3280.0
68-69	3761.0
70-71	4142.0
72-73	4475.0
74-75	4816.0
76-77	5195.0
78-79	5944.0
80-81	7210.0
82-83	8726.0
84-85	9963.0
86-87	11399.0
88-89	14614.0
90-91	20259.0
92-93	23519.0
94-95	93189.0
96-97	1532938.0
98-99	0.0
100-101	6.1354599E7
>>END_MODULE
>>Sequence Duplication Levels	fail
#Total Deduplicated Percentage	35.797994570849255
#Duplication Level	Percentage of deduplicated	Percentage of total
1	71.10635645147246	25.454649622026835
2	14.20331800259014	10.169006014895348
3	5.233119438842977	5.6200554378091985
4	2.6494001009215378	3.7937284171518675
5	1.5767142834524934	2.8221604679406416
6	1.0414436792093207	2.236895710450832
7	0.7156235529416147	1.7932521644083048
8	0.5171511171891052	1.4810378308355374
9	0.39547225232390926	1.274140218745155
>10	2.1765929385261207	14.53813046645544
>50	0.19603224684730777	4.898998057958942
>100	0.1579003788844552	11.509579312595614
>500	0.018189269223247647	4.505040618428456
>1k	0.01199396040914946	8.018733825712681
>5k	6.080052681506477E-4	1.428778929008781
>10k+	8.432189850264458E-5	0.4558129055766145
>>END_MODULE
>>Overrepresented sequences	pass
>>END_MODULE
>>Adapter Content	pass
#Position	Illumina Universal Adapter	Illumina Small RNA 3' Adapter	Illumina Small RNA 5' Adapter	Nextera Transposase Sequence	SOLID Small RNA Adapter
1	0.0	1.583026987269946E-6	0.0	0.0	1.583026987269946E-6
2	0.0	1.4247242885429514E-5	0.0	1.2664215898159569E-5	1.583026987269946E-6
3	1.583026987269946E-6	1.4247242885429514E-5	0.0	1.4247242885429514E-5	6.332107949079784E-6
4	4.749080961809838E-6	1.4247242885429514E-5	0.0	1.583026987269946E-5	6.332107949079784E-6
5	4.749080961809838E-6	1.4247242885429514E-5	0.0	1.583026987269946E-5	6.332107949079784E-6
6	4.749080961809838E-6	1.7413296859969408E-5	0.0	1.899632384723935E-5	7.91513493634973E-6
7	4.749080961809838E-6	2.5328431796319138E-5	0.0	2.05793508345093E-5	7.91513493634973E-6
8	4.749080961809838E-6	3.640962070720876E-5	0.0	2.2162377821779243E-5	7.91513493634973E-6
9	4.749080961809838E-6	4.5907782630828437E-5	0.0	2.374540480904919E-5	9.498161923619676E-6
10-11	4.749080961809838E-6	5.1448377086273244E-5	0.0	2.5328431796319138E-5	9.498161923619676E-6
12-13	4.749080961809838E-6	5.698897154171805E-5	0.0	2.8494485770859026E-5	1.028967541725465E-5
14-15	7.123621442714757E-6	7.123621442714757E-5	0.0	3.166053974539892E-5	1.1081188910889621E-5
16-17	1.028967541725465E-5	7.994286285713226E-5	0.0	3.3243566732668864E-5	1.1081188910889621E-5
18-19	1.2664215898159569E-5	8.23174033380372E-5	0.0	3.403508022630384E-5	1.1872702404524595E-5
20-21	1.4247242885429514E-5	8.46919438189421E-5	0.0	4.036718817538362E-5	1.4247242885429514E-5
22-23	1.7413296859969408E-5	9.181556526165687E-5	0.0	5.0656863592638275E-5	1.4247242885429514E-5
24-25	2.2953891315414218E-5	1.0131372718527655E-4	0.0	5.778048503535303E-5	1.4247242885429514E-5
26-27	2.4536918302684162E-5	1.0606280814708639E-4	0.0	6.569561997170276E-5	1.4247242885429514E-5
28-29	2.611994528995411E-5	1.1239491609616617E-4	0.0	7.04447009335126E-5	2.137086432814427E-5
30-31	3.482659371993881E-5	1.1476945657707108E-4	0.0	7.361075490805249E-5	2.374540480904919E-5
32-33	3.878416118811368E-5	1.1872702404524595E-4	0.0	7.440226840168747E-5	2.7702972277224057E-5
34-35	4.274172865628854E-5	1.2505913199432574E-4	0.0	7.440226840168747E-5	3.0077512758128973E-5
36-37	4.6699296124463405E-5	1.3455729391794542E-4	0.0	7.519378189532244E-5	3.3243566732668864E-5
38-39	6.015502551625795E-5	1.408894018670252E-4	0.0	7.835983586986233E-5	3.3243566732668864E-5
40-41	7.677680888259239E-5	1.4722150981610497E-4	0.0	8.152588984440223E-5	3.3243566732668864E-5
42-43	8.864951128711697E-5	1.5592815824608968E-4	0.0	8.627497080621207E-5	3.3243566732668864E-5
44-45	1.0052221369164158E-4	1.7096691462515417E-4	0.0	9.023253827438692E-5	3.4826593719938815E-5
46-47	1.139779430834361E-4	1.8204810353604378E-4	0.0	9.023253827438692E-5	3.957567468174865E-5
48-49	1.3851486138612026E-4	1.8521415751058368E-4	0.0	9.339859224892681E-5	4.11587016690186E-5
50-51	1.5117907728427984E-4	1.9154626545966349E-4	0.0	9.893918670437163E-5	4.274172865628854E-5
52-53	1.7017540113151917E-4	1.9471231943420336E-4	0.0	1.0210524067891152E-4	4.4324755643558486E-5
54-55	1.7967356305513888E-4	2.0579350834509298E-4	0.0	1.0289675417254649E-4	4.4324755643558486E-5
56-57	1.9233777895329845E-4	2.1529167026871265E-4	0.0	1.0527129465345142E-4	4.749080961809838E-5
58-59	2.1450015677507768E-4	2.2083226472415746E-4	0.0	1.1002037561526125E-4	4.749080961809838E-5
60-61	2.3587102110322195E-4	2.2716437267323724E-4	0.0	1.2031005103251589E-4	4.749080961809838E-5
62-63	2.5328431796319136E-4	2.3745404809049188E-4	0.0	1.2505913199432574E-4	4.9073836605368324E-5
64-65	2.746551822913356E-4	2.453691830268416E-4	0.0	1.2505913199432574E-4	5.1448377086273244E-5
66-67	2.9127696565767007E-4	2.5090977748228646E-4	0.0	1.2743367247523065E-4	5.540594455444811E-5
68-69	3.055242085430996E-4	2.524928044695564E-4	0.0	1.3297426693067548E-4	5.619745804808308E-5
70-71	3.340186943139586E-4	2.572418854313662E-4	0.0	1.3693183439885033E-4	5.698897154171806E-5
72-73	3.5538955864210285E-4	2.6199096639317607E-4	0.0	1.4563848282883504E-4	5.778048503535303E-5
74-75	3.7280285550207227E-4	2.7148912831679575E-4	0.0	1.488045368033749E-4	5.8571998528988E-5
76-77	3.854670714002319E-4	2.794042632531455E-4	0.0	1.5434513125881975E-4	5.8571998528988E-5
78-79	3.989228007920264E-4	2.809872902404154E-4	0.0	1.5513664475245471E-4	5.8571998528988E-5
80-81	4.1633609765199576E-4	2.904854521640351E-4	0.0	1.6384329318243942E-4	6.569561997170276E-5
82-83	4.440390699292199E-4	2.952345331258449E-4	0.0	1.646348066760744E-4	6.807016045260768E-5
84-85	4.6066085329555433E-4	2.9681756011311485E-4	0.0	1.725499416124241E-4	6.965318743987762E-5
86-87	4.69367501725539E-4	3.023581545685597E-4	0.0	2.0975107581326785E-4	7.123621442714757E-5
88-89	4.709505287128089E-4	3.047326950494646E-4	0.0	2.2716437267323724E-4	7.440226840168746E-5
>>END_MODULE
