##FastQC	0.11.8
>>Basic Statistics	pass
#Measure	Value
Filename	SRR3184304_2.gz
File type	Conventional base calls
Encoding	Sanger / Illumina 1.9
Total Sequences	61488738
Sequences flagged as poor quality	0
Sequence length	0-100
%GC	49
>>END_MODULE
>>Per base sequence quality	pass
#Base	Mean	Median	Lower Quartile	Upper Quartile	10th Percentile	90th Percentile
1	32.054962846285164	33.0	33.0	33.0	33.0	33.0
2	32.00132873114632	33.0	33.0	33.0	27.0	33.0
3	32.000387485597564	33.0	33.0	33.0	27.0	33.0
4	35.78016243852919	37.0	37.0	37.0	33.0	37.0
5	35.78134486645904	37.0	37.0	37.0	33.0	37.0
6	35.75957455427975	37.0	37.0	37.0	33.0	37.0
7	35.74544865021378	37.0	37.0	37.0	33.0	37.0
8	35.721580148897836	37.0	37.0	37.0	33.0	37.0
9	35.70948273014617	37.0	37.0	37.0	33.0	37.0
10-11	35.65848713074071	37.0	37.0	37.0	33.0	37.0
12-13	35.60539040670164	37.0	37.0	37.0	33.0	37.0
14-15	37.554922424248204	40.0	37.0	40.0	33.0	40.0
16-17	37.533090637395915	40.0	37.0	40.0	33.0	40.0
18-19	37.524880955027584	40.0	37.0	40.0	33.0	40.0
20-21	37.494058960749186	40.0	37.0	40.0	33.0	40.0
22-23	37.43647257708351	40.0	37.0	40.0	33.0	40.0
24-25	37.383564232023176	40.0	37.0	40.0	33.0	40.0
26-27	37.300361106794604	40.0	37.0	40.0	33.0	40.0
28-29	37.244243990382955	40.0	37.0	40.0	33.0	40.0
30-31	37.14929355051673	40.0	37.0	40.0	33.0	40.0
32-33	37.058447897787076	40.0	37.0	40.0	33.0	40.0
34-35	36.93297755023376	40.0	37.0	40.0	33.0	40.0
36-37	36.85431978094087	40.0	37.0	40.0	33.0	40.0
38-39	36.76349757544652	40.0	37.0	40.0	33.0	40.0
40-41	36.688956605549464	40.0	37.0	40.0	33.0	40.0
42-43	36.565020922410284	40.0	37.0	40.0	33.0	40.0
44-45	36.47750841598226	40.0	37.0	40.0	33.0	40.0
46-47	36.356467504422056	40.0	37.0	40.0	27.0	40.0
48-49	36.200848275797725	38.5	37.0	40.0	27.0	40.0
50-51	34.98301578969544	37.0	35.0	38.5	27.0	40.0
52-53	35.16053297547481	37.0	35.0	40.0	27.0	40.0
54-55	35.6685747189392	37.0	37.0	40.0	27.0	40.0
56-57	35.608659033693215	37.0	37.0	40.0	27.0	40.0
58-59	35.44604770068791	37.0	35.0	40.0	27.0	40.0
60-61	35.24062286977971	37.0	33.0	40.0	27.0	40.0
62-63	35.01560875256648	37.0	33.0	40.0	27.0	40.0
64-65	34.798243086536466	37.0	33.0	40.0	27.0	40.0
66-67	34.5860873762874	37.0	33.0	37.0	27.0	40.0
68-69	34.35103740427922	37.0	33.0	37.0	27.0	40.0
70-71	34.13453704543552	37.0	33.0	37.0	27.0	40.0
72-73	33.895567644173774	37.0	33.0	37.0	27.0	40.0
74-75	33.65101592752583	37.0	33.0	37.0	27.0	37.0
76-77	33.460374049474375	37.0	33.0	37.0	27.0	37.0
78-79	33.26384013377055	37.0	33.0	37.0	24.5	37.0
80-81	33.063159384116474	37.0	33.0	37.0	22.0	37.0
82-83	32.957809981244225	37.0	33.0	37.0	22.0	37.0
84-85	32.83408530728853	37.0	33.0	37.0	22.0	37.0
86-87	32.726669218533694	37.0	33.0	37.0	22.0	37.0
88-89	32.60948850180826	37.0	33.0	37.0	22.0	37.0
90-91	32.503109503173846	37.0	33.0	37.0	22.0	37.0
92-93	32.41444374845606	37.0	33.0	37.0	22.0	37.0
94-95	32.33931246563722	37.0	33.0	37.0	22.0	37.0
96-97	32.22096168021353	37.0	33.0	37.0	22.0	37.0
98-99	32.082062671955384	37.0	33.0	37.0	22.0	37.0
100	29.192887630620525	33.0	27.0	37.0	15.0	37.0
>>END_MODULE
>>Per sequence quality scores	pass
#Quality	Count
6	340.0
7	4972.0
8	17635.0
9	34443.0
10	56357.0
11	83151.0
12	114159.0
13	142582.0
14	170555.0
15	198017.0
16	225098.0
17	254656.0
18	285037.0
19	312762.0
20	338893.0
21	365111.0
22	395029.0
23	431359.0
24	477463.0
25	531954.0
26	594880.0
27	675498.0
28	784593.0
29	927573.0
30	1118765.0
31	1378522.0
32	1756355.0
33	2270912.0
34	2995898.0
35	4178688.0
36	7144193.0
37	1.6709609E7
38	1.6370624E7
39	143054.0
>>END_MODULE
>>Per base sequence content	fail
#Base	G	A	T	C
1	33.45937124295715	15.125533182207334	13.186041300424833	38.22905427441068
2	23.170513325066345	27.245591334881382	28.53175696225473	21.052138377797547
3	24.695501551771994	26.95089996725742	21.496011537852862	26.857586943117727
4	26.80309403655502	30.97259421672623	18.747485413466862	23.476826333251893
5	27.120887195975417	31.178771813120832	20.457725453037035	21.242615537866715
6	23.025065549809554	34.46478661612451	20.037825789135987	22.472322044929953
7	22.24670836872125	19.559380443933986	32.706892320783886	25.487018866560877
8	23.534168542118536	23.408839898598018	24.727214676730146	28.329776882553304
9	23.89163563401863	22.13513834249027	27.048958575942127	26.92426744754897
10-11	25.68605694405465	29.635977073329705	20.006609503135508	24.671356479480135
12-13	25.730417913771753	23.68748605130725	23.778284793847693	26.803811241073305
14-15	24.649065405262753	26.174865162704513	24.74488213996004	24.431187292072693
16-17	25.32136169913524	25.75203488079451	24.027631271723795	24.898972148346452
18-19	24.83435299703749	26.113591339500108	24.317455894402254	24.734599769060146
20-21	24.743400567814557	26.233357175640148	24.326394116698154	24.696848139847138
22-23	24.922710642113206	26.215796235983834	24.155874270112264	24.705618851790696
24-25	24.728258971462196	26.18965507609674	24.303586072223162	24.7784998802179
26-27	24.69183501660914	26.35064373986552	24.30936577244596	24.648155471079377
28-29	25.022318315704496	25.940163673882704	24.207164938423272	24.830353071989528
30-31	24.62719492137214	26.0390023151314	24.45929993891808	24.87450282457838
32-33	24.581522286641526	26.18604237360348	24.405085884968333	24.82734945478666
34-35	24.94847966653059	26.031881350755764	24.05047881078442	24.969160171929225
36-37	24.676108117537623	25.998494732111293	24.36421956451255	24.961177585838534
38-39	24.54871560041126	26.252838415625124	24.270177401434	24.928268582529615
40-41	24.916852244337388	25.914854645587145	24.12252546219707	25.045767647878403
42-43	24.636344962864996	26.02056815822678	24.252661236206443	25.090425642701774
44-45	24.535201054246816	26.142027925373473	24.406307457911335	24.916463562468376
46-47	24.872201822019118	25.897569460276216	24.127352692416952	25.102876025287713
48-49	24.663461266627515	26.023335033509774	24.32524886486884	24.987954834993868
50-51	24.570246350406602	26.138775452297025	24.32961826161853	24.961359935677837
52-53	24.792028314298857	25.988225058052304	24.115141346255005	25.104605281393834
54-55	24.547805726438252	26.04785235904264	24.325621830848288	25.07872008367082
56-57	24.54494188619672	26.20285978991103	24.333299649031385	24.918898674860863
58-59	24.86807369714346	25.971522070684998	24.05154249481155	25.108861737359987
60-61	24.58048281329362	26.024839300227175	24.347725614231535	25.04695227224767
62-63	24.591057182545505	26.293341263342533	24.281689740268796	24.833911813843166
64-65	24.789087113361138	26.06601121965954	24.093160953697137	25.05174071328219
66-67	24.62359740848875	26.189965603360644	24.153962069666928	25.032474918483683
68-69	24.631447461057494	26.406573145473995	24.150844105386103	24.811135288082408
70-71	24.78544623839169	26.11966892727527	24.045019380376452	25.04986545395659
72-73	24.6737285730824	26.272686633125065	24.186793787811737	24.866791005980797
74-75	24.676744548908626	26.467904963910243	24.119578586070304	24.73577190111083
76-77	24.866894612817106	26.206311765589412	23.97202846519194	24.954765156401542
78-79	24.581053748694902	26.21421184270768	24.25287115072869	24.951863257868723
80-81	24.573663020432463	26.44591069386437	24.24291297684752	24.737513308855643
82-83	24.79475230041403	26.247065857474784	24.0751913354211	24.882990506690092
84-85	24.647844050106883	26.29937702132006	24.14526580392572	24.90751312464734
86-87	24.562631520226244	26.503676011061177	24.122918261524358	24.81077420718822
88-89	24.77377039462748	26.280819308884794	24.00983998813324	24.935570308354485
90-91	24.561819402580564	26.360574646992003	24.182426521900545	24.895179428526887
92-93	24.56858400625191	26.5710110424733	24.098992081887726	24.76141286938706
94-95	24.86798430500619	26.18747211475564	23.963572227934595	24.980971352303577
96-97	24.564419458573994	25.761879517645315	24.359472693270696	25.314228330509998
98-99	24.780397404924777	22.45953461393621	25.92285085403976	26.83721712709925
100	26.734517679210185	0.0	35.06643106152102	38.19905125926879
>>END_MODULE
>>Per sequence GC content	pass
#GC Content	Count
0	7175.0
1	4679.5
2	2263.5
3	2644.5
4	3210.5
5	3819.5
6	5156.0
7	6948.0
8	9488.0
9	12683.0
10	16124.5
11	21227.0
12	25589.0
13	27263.5
14	27685.5
15	27433.5
16	27236.5
17	27576.5
18	28692.0
19	31552.0
20	37118.0
21	45462.5
22	57829.0
23	76115.5
24	100989.0
25	136528.0
26	181294.0
27	235437.0
28	299545.0
29	371262.0
30	453073.0
31	549604.0
32	658781.0
33	772410.0
34	889734.5
35	1025521.5
36	1172030.5
37	1327712.0
38	1448638.0
39	1547785.0
40	1656036.0
41	1721341.0
42	1790544.5
43	1902378.5
44	1964259.0
45	1990129.0
46	1984821.5
47	1956597.0
48	1957032.0
49	1941309.0
50	1932587.0
51	1930458.5
52	1913434.5
53	1892386.5
54	1858830.5
55	1806103.5
56	1727408.0
57	1630551.0
58	1578582.5
59	1549850.0
60	1500118.5
61	1423212.5
62	1306914.5
63	1184003.0
64	1073876.0
65	967777.5
66	861964.5
67	767399.0
68	677987.0
69	599207.0
70	515639.0
71	429153.0
72	365828.0
73	312046.0
74	264820.0
75	223357.5
76	187274.5
77	164851.5
78	150265.0
79	132086.0
80	112643.0
81	96107.5
82	83762.0
83	72744.5
84	62746.5
85	51869.5
86	43618.0
87	38211.0
88	32524.0
89	27246.5
90	23278.0
91	21872.5
92	19116.5
93	14157.5
94	11046.5
95	9487.5
96	8770.0
97	7238.5
98	5408.0
99	3661.5
100	1952.5
>>END_MODULE
>>Per base N content	pass
#Base	N-Count
1	0.010906062357403764
2	0.0
3	0.0
4	0.0
5	0.0
6	0.0
7	0.0
8	0.0
9	0.0
10-11	0.0
12-13	0.0
14-15	0.0
16-17	0.0
18-19	0.0
20-21	0.0
22-23	0.0
24-25	0.0
26-27	0.0
28-29	0.0
30-31	0.0
32-33	0.0
34-35	0.0013848070533207882
36-37	1.5450652851072376E-5
38-39	6.5056973888846815E-6
40-41	5.936638597805649E-5
42-43	3.8549014759157183E-4
44-45	7.889114702823515E-5
46-47	0.014882012167120613
48-49	0.01606577396676966
50-51	0.0
52-53	0.0
54-55	0.0
56-57	0.0
58-59	0.0
60-61	2.4426102214835188E-5
62-63	0.0
64-65	0.0
66-67	9.700505295244988E-5
68-69	0.001095406755563506
70-71	4.08111010439194E-6
72-73	0.0
74-75	4.0890526647166303E-4
76-77	0.0011308685372531557
78-79	0.0038235792653447628
80-81	0.0036426283026664372
82-83	0.004438192121504836
84-85	0.002118994804028201
86-87	3.3221560869223167E-4
88-89	9.355537052567075E-4
90-91	4.426939268565892E-4
92-93	1.0914053216167894E-4
94-95	0.0011590405126168195
96-97	0.0010409443267845393
98-99	0.0030744284198495767
100	0.0
>>END_MODULE
>>Sequence Length Distribution	fail
#Length	Count
0-1	1.0
2-3	0.0
4-5	0.0
6-7	0.0
8-9	0.0
10-11	0.0
12-13	0.0
14-15	0.0
16-17	0.0
18-19	0.0
20-21	0.0
22-23	0.0
24-25	2.0
26-27	0.0
28-29	0.0
30-31	3.0
32-33	16.0
34-35	2301.0
36-37	1415.0
38-39	1878.0
40-41	2264.0
42-43	2915.0
44-45	3439.0
46-47	4129.0
48-49	5113.0
50-51	6487.0
52-53	8020.0
54-55	9849.0
56-57	11976.0
58-59	14909.0
60-61	18284.0
62-63	22533.0
64-65	28170.0
66-67	33866.0
68-69	41209.0
70-71	50896.0
72-73	62123.0
74-75	75706.0
76-77	91399.0
78-79	109504.0
80-81	131112.0
82-83	156869.0
84-85	187025.0
86-87	219186.0
88-89	254224.0
90-91	294099.0
92-93	354830.0
94-95	748833.0
96-97	2362821.0
98-99	1.7754514E7
100-101	3.8416818E7
>>END_MODULE
>>Sequence Duplication Levels	fail
#Total Deduplicated Percentage	35.08273747852723
#Duplication Level	Percentage of deduplicated	Percentage of total
1	67.99982360193934	23.856199600129973
2	13.819465675482286	9.696493727729258
3	5.789048413166281	6.092869971887917
4	3.2682610888243127	4.586381831620356
5	2.0065325285193216	3.51973269700844
6	1.4056375274430282	2.9588167419149918
7	0.9812977979281098	2.409862912307812
8	0.7072504366166755	1.9849825119517268
9	0.5552302281856427	1.7531096702021705
>10	3.092676736929402	19.56119276385785
>50	0.2131136073992213	5.159712836150048
>100	0.13998632172688324	9.667407170574663
>500	0.01402207576462424	3.3727654913155476
>1k	0.007371154100386618	4.4114709316445015
>5k	1.993550313145917E-4	0.489136889366779
>10k+	8.345094334099188E-5	0.47986425233807223
>>END_MODULE
>>Overrepresented sequences	pass
>>END_MODULE
>>Adapter Content	pass
#Position	Illumina Universal Adapter	Illumina Small RNA 3' Adapter	Illumina Small RNA 5' Adapter	Nextera Transposase Sequence	SOLID Small RNA Adapter
1	0.0	1.6263140739691227E-6	0.0	4.878942221907368E-6	0.0
2	0.0	6.505256295876491E-6	0.0	4.878942221907368E-6	0.0
3	1.6263140739691227E-6	9.757884443814735E-6	0.0	4.878942221907368E-6	1.6263140739691227E-6
4	1.6263140739691227E-6	9.757884443814735E-6	0.0	4.878942221907368E-6	1.6263140739691227E-6
5	1.6263140739691227E-6	9.757884443814735E-6	0.0	8.131570369845613E-6	1.6263140739691227E-6
6	3.2526281479382454E-6	9.757884443814735E-6	0.0	1.1384198517783858E-5	1.6263140739691227E-6
7	3.2526281479382454E-6	1.6263140739691226E-5	0.0	1.3010512591752982E-5	1.6263140739691227E-6
8	3.2526281479382454E-6	1.951576888762947E-5	0.0	1.4636826665722104E-5	1.6263140739691227E-6
9	4.878942221907368E-6	2.1142082961598595E-5	0.0	1.6263140739691226E-5	1.6263140739691227E-6
10-11	4.878942221907368E-6	3.252628147938245E-5	0.0	1.951576888762947E-5	1.6263140739691227E-6
12-13	4.878942221907368E-6	4.472363703415087E-5	0.0	2.3581554072552277E-5	1.6263140739691227E-6
14-15	4.878942221907368E-6	5.448152147796561E-5	0.0	2.7647339257475084E-5	1.6263140739691227E-6
16-17	4.878942221907368E-6	6.179993481082666E-5	0.0	3.252628147938245E-5	1.6263140739691227E-6
18-19	6.505256295876491E-6	6.179993481082666E-5	0.0	3.4965752590336135E-5	3.2526281479382454E-6
20-21	6.505256295876491E-6	6.342624888479577E-5	0.0	3.903153777525894E-5	3.2526281479382454E-6
22-23	6.505256295876491E-6	7.15578192546414E-5	0.0	4.228416592319719E-5	9.757884443814735E-6
24-25	7.318413332861052E-6	8.21288607354407E-5	0.0	4.309732296018175E-5	9.757884443814735E-6
26-27	9.757884443814735E-6	8.456833184639438E-5	0.0	4.553679407113543E-5	1.3010512591752982E-5
28-29	1.1384198517783858E-5	8.944727406830174E-5	0.0	4.6349951108119996E-5	1.788945481366035E-5
30-31	1.5449983702706664E-5	9.269990221623999E-5	0.0	5.0415736293042796E-5	1.951576888762947E-5
32-33	2.0328925924614033E-5	1.0164462962307017E-4	0.0	5.529467851495017E-5	2.114208296159859E-5
34-35	3.1713124442397894E-5	1.0814988591894665E-4	0.0	5.8547306662888416E-5	2.2768397035567715E-5
36-37	4.553679407113543E-5	1.3335775406546807E-4	0.0	5.8547306662888416E-5	2.2768397035567715E-5
38-39	7.9689389624487E-5	1.4636826665722104E-4	0.0	5.8547306662888416E-5	2.439471110953684E-5
40-41	1.0001831554910104E-4	1.5287352295309753E-4	0.0	6.017362073685754E-5	2.439471110953684E-5
42-43	1.301051259175298E-4	1.5856562221198945E-4	1.6263140739691227E-6	6.261309184781122E-5	2.439471110953684E-5
44-45	1.6507087850786594E-4	1.7482876295168067E-4	1.6263140739691227E-6	6.342624888479579E-5	2.52078681465214E-5
46-47	2.1142082961598594E-4	1.8458664739549543E-4	1.6263140739691227E-6	6.342624888479579E-5	2.7647339257475084E-5
48-49	2.748470785007817E-4	1.9190506072835645E-4	1.6263140739691227E-6	6.830519110670315E-5	3.171312444239789E-5
50-51	3.545364681252687E-4	1.9678400295026382E-4	3.2526281479382454E-6	7.237097629162595E-5	3.252628147938245E-5
52-53	4.765100236729529E-4	2.0003663109820208E-4	3.2526281479382454E-6	7.724991851353332E-5	3.333943851636702E-5
54-55	6.131204058863592E-4	2.05728730357094E-4	3.2526281479382454E-6	8.375517480940981E-5	3.4152595553351576E-5
56-57	7.871360118010553E-4	2.1792608591186244E-4	3.2526281479382454E-6	8.700780295734806E-5	3.4152595553351576E-5
58-59	9.69283188085597E-4	2.2524449924472348E-4	3.2526281479382454E-6	9.026043110528631E-5	3.821838073827438E-5
60-61	0.0011904619021453977	2.3500238368853821E-4	3.2526281479382454E-6	9.269990221623999E-5	4.0657851849228065E-5
62-63	0.0015010878902735002	2.439471110953684E-4	3.2526281479382454E-6	9.432621629020911E-5	4.147100888621263E-5
64-65	0.0018694480280275064	2.463865822063221E-4	3.2526281479382454E-6	9.839200147513191E-5	4.391047999716631E-5
66-67	0.0023451448946634748	2.4963921035426034E-4	3.2526281479382454E-6	1.0408410073402385E-4	4.6349951108119996E-5
68-69	0.0028745101257404244	2.537049955391831E-4	3.2526281479382454E-6	1.0896304295593122E-4	4.797626518208911E-5
70-71	0.0032680781316409523	2.6590235109395154E-4	3.2526281479382454E-6	1.1221567110386947E-4	4.878942221907368E-5
72-73	0.003757598667905658	2.748470785007817E-4	3.2526281479382454E-6	1.154682992518077E-4	4.878942221907368E-5
74-75	0.004400805884160445	2.935496903514266E-4	3.2526281479382454E-6	1.1709461332577683E-4	4.878942221907368E-5
76-77	0.0050659683404138175	3.016812607212722E-4	4.878942221907368E-6	1.179077703627614E-4	4.878942221907368E-5
78-79	0.005574191488529168	3.1225230220207153E-4	4.878942221907368E-6	1.219735555476842E-4	4.9602579256058244E-5
80-81	0.006253177614411276	3.220101866458863E-4	4.878942221907368E-6	1.244130266586379E-4	5.04157362930428E-5
82-83	0.007366389598043141	3.342075422006547E-4	4.878942221907368E-6	1.2685249776959157E-4	5.04157362930428E-5
84-85	0.008224270272061853	3.496575259033614E-4	5.692099258891929E-6	1.2847881184356068E-4	5.04157362930428E-5
86-87	0.008620277749073334	3.6429435256908344E-4	9.757884443814735E-6	1.3335775406546804E-4	5.122889333002736E-5
88-89	0.008621904063147303	3.732390799759136E-4	1.1384198517783858E-5	1.3417091110245262E-4	5.2855207403996485E-5
>>END_MODULE
