##FastQC	0.11.8
>>Basic Statistics	pass
#Measure	Value
Filename	SRR3184289_2.gz
File type	Conventional base calls
Encoding	Sanger / Illumina 1.9
Total Sequences	80547454
Sequences flagged as poor quality	0
Sequence length	0-100
%GC	50
>>END_MODULE
>>Per base sequence quality	pass
#Base	Mean	Median	Lower Quartile	Upper Quartile	10th Percentile	90th Percentile
1	31.883706645086264	33.0	33.0	33.0	27.0	33.0
2	31.906200266646632	33.0	33.0	33.0	33.0	33.0
3	31.93232427952241	33.0	33.0	33.0	33.0	33.0
4	35.720511516578455	37.0	37.0	37.0	33.0	37.0
5	35.70982095733806	37.0	37.0	37.0	33.0	37.0
6	35.68759524758465	37.0	37.0	37.0	33.0	37.0
7	35.58839637959957	37.0	37.0	37.0	33.0	37.0
8	35.62258710250865	37.0	37.0	37.0	33.0	37.0
9	35.60511640511919	37.0	37.0	37.0	33.0	37.0
10-11	35.60687830340804	37.0	37.0	37.0	33.0	37.0
12-13	35.55184057695321	37.0	37.0	37.0	33.0	37.0
14-15	37.4899550483139	40.0	37.0	40.0	33.0	40.0
16-17	37.332384680838146	40.0	37.0	40.0	33.0	40.0
18-19	37.381668343890055	40.0	37.0	40.0	33.0	40.0
20-21	37.38053566435373	40.0	37.0	40.0	33.0	40.0
22-23	37.32952343324277	40.0	37.0	40.0	33.0	40.0
24-25	37.28141035555455	40.0	37.0	40.0	33.0	40.0
26-27	37.17122923881311	40.0	37.0	40.0	33.0	40.0
28-29	37.09400794765992	40.0	37.0	40.0	33.0	40.0
30-31	36.997916297503195	40.0	37.0	40.0	33.0	40.0
32-33	36.87899117706709	40.0	37.0	40.0	33.0	40.0
34-35	36.77027408642832	40.0	37.0	40.0	33.0	40.0
36-37	36.64695974430886	40.0	37.0	40.0	33.0	40.0
38-39	36.53271041626096	40.0	37.0	40.0	33.0	40.0
40-41	36.416203290662935	40.0	37.0	40.0	33.0	40.0
42-43	36.266759953495914	40.0	37.0	40.0	33.0	40.0
44-45	36.07629556180613	37.0	37.0	40.0	33.0	40.0
46-47	35.934953868527934	37.0	37.0	40.0	33.0	40.0
48-49	35.752061220109844	37.0	37.0	40.0	27.0	40.0
50-51	35.076699949001906	37.0	35.0	38.5	27.0	40.0
52-53	35.078572607305695	37.0	35.0	40.0	27.0	40.0
54-55	35.61966130925863	37.0	37.0	40.0	27.0	40.0
56-57	35.62475721540362	37.0	37.0	40.0	27.0	40.0
58-59	35.466276686794735	37.0	37.0	40.0	27.0	40.0
60-61	35.261977230911796	37.0	37.0	40.0	27.0	40.0
62-63	35.043955242331855	37.0	35.0	40.0	27.0	40.0
64-65	34.816122038752766	37.0	33.0	40.0	27.0	40.0
66-67	34.58844527524998	37.0	33.0	37.0	27.0	40.0
68-69	34.34185218473701	37.0	33.0	37.0	27.0	40.0
70-71	34.11718396509998	37.0	33.0	37.0	27.0	40.0
72-73	33.90300879423549	37.0	33.0	37.0	27.0	40.0
74-75	33.68593843012452	37.0	33.0	37.0	27.0	37.0
76-77	33.476049437758654	37.0	33.0	37.0	27.0	37.0
78-79	33.268155092953336	37.0	33.0	37.0	27.0	37.0
80-81	33.080278437184006	37.0	33.0	37.0	27.0	37.0
82-83	32.90945620560912	37.0	33.0	37.0	27.0	37.0
84-85	32.76815614212279	37.0	33.0	37.0	27.0	37.0
86-87	32.62241613006751	37.0	33.0	37.0	27.0	37.0
88-89	32.48517901183811	37.0	33.0	37.0	27.0	37.0
90-91	32.337853494067545	37.0	33.0	37.0	22.0	37.0
92-93	32.17641074508286	37.0	33.0	37.0	22.0	37.0
94-95	32.01832508367749	37.0	33.0	37.0	22.0	37.0
96-97	31.841384515038012	37.0	33.0	37.0	22.0	37.0
98-99	31.643943356565927	37.0	33.0	37.0	22.0	37.0
100	30.539131080028103	33.0	33.0	37.0	15.0	37.0
>>END_MODULE
>>Per sequence quality scores	pass
#Quality	Count
2	736548.0
3	156270.0
4	126028.0
5	119463.0
6	120189.0
7	126756.0
8	132410.0
9	138455.0
10	148536.0
11	149761.0
12	150162.0
13	149842.0
14	152637.0
15	158241.0
16	164974.0
17	171262.0
18	178136.0
19	186860.0
20	202715.0
21	230682.0
22	269691.0
23	322970.0
24	391832.0
25	473342.0
26	572072.0
27	693898.0
28	845914.0
29	1045356.0
30	1314688.0
31	1691527.0
32	2221348.0
33	2982487.0
34	4099276.0
35	6037003.0
36	1.0936402E7
37	2.3638735E7
38	1.9233604E7
39	77084.0
>>END_MODULE
>>Per base sequence content	warn
#Base	G	A	T	C
1	31.994095483644386	11.166308590709273	11.57889795637229	45.26069796927405
2	23.860858371328103	17.228399619144348	32.069968246634275	26.84077376289327
3	28.208481919412137	19.685223779061463	21.82051676948584	30.28577753204056
4	30.603643743344577	26.042667476481213	18.106058226444063	25.24763055373015
5	31.464431048820906	28.590138143640313	20.12816384201203	19.817266965526752
6	25.74881727401039	32.68658414029081	20.384443508771998	21.180155076926805
7	22.73683939471075	19.567828151834686	36.15162719342387	21.543705260030695
8	22.635626313857887	22.222324722342385	28.154663477006398	26.98738548679333
9	23.187611292509676	20.765838107459206	30.407518953211323	25.6390316468198
10-11	26.14564390791977	29.051359805236366	21.79330474173644	23.009691545107433
12-13	24.858172565172175	23.713437955158017	26.397350734587828	25.03103874508198
14-15	24.92839005952042	24.706403512766975	25.969596498533527	24.395609929179077
16-17	25.805405477301008	24.598968618060578	25.00116412055695	24.59446178408146
18-19	25.42622291718638	24.756173918106413	24.92935406875828	24.88824909594893
20-21	25.157418374735784	24.775795851717355	25.143107514597013	24.923678258949845
22-23	25.302829545883576	24.924140569229884	25.063353990945714	24.709675893940826
24-25	25.21739027278619	24.952104080209402	25.04438671993562	24.78611892706879
26-27	24.963028611476425	25.04411305568435	25.233611336609655	24.759246996229574
28-29	25.13305971302596	24.779704690400735	25.015115484512968	25.072120112060343
30-31	24.934220124231047	24.80354367840526	25.070990882533344	25.191245314830347
32-33	24.943101040841974	24.97685791668095	25.150609977155185	24.929431065321893
34-35	25.220554169414278	24.94245731660957	24.90172051904281	24.935267994933344
36-37	25.014731122733274	24.905138403223454	25.013081733978108	25.067048740065168
38-39	24.898493656920966	25.056136487257685	25.02428064019666	25.02108921562469
40-41	25.0817208599573	24.963690800945567	24.947530529623492	25.007057809473636
42-43	24.978854868539578	24.93954284565327	25.077875214271277	25.00372707153587
44-45	24.976529281788444	25.00723600223142	25.165504134499823	24.850730581480317
46-47	25.054839387437255	25.10130568289467	24.846752626558583	24.997102303109497
48-49	24.97223342371747	25.085676525407525	24.958418798587935	24.983671252287067
50-51	24.967606783464127	25.0560407508494	25.10611345945969	24.87023900622678
52-53	24.99564617593993	25.137807192542827	24.914077340432648	24.952469291084594
54-55	24.78578024594977	25.045890028540015	25.047408220129352	25.12092150538086
56-57	24.804156895926372	25.076696864724223	25.183737439464064	24.93540879988534
58-59	24.92152421545642	25.073032972082437	25.01625308014553	24.989189732315616
60-61	24.79903777873651	25.05459392799952	25.129387393374202	25.016980899889766
62-63	24.683566129562156	25.19924801954097	25.19938414338916	24.917801707507717
64-65	24.860924202190564	25.10858716399425	25.080936792738196	24.94955184107699
66-67	24.78981912702841	25.036311811679518	25.122433687066675	25.0514353742254
68-69	24.85836921718094	25.188642879188528	25.182909006777106	24.770078896853427
70-71	24.957223394249414	25.149948940892365	25.011874290603075	24.880953374255146
72-73	24.801499450580337	25.198778492595398	25.02828802424311	24.971434032581158
74-75	24.78934485445513	25.302404914736275	25.08163037108303	24.82661985972556
76-77	24.930090047823384	25.2401342355167	24.913712096297626	24.91606362036229
78-79	24.879087238480153	25.115559719171166	25.103568555982925	24.90178448636576
80-81	24.789210238796727	25.20824658025525	25.083513757339826	24.919029423608194
82-83	24.950381596124107	25.207151586092095	24.937530620856855	24.904936196926943
84-85	24.861474382218756	25.228915490630083	25.007231432561305	24.902378694589856
86-87	24.809983736371986	25.400486267709923	25.04426196158126	24.74526803433683
88-89	24.93521257519249	25.248269661923175	24.960017260328975	24.856500502555363
90-91	24.84659778374897	25.183152526132435	24.999352888387822	24.97089680173077
92-93	24.71165154347672	25.35319116624228	25.062401447339838	24.872755842941167
94-95	24.92723469300785	25.307736789620527	24.94079048201104	24.824238035360587
96-97	24.908850747882806	24.929918063381084	25.104393973555528	25.056837215180582
98-99	24.201170372766683	24.638429401114212	25.67974651532255	25.480653710796553
100	25.797052103579748	23.68826575428138	24.882335663969368	25.632346478169506
>>END_MODULE
>>Per sequence GC content	pass
#GC Content	Count
0	469.0
1	451.0
2	446.5
3	511.5
4	601.0
5	691.5
6	792.5
7	914.5
8	1079.0
9	1227.0
10	1430.5
11	1672.5
12	1917.5
13	2321.0
14	2895.5
15	3601.0
16	4927.0
17	7274.5
18	10819.5
19	15999.0
20	24704.0
21	38469.5
22	58691.0
23	87245.5
24	126891.0
25	178353.0
26	243360.0
27	319337.5
28	402342.5
29	493991.5
30	588328.5
31	691325.5
32	806441.5
33	917696.5
34	1027657.5
35	1171335.5
36	1330291.0
37	1492864.5
38	1656034.0
39	1809161.0
40	1938812.5
41	2045925.5
42	2181148.5
43	2328500.0
44	2441140.0
45	2525397.0
46	2574511.5
47	2598305.0
48	2602929.5
49	2591912.5
50	2604738.0
51	2579352.0
52	2574638.0
53	2590476.0
54	2555498.0
55	2556315.0
56	2507594.0
57	2398672.5
58	2312898.5
59	2225471.5
60	2147078.5
61	2063735.5
62	1957198.0
63	1816354.5
64	1658486.0
65	1474124.5
66	1275992.5
67	1126119.0
68	987373.5
69	834133.0
70	696220.5
71	573564.0
72	464073.0
73	379287.0
74	315548.5
75	256436.5
76	202327.0
77	161593.0
78	127424.0
79	94725.5
80	65807.5
81	43259.0
82	27928.0
83	18264.0
84	12109.5
85	8860.5
86	7133.5
87	6103.0
88	5177.0
89	4443.5
90	3862.5
91	3373.0
92	3039.5
93	2684.5
94	2265.5
95	1895.0
96	1700.0
97	1545.0
98	1420.5
99	1328.0
100	1269.0
>>END_MODULE
>>Per base N content	pass
#Base	N-Count
1	0.0
2	0.0
3	0.0
4	0.0
5	0.0
6	0.0
7	0.0
8	0.0
9	0.0
10-11	0.0
12-13	0.0
14-15	0.0
16-17	0.0
18-19	0.0
20-21	0.0
22-23	7.663874488640551E-4
24-25	6.397261465280689E-4
26-27	1.2422450986350063E-6
28-29	0.0
30-31	0.0
32-33	0.0
34-35	0.0
36-37	0.0
38-39	1.304650715741944E-5
40-41	0.0
42-43	0.0
44-45	0.0
46-47	9.183567433941505E-4
48-49	0.0019424109092358358
50-51	0.0
52-53	0.0
54-55	0.0
56-57	9.32208800328252E-6
58-59	1.553757241068096E-5
60-61	5.469509501411261E-4
62-63	0.0
64-65	2.150759380922436E-4
66-67	8.790089389303441E-4
68-69	3.748793345485226E-4
70-71	0.0
72-73	0.0
74-75	0.0
76-77	0.0
78-79	0.0
80-81	0.0
82-83	0.0
84-85	1.8671799702077743E-6
86-87	1.2451672723471571E-6
88-89	2.4912430781667437E-6
90-91	6.299718039949222E-4
92-93	1.6585779089880564E-4
94-95	0.011984557464271097
96-97	0.009997653989161718
98-99	0.003997582024243375
100	0.005989636619858152
>>END_MODULE
>>Sequence Length Distribution	fail
#Length	Count
0-1	402.0
2-3	1862.0
4-5	1809.0
6-7	1470.0
8-9	3639.0
10-11	4066.0
12-13	5309.0
14-15	5500.0
16-17	5036.0
18-19	4823.0
20-21	4879.0
22-23	4358.0
24-25	3969.0
26-27	3396.0
28-29	3155.0
30-31	2752.0
32-33	2856.0
34-35	2934.0
36-37	3227.0
38-39	3079.0
40-41	2846.0
42-43	2742.0
44-45	2842.0
46-47	2780.0
48-49	2906.0
50-51	3151.0
52-53	3217.0
54-55	3441.0
56-57	3888.0
58-59	4038.0
60-61	4456.0
62-63	4674.0
64-65	5098.0
66-67	5493.0
68-69	6118.0
70-71	7206.0
72-73	8106.0
74-75	8825.0
76-77	10087.0
78-79	11733.0
80-81	15036.0
82-83	19336.0
84-85	23782.0
86-87	27710.0
88-89	35914.0
90-91	49658.0
92-93	64841.0
94-95	173534.0
96-97	2030864.0
98-99	0.0
100-101	7.7934611E7
>>END_MODULE
>>Sequence Duplication Levels	fail
#Total Deduplicated Percentage	37.51280202661966
#Duplication Level	Percentage of deduplicated	Percentage of total
1	69.99366417314506	26.25658467244892
2	13.917504046985812	10.441691480385133
3	5.4654388821650155	6.15071780325737
4	2.8755772517805767	4.314838406331832
5	1.735760359719159	3.2556617369899468
6	1.144068067055656	2.5750319342661743
7	0.7938401871388558	2.0845418846640222
8	0.6028127425647696	1.8090556056764677
9	0.4412878793141146	1.489855036811149
>10	2.6570218990720216	18.50721814805119
>50	0.21934188883308295	5.692367440912563
>100	0.13638706490341593	9.722056030362985
>500	0.011295649663064157	2.8943850269592986
>1k	0.005668558290772902	3.7727354825784425
>5k	2.75019975986921E-4	0.6857184065582621
>10k+	5.6329392672019956E-5	0.3475409037460791
>>END_MODULE
>>Overrepresented sequences	pass
>>END_MODULE
>>Adapter Content	pass
#Position	Illumina Universal Adapter	Illumina Small RNA 3' Adapter	Illumina Small RNA 5' Adapter	Nextera Transposase Sequence	SOLID Small RNA Adapter
1	1.2415041697034893E-6	8.690529187924426E-6	0.0	1.2415041697034893E-6	2.4830083394069786E-6
2	3.724512509110468E-6	7.324874601250587E-5	0.0	2.6071587563773275E-5	4.966016678813957E-6
3	7.449025018220936E-6	7.945626686102332E-5	0.0	2.8554595903180253E-5	4.966016678813957E-6
4	2.6071587563773275E-5	8.193927520043029E-5	1.2415041697034893E-6	3.227910841229072E-5	6.207520848517447E-6
5	3.227910841229072E-5	8.690529187924425E-5	2.4830083394069786E-6	3.600362092140119E-5	6.207520848517447E-6
6	3.972813343051166E-5	8.938830021865123E-5	2.4830083394069786E-6	3.600362092140119E-5	6.207520848517447E-6
7	4.593565427902911E-5	1.1173537527331404E-4	2.4830083394069786E-6	3.600362092140119E-5	6.207520848517447E-6
8	4.9660166788139576E-5	1.16701391952128E-4	2.4830083394069786E-6	3.972813343051166E-5	6.207520848517447E-6
9	6.0833704315470975E-5	1.3408245032797683E-4	2.4830083394069786E-6	4.221114176991864E-5	8.690529187924426E-6
10-11	9.062980438835473E-5	1.5394651704323268E-4	3.724512509110468E-6	4.7177158448732595E-5	9.932033357627915E-6
12-13	1.2725417739460767E-4	1.7629359209789548E-4	4.966016678813957E-6	5.152242304269481E-5	1.1794289612183149E-5
14-15	1.6201629414630536E-4	2.0298593174652052E-4	4.966016678813957E-6	5.400543138210179E-5	1.2415041697034894E-5
16-17	2.0671044425563096E-4	2.3898955266792168E-4	6.207520848517447E-6	6.021295223061924E-5	1.4277297951590127E-5
18-19	2.501630901952531E-4	2.5078384228010485E-4	6.207520848517447E-6	6.890348141854366E-5	1.613955420614536E-5
20-21	2.9299498405002347E-4	2.6009512355288104E-4	6.207520848517447E-6	7.635250643676458E-5	1.613955420614536E-5
22-23	3.5196643211093926E-4	2.6630264440139845E-4	7.449025018220936E-6	8.256002728528205E-5	1.613955420614536E-5
24-25	4.0286810306878226E-4	2.737516694196194E-4	7.449025018220936E-6	9.062980438835473E-5	1.613955420614536E-5
26-27	4.382509719053317E-4	2.8120069443784035E-4	8.690529187924426E-6	9.869958149142741E-5	1.738105837584885E-5
28-29	4.984639241359509E-4	2.886497194560613E-4	8.690529187924426E-6	1.042863502550931E-4	1.986406671525583E-5
30-31	5.487448430089423E-4	2.948572403045787E-4	8.690529187924426E-6	1.0863161484905532E-4	2.1726322969811063E-5
32-33	6.008880181364888E-4	3.004440090682444E-4	8.690529187924426E-6	1.1235612735816578E-4	2.420933130921804E-5
34-35	6.499274328397766E-4	3.252740924623142E-4	9.311281272776171E-6	1.1732214403697974E-4	2.4830083394069788E-5
36-37	6.97725343373361E-4	3.6189846546856716E-4	9.932033357627915E-6	1.1980515237638672E-4	2.545083547892153E-5
38-39	7.411779893129831E-4	3.805210280141195E-4	9.932033357627915E-6	1.2290891280064545E-4	2.793384381832851E-5
40-41	7.840098831677536E-4	3.923153176263026E-4	9.932033357627915E-6	1.3035793781886637E-4	2.9175347988031997E-5
42-43	8.2187576034371E-4	4.053511114081893E-4	9.932033357627915E-6	1.3594470658253208E-4	3.041685215773549E-5
44-45	8.709151750469978E-4	4.2024916144463114E-4	9.932033357627915E-6	1.4091072326134605E-4	3.227910841229072E-5
46-47	9.174715814108786E-4	4.363887156507765E-4	9.932033357627915E-6	1.4401448368560476E-4	3.352061258199421E-5
48-49	9.603034752656489E-4	4.500452615175149E-4	9.932033357627915E-6	1.4711824410986346E-4	3.414136466684595E-5
50-51	9.932033357627915E-4	4.6059804695999454E-4	1.1173537527331403E-5	1.4960125244927047E-4	3.5382868836549446E-5
52-53	0.0010372767337872653	4.872903866086196E-4	1.1173537527331403E-5	1.5705027746749142E-4	3.848662926080817E-5
54-55	0.001098731190187588	5.102582137481341E-4	1.1173537527331403E-5	1.6077478997660185E-4	3.848662926080817E-5
56-57	0.0011440460923817653	5.319845367179451E-4	1.1173537527331403E-5	1.7008607124937804E-4	3.9107381345659915E-5
58-59	0.001188740242491091	5.679881576393464E-4	1.3656545866738383E-5	1.793973525221542E-4	3.972813343051166E-5
60-61	0.0012191570946488265	5.822654555909365E-4	1.3656545866738383E-5	1.998821713222618E-4	3.972813343051166E-5
62-63	0.0012830945593885561	6.195105806820412E-4	1.3656545866738383E-5	2.0733119634048272E-4	4.407339802447387E-5
64-65	0.0013606885699950244	6.331671265487795E-4	1.3656545866738383E-5	2.1912548595266588E-4	4.5314902194177364E-5
66-67	0.0014258675389044575	6.505481849246284E-4	1.3656545866738383E-5	2.2719526305573854E-4	4.841866261843608E-5
68-69	0.0014792522182017075	6.61100970367108E-4	1.4277297951590127E-5	2.433348172618839E-4	4.9039414703287826E-5
70-71	0.001534499153753513	6.884140621005849E-4	1.4898050036441872E-5	2.557498589589188E-4	5.090167095784306E-5
72-73	0.001585400824711356	7.293836997008E-4	1.613955420614536E-5	2.6754414857110197E-4	5.338467929725004E-5
74-75	0.001653062801960196	7.486270143312041E-4	1.6760306290997104E-5	2.849252069469508E-4	5.5246935551805275E-5
76-77	0.0016989984562392252	7.579382956039802E-4	1.986406671525583E-5	2.973402486439857E-4	5.586768763665702E-5
78-79	0.0017393473417545886	7.666288247919046E-4	1.986406671525583E-5	3.0541002574705834E-4	5.586768763665702E-5
80-81	0.0017716264501668791	7.771816102343843E-4	2.0484818800107573E-5	3.2341183620775897E-4	5.8971448060915744E-5
82-83	0.0018423921878399782	7.858721394223087E-4	2.110557088495932E-5	3.283778528865729E-4	5.959220014576749E-5
84-85	0.0018877070900341554	7.989079332041954E-4	2.110557088495932E-5	3.4637966334727355E-4	5.959220014576749E-5
86-87	0.0018995013796463387	8.200135040891546E-4	2.2347075054662807E-5	4.2583593020829684E-4	5.959220014576749E-5
88-89	0.0019001221317311904	8.274625291073757E-4	2.3588579224366297E-5	4.674263198933637E-4	6.021295223061923E-5
>>END_MODULE
