##FastQC	0.11.8
>>Basic Statistics	pass
#Measure	Value
Filename	SRR3184306_2.gz
File type	Conventional base calls
Encoding	Sanger / Illumina 1.9
Total Sequences	62205276
Sequences flagged as poor quality	0
Sequence length	5-100
%GC	50
>>END_MODULE
>>Per base sequence quality	pass
#Base	Mean	Median	Lower Quartile	Upper Quartile	10th Percentile	90th Percentile
1	32.056221469059956	33.0	33.0	33.0	33.0	33.0
2	32.00144346276994	33.0	33.0	33.0	27.0	33.0
3	31.99866527398737	33.0	33.0	33.0	27.0	33.0
4	35.783651502486705	37.0	37.0	37.0	33.0	37.0
5	35.7841570705353	37.0	37.0	37.0	33.0	37.0
6	35.76138719746838	37.0	37.0	37.0	33.0	37.0
7	35.7430464217062	37.0	37.0	37.0	33.0	37.0
8	35.7169224474934	37.0	37.0	37.0	33.0	37.0
9	35.69684027600553	37.0	37.0	37.0	33.0	37.0
10-11	35.629035961982325	37.0	37.0	37.0	33.0	37.0
12-13	35.56322065934119	37.0	37.0	37.0	33.0	37.0
14-15	37.50402486766596	40.0	37.0	40.0	33.0	40.0
16-17	37.4778846006227	40.0	37.0	40.0	33.0	40.0
18-19	37.46309001929499	40.0	37.0	40.0	33.0	40.0
20-21	37.425036333333466	40.0	37.0	40.0	33.0	40.0
22-23	37.36014010065867	40.0	37.0	40.0	33.0	40.0
24-25	37.29930697999487	40.0	37.0	40.0	33.0	40.0
26-27	37.20681803914539	40.0	37.0	40.0	33.0	40.0
28-29	37.14412267944328	40.0	37.0	40.0	33.0	40.0
30-31	37.040023836398625	40.0	37.0	40.0	33.0	40.0
32-33	36.94029646310993	40.0	37.0	40.0	33.0	40.0
34-35	36.80592278314627	40.0	37.0	40.0	33.0	40.0
36-37	36.71418271698911	40.0	37.0	40.0	33.0	40.0
38-39	36.61269955828179	40.0	37.0	40.0	33.0	40.0
40-41	36.52585819391784	40.0	37.0	40.0	33.0	40.0
42-43	36.38955607864586	40.0	37.0	40.0	27.0	40.0
44-45	36.28989587715543	40.0	37.0	40.0	27.0	40.0
46-47	36.15103611646728	40.0	37.0	40.0	27.0	40.0
48-49	35.97954330753163	37.0	37.0	40.0	27.0	40.0
50-51	34.74252008628799	37.0	35.0	38.5	24.5	40.0
52-53	34.90873070326033	37.0	33.0	38.5	27.0	40.0
54-55	35.39737135379549	37.0	37.0	40.0	27.0	40.0
56-57	35.31829794788014	37.0	33.0	40.0	27.0	40.0
58-59	35.14572707192998	37.0	33.0	40.0	27.0	40.0
60-61	34.928459226843685	37.0	33.0	40.0	27.0	40.0
62-63	34.6906317508559	37.0	33.0	40.0	27.0	40.0
64-65	34.456955284909135	37.0	33.0	37.0	27.0	40.0
66-67	34.23547756655799	37.0	33.0	37.0	27.0	40.0
68-69	33.99464431771124	37.0	33.0	37.0	27.0	40.0
70-71	33.773471656701474	37.0	33.0	37.0	27.0	40.0
72-73	33.53429159282973	37.0	33.0	37.0	24.5	38.5
74-75	33.289156816833376	37.0	33.0	37.0	22.0	37.0
76-77	33.10198438992275	37.0	33.0	37.0	22.0	37.0
78-79	32.90935456198177	37.0	33.0	37.0	22.0	37.0
80-81	32.71003028924649	37.0	33.0	37.0	22.0	37.0
82-83	32.60074954709714	37.0	33.0	37.0	22.0	37.0
84-85	32.477742168768415	37.0	33.0	37.0	22.0	37.0
86-87	32.3656318791881	37.0	33.0	37.0	22.0	37.0
88-89	32.24846542327492	37.0	33.0	37.0	22.0	37.0
90-91	32.13255397577008	37.0	33.0	37.0	22.0	37.0
92-93	32.0346640872869	37.0	33.0	37.0	22.0	37.0
94-95	31.95490561520873	37.0	33.0	37.0	22.0	37.0
96-97	31.82149682970409	35.0	33.0	37.0	22.0	37.0
98-99	31.66118505118559	33.0	33.0	37.0	15.0	37.0
100	28.705613723910044	33.0	27.0	37.0	15.0	37.0
>>END_MODULE
>>Per sequence quality scores	pass
#Quality	Count
6	387.0
7	4595.0
8	16307.0
9	34549.0
10	59226.0
11	88833.0
12	121524.0
13	154284.0
14	185849.0
15	218003.0
16	251867.0
17	287158.0
18	324779.0
19	360099.0
20	389338.0
21	419647.0
22	454768.0
23	495885.0
24	546126.0
25	601433.0
26	665164.0
27	739410.0
28	848500.0
29	996215.0
30	1190060.0
31	1455187.0
32	1836625.0
33	2340205.0
34	3058266.0
35	4237972.0
36	7316776.0
37	1.7216767E7
38	1.5186098E7
39	103374.0
>>END_MODULE
>>Per base sequence content	fail
#Base	G	A	T	C
1	33.4425056217879	15.189884651637579	12.784178892431857	38.58343083414266
2	23.575915007595174	27.11066019544709	28.030189915080516	21.28323488187722
3	24.896884952331053	27.15861432718344	20.859865648695138	27.084635071790373
4	27.093214729888825	31.30466618297779	18.148118175699437	23.45400091143394
5	27.59214668543549	31.47996803357966	19.68773516895898	21.24015011202587
6	23.456459279377835	34.767625414404165	19.34938315118774	22.42653215503026
7	22.721926717629653	20.054980867780102	31.76813381180294	25.454958602787304
8	23.899227195764347	23.61064877536511	24.121922136024637	28.368201892845907
9	24.277251406733594	22.369443748942512	26.404744613700366	26.94856023062353
10-11	25.959197994060794	29.93037889471592	19.504484949226573	24.60593816199671
12-13	26.140051627454426	24.1000622535629	23.07195812573773	26.687927993244948
14-15	25.068751002226097	26.632739747553565	24.053894143221775	24.244615106998562
16-17	25.66702100424763	26.18449721506737	23.326291861903993	24.822189918781003
18-19	25.27688447643709	26.56389510375125	23.628803184295865	24.5304172355158
20-21	25.240585304059827	26.56961809107025	23.64191541633728	24.547881188532646
22-23	25.312623406937757	26.67181440802247	23.45381963185598	24.561742553183795
24-25	25.156176063846676	26.520062808178245	23.683206930601948	24.64055419737313
26-27	25.067545316695412	26.633515405244975	23.7029825846763	24.595956693383318
28-29	25.543396868355465	26.267050162565	23.57595510554154	24.613597863537997
30-31	25.109242153660986	26.37924792495671	23.77304263223299	24.73846728914931
32-33	25.017555792132573	26.43916080174804	23.81968590482474	24.723597501294645
34-35	25.475280394103493	26.32314917545851	23.40889684443749	24.792673586000507
36-37	25.221423761294233	26.355916007331842	23.578248110317695	24.844412121056227
38-39	25.04705920361847	26.456357380216666	23.640620395703987	24.85596302046087
40-41	25.508091564068287	26.028667387856185	23.532911971848367	24.930329076227164
42-43	25.18096875553722	26.239971906706856	23.604825994271362	24.974233343484563
44-45	25.19618069737271	26.364822852460346	23.667619463556484	24.77137698661046
46-47	25.435140687307666	26.22341701788862	23.43587439252351	24.905567902280207
48-49	25.25649182139868	26.274736540818594	23.58680095213563	24.881970685647097
50-51	25.133683048788917	26.394854553825688	23.615182617364674	24.856279780020724
52-53	25.36914692668671	26.232205206665583	23.414449682299914	24.984198184347793
54-55	25.13638741210563	26.35751478655885	23.642914800363556	24.86318300097196
56-57	25.211984560744977	26.452552829390868	23.58853354313983	24.746929066724324
58-59	25.499000149422663	26.283196301928296	23.232462921231914	24.98534062741712
60-61	25.231876769268506	26.329644203288073	23.62400290400949	24.81447612343393
62-63	25.335962705364658	26.519015021978298	23.510226963535562	24.63479530912148
64-65	25.458013696971264	26.378071232765283	23.32794353560171	24.83597153466174
66-67	25.295720540303584	26.566437975561954	23.357034056616403	24.780807427518063
68-69	25.31420066298342	26.71633902655282	23.43892124607766	24.5305390643861
70-71	25.560471862222233	26.442128095351386	23.26711787198957	24.73028217043681
72-73	25.393041511561794	26.619127330790555	23.465469232145956	24.522361925501702
74-75	25.30780714456778	26.817510868633093	23.454534033032537	24.420147953766588
76-77	25.478428055368123	26.633086284175032	23.310111760300096	24.578373900156745
78-79	25.27488671806718	26.613036556720683	23.528520090773952	24.583556634438185
80-81	25.308572521131474	26.721770879735118	23.55611609544343	24.41354050368998
82-83	25.564424918410424	26.549814557447142	23.369842034083767	24.51591849005867
84-85	25.408442162799993	26.731961246246783	23.36792107504904	24.49167551590418
86-87	25.2966429315447	26.83930039898334	23.421754904847976	24.442301764623984
88-89	25.47398240450218	26.60048047367225	23.293666791790706	24.631870330034868
90-91	25.288375823704435	26.720621337331522	23.444113574220502	24.546889264743545
92-93	25.226983480310917	26.963348565807326	23.319805745633502	24.489862208248255
94-95	25.55303593737027	26.417456098826715	23.206617851471087	24.822890112331926
96-97	25.27631933646787	25.97267800488115	23.568684454291965	25.18231820435901
98-99	25.46628690801631	22.738954651520793	25.100640168883594	26.694118271579303
100	27.913387427976144	0.0	34.01768747621312	38.068925095810734
>>END_MODULE
>>Per sequence GC content	pass
#GC Content	Count
0	17331.0
1	10872.5
2	4518.5
3	5343.5
4	6503.5
5	7626.0
6	10487.0
7	14421.5
8	19279.5
9	24567.5
10	29127.0
11	35183.0
12	39971.5
13	40927.0
14	40112.5
15	38641.0
16	37030.5
17	36291.0
18	36910.0
19	38807.0
20	43084.0
21	50819.5
22	62204.5
23	77378.0
24	99087.0
25	131235.0
26	178012.0
27	236325.5
28	297250.0
29	357677.5
30	431832.5
31	525236.0
32	633060.0
33	746151.5
34	862534.5
35	1001829.0
36	1137253.5
37	1267509.0
38	1366584.0
39	1461205.0
40	1581831.0
41	1629975.0
42	1662818.0
43	1757564.5
44	1817087.5
45	1862795.5
46	1911190.5
47	1915257.0
48	1941572.0
49	1974468.0
50	1993446.0
51	2000558.0
52	1981897.0
53	1970136.0
54	1932202.0
55	1891923.0
56	1859433.5
57	1781454.5
58	1731090.5
59	1720805.5
60	1655946.5
61	1551447.5
62	1413736.5
63	1250104.0
64	1116751.5
65	1010806.5
66	925702.0
67	854393.0
68	737837.0
69	594105.5
70	484092.5
71	405385.0
72	345431.0
73	286782.0
74	240912.0
75	200754.5
76	168967.0
77	150740.0
78	137911.5
79	123042.5
80	106371.0
81	91888.0
82	80511.5
83	72405.5
84	66363.5
85	61338.5
86	66835.0
87	72417.5
88	61282.5
89	47383.5
90	40381.5
91	38803.5
92	34522.5
93	25794.5
94	19807.0
95	15949.0
96	13953.0
97	11976.0
98	9468.5
99	6777.0
100	4089.5
>>END_MODULE
>>Per base N content	pass
#Base	N-Count
1	0.010685588791535945
2	0.0
3	0.0
4	0.0
5	0.0
6	0.0
7	0.0
8	0.0
9	0.0
10-11	0.0
12-13	0.0
14-15	0.0
16-17	0.0
18-19	0.0
20-21	0.0
22-23	0.0
24-25	0.0
26-27	0.0
28-29	0.0
30-31	0.0
32-33	0.0
34-35	0.00202635709438912
36-37	1.125378960312056E-5
38-39	6.430966544448023E-6
40-41	5.70773002459493E-5
42-43	3.7464015451381974E-4
44-45	5.1456151190521674E-5
46-47	0.01486956135019155
48-49	0.016007164673742767
50-51	0.0
52-53	0.0
54-55	0.0
56-57	0.0
58-59	0.0
60-61	2.5761887287524608E-5
62-63	0.0
64-65	0.0
66-67	7.900154239225586E-5
68-69	0.0010954123782744168
70-71	2.4216889171713454E-6
72-73	0.0
74-75	4.407858125653526E-4
76-77	0.0011603917249251334
78-79	0.0038908327690152637
80-81	0.003658598468744948
82-83	0.004435063535805365
84-85	0.002129450312507848
86-87	3.6574266351104657E-4
88-89	9.383393719672418E-4
90-91	4.1783837915894027E-4
92-93	1.1840240773862903E-4
94-95	0.0011885715131598079
96-97	0.0010688006685479765
98-99	0.003149663286366353
100	0.0
>>END_MODULE
>>Sequence Length Distribution	warn
#Length	Count
4-5	1.0
6-7	0.0
8-9	0.0
10-11	0.0
12-13	0.0
14-15	0.0
16-17	0.0
18-19	0.0
20-21	0.0
22-23	0.0
24-25	0.0
26-27	2.0
28-29	4.0
30-31	10.0
32-33	27.0
34-35	3461.0
36-37	2097.0
38-39	2573.0
40-41	3158.0
42-43	3987.0
44-45	4619.0
46-47	5348.0
48-49	6660.0
50-51	8055.0
52-53	9723.0
54-55	11809.0
56-57	13861.0
58-59	17422.0
60-61	21863.0
62-63	25925.0
64-65	31897.0
66-67	36606.0
68-69	43471.0
70-71	51793.0
72-73	62011.0
74-75	72087.0
76-77	84972.0
78-79	100103.0
80-81	117339.0
82-83	140798.0
84-85	167332.0
86-87	196239.0
88-89	226155.0
90-91	271755.0
92-93	332663.0
94-95	754558.0
96-97	2452822.0
98-99	1.8171714E7
100-101	3.8750356E7
>>END_MODULE
>>Sequence Duplication Levels	fail
#Total Deduplicated Percentage	37.84565454866654
#Duplication Level	Percentage of deduplicated	Percentage of total
1	72.11592267134482	27.292742968780654
2	13.206769178952818	9.996376481012494
3	5.1011735431652685	5.7917175512229
4	2.6590800017314495	4.025384926511842
5	1.6079662476802186	3.0427267567810565
6	1.0583816682684895	2.403308819875838
7	0.7503520538520276	1.9878295233976389
8	0.5223702225965998	1.5815554392720765
9	0.4107730221969445	1.3991376506379563
>10	2.2237800663012397	15.234971059981872
>50	0.17371477785113823	4.597445148887134
>100	0.1436366527041439	11.017604968834915
>500	0.017121136464043885	4.443394389799009
>1k	0.00853675353968359	5.549837421108067
>5k	3.1117418819436694E-4	0.7676401343779675
>10k+	1.1082916291854165E-4	0.8683267595186284
>>END_MODULE
>>Overrepresented sequences	pass
>>END_MODULE
>>Adapter Content	pass
#Position	Illumina Universal Adapter	Illumina Small RNA 3' Adapter	Illumina Small RNA 5' Adapter	Nextera Transposase Sequence	SOLID Small RNA Adapter
1	0.0	6.430322726966118E-6	0.0	0.0	0.0
2	1.6075806817415295E-6	2.250612954438141E-5	0.0	1.6075806817415295E-6	0.0
3	1.6075806817415295E-6	2.572129090786447E-5	0.0	3.215161363483059E-6	1.6075806817415295E-6
4	1.6075806817415295E-6	2.7328871589606E-5	0.0	3.215161363483059E-6	3.215161363483059E-6
5	1.6075806817415295E-6	2.7328871589606E-5	0.0	4.822742045224589E-6	3.215161363483059E-6
6	1.6075806817415295E-6	2.7328871589606E-5	0.0	8.037903408707647E-6	3.215161363483059E-6
7	1.6075806817415295E-6	3.215161363483059E-5	0.0	8.037903408707647E-6	3.215161363483059E-6
8	3.215161363483059E-6	3.858193636179671E-5	0.0	8.037903408707647E-6	3.215161363483059E-6
9	4.822742045224589E-6	3.858193636179671E-5	0.0	8.037903408707647E-6	4.822742045224589E-6
10-11	4.822742045224589E-6	3.938572670266747E-5	8.037903408707647E-7	1.2860645453932236E-5	1.1253064772190706E-5
12-13	6.430322726966118E-6	4.501225908876282E-5	1.6075806817415295E-6	1.9290968180898354E-5	1.2860645453932236E-5
14-15	6.430322726966118E-6	4.7423630111375115E-5	1.6075806817415295E-6	2.0898548862639883E-5	1.687959715828606E-5
16-17	6.430322726966118E-6	5.224637215659971E-5	1.6075806817415295E-6	2.0898548862639883E-5	1.848717784002759E-5
18-19	8.841693749578413E-6	5.7872904542695063E-5	1.6075806817415295E-6	2.1702339203510647E-5	2.0898548862639883E-5
20-21	1.1253064772190706E-5	6.349943692879041E-5	1.6075806817415295E-6	2.250612954438141E-5	2.411371022612294E-5
22-23	1.1253064772190706E-5	7.555629204185189E-5	1.6075806817415295E-6	2.4113710226122943E-5	2.572129090786447E-5
24-25	1.2860645453932236E-5	9.163209885926717E-5	1.6075806817415295E-6	2.652508124873524E-5	2.572129090786447E-5
26-27	1.2860645453932236E-5	9.32396795410087E-5	1.6075806817415295E-6	2.8936452271347532E-5	2.572129090786447E-5
28-29	1.6075806817415294E-5	9.645484090449177E-5	1.6075806817415295E-6	2.9740242612218296E-5	2.7328871589606E-5
30-31	2.250612954438141E-5	1.0127758294971636E-4	1.6075806817415295E-6	3.054403295308906E-5	2.7328871589606E-5
32-33	3.054403295308906E-5	1.0449274431319941E-4	1.6075806817415295E-6	3.054403295308906E-5	2.8936452271347532E-5
34-35	4.7423630111375115E-5	1.0770790567668247E-4	1.6075806817415295E-6	3.938572670266747E-5	2.8936452271347532E-5
36-37	7.234113067836883E-5	1.2780266419845158E-4	1.6075806817415295E-6	4.260088806615053E-5	2.8936452271347532E-5
38-39	1.3503677726628847E-4	1.454860516976084E-4	1.6075806817415295E-6	4.501225908876282E-5	3.295540397570135E-5
40-41	1.9290968180898352E-4	1.50308793742833E-4	1.6075806817415295E-6	4.661983977050435E-5	3.697435568005518E-5
42-43	2.9338347441782917E-4	1.527201647654453E-4	1.6075806817415295E-6	4.661983977050435E-5	3.697435568005518E-5
44-45	4.2279371929802227E-4	1.6075806817415295E-4	1.6075806817415295E-6	4.9835001133987415E-5	3.697435568005518E-5
46-47	5.923934812217536E-4	1.6558081021937753E-4	1.6075806817415295E-6	5.305016249747047E-5	4.0993307384409E-5
48-49	8.078092925751185E-4	1.7361871362808518E-4	1.6075806817415295E-6	5.5461533520082764E-5	4.260088806615053E-5
50-51	0.001106819299379043	1.800490363550513E-4	1.6075806817415295E-6	5.948048522443659E-5	4.3404678407021294E-5
52-53	0.0014677211624300164	1.8567556874114663E-4	1.6075806817415295E-6	6.269564658791965E-5	4.3404678407021294E-5
54-55	0.0018511291550253712	1.9532105283159585E-4	1.6075806817415295E-6	6.430322726966118E-5	4.661983977050435E-5
56-57	0.002425839248747968	2.0335895624030347E-4	1.6075806817415295E-6	6.430322726966118E-5	4.661983977050435E-5
58-59	0.003002960713493177	2.162196016942357E-4	1.6075806817415295E-6	6.912596931488576E-5	4.903121079311665E-5
60-61	0.0036009807271010262	2.2425750510294336E-4	1.6075806817415295E-6	7.234113067836883E-5	5.144258181572894E-5
62-63	0.004481131150354513	2.3149161817078025E-4	1.6075806817415295E-6	7.636008238272265E-5	5.144258181572894E-5
64-65	0.0055702670622344	2.355105698751341E-4	1.6075806817415295E-6	8.118282442794724E-5	5.224637215659971E-5
66-67	0.006828198945697146	2.4676363464732476E-4	1.6075806817415295E-6	8.761314715491335E-5	6.8322178974015E-5
68-69	0.008099795264954697	2.499787960108078E-4	1.6075806817415295E-6	9.002451817752565E-5	7.073354999662729E-5
70-71	0.009146330288768432	2.620356511238693E-4	1.6075806817415295E-6	9.32396795410087E-5	7.153734033749805E-5
72-73	0.01024671926542051	2.781114579412846E-4	1.6075806817415295E-6	9.967000226797483E-5	7.475250170098113E-5
74-75	0.011577796069902495	2.877569420317338E-4	1.6075806817415295E-6	1.0368895397232865E-4	7.555629204185189E-5
76-77	0.012975587472676756	2.9097210339521683E-4	1.6075806817415295E-6	1.0529653465407018E-4	7.877145340533495E-5
78-79	0.01416921612886984	2.941872647586999E-4	1.6075806817415295E-6	1.1092306704016553E-4	8.279040510968877E-5
80-81	0.01569481019584255	3.014213778265368E-4	1.6075806817415295E-6	1.1654959942626089E-4	8.520177613230106E-5
82-83	0.01760863499745584	3.1187065225785673E-4	1.6075806817415295E-6	1.2217613181235624E-4	8.841693749578412E-5
84-85	0.019007230190570976	3.343767818022381E-4	1.6075806817415295E-6	1.2378371249409777E-4	9.002451817752565E-5
86-87	0.01969607851269722	3.5206016930139497E-4	2.4113710226122943E-6	1.294102448801931E-4	9.32396795410087E-5
88-89	0.01969688230303809	3.600980727101026E-4	4.0189517043538236E-6	1.3262540624367616E-4	9.967000226797483E-5
>>END_MODULE
