##FastQC	0.11.8
>>Basic Statistics	pass
#Measure	Value
Filename	SRR3184285_2.gz
File type	Conventional base calls
Encoding	Sanger / Illumina 1.9
Total Sequences	36564573
Sequences flagged as poor quality	0
Sequence length	0-100
%GC	49
>>END_MODULE
>>Per base sequence quality	pass
#Base	Mean	Median	Lower Quartile	Upper Quartile	10th Percentile	90th Percentile
1	32.059664739308644	33.0	33.0	33.0	33.0	33.0
2	32.08534615478548	33.0	33.0	33.0	33.0	33.0
3	32.08119212004483	33.0	33.0	33.0	33.0	33.0
4	35.48186834977439	37.0	37.0	37.0	33.0	37.0
5	35.74295248667898	37.0	37.0	37.0	33.0	37.0
6	35.81600009867599	37.0	37.0	37.0	33.0	37.0
7	35.82201578707846	37.0	37.0	37.0	33.0	37.0
8	35.81729196329284	37.0	37.0	37.0	33.0	37.0
9	35.820769996509675	37.0	37.0	37.0	33.0	37.0
10-11	35.82962968728626	37.0	37.0	37.0	33.0	37.0
12-13	35.79026272821156	37.0	37.0	37.0	33.0	37.0
14-15	37.681572101254446	40.0	37.0	40.0	33.0	40.0
16-17	37.67376627307759	40.0	37.0	40.0	33.0	40.0
18-19	37.65210710056337	40.0	37.0	40.0	33.0	40.0
20-21	37.607667010055366	40.0	37.0	40.0	33.0	40.0
22-23	37.535841627197456	40.0	37.0	40.0	33.0	40.0
24-25	37.41633033769744	40.0	37.0	40.0	33.0	40.0
26-27	37.360778867204914	40.0	37.0	40.0	33.0	40.0
28-29	37.2807447652832	40.0	37.0	40.0	33.0	40.0
30-31	37.18938879500323	40.0	37.0	40.0	33.0	40.0
32-33	37.064934114040085	40.0	37.0	40.0	33.0	40.0
34-35	36.94669504754809	40.0	37.0	40.0	33.0	40.0
36-37	36.85145215485977	40.0	37.0	40.0	33.0	40.0
38-39	36.70062734849946	40.0	37.0	40.0	33.0	40.0
40-41	36.58549708570149	40.0	37.0	40.0	33.0	40.0
42-43	36.44282977869999	40.0	37.0	40.0	33.0	40.0
44-45	36.29545816306508	38.5	37.0	40.0	33.0	40.0
46-47	36.127162178889805	37.0	37.0	40.0	33.0	40.0
48-49	35.937364494054435	37.0	37.0	40.0	33.0	40.0
50-51	35.18816201049396	37.0	35.0	38.5	27.0	40.0
52-53	35.105420473563306	37.0	33.0	40.0	27.0	40.0
54-55	35.31133451915984	37.0	33.0	40.0	27.0	40.0
56-57	35.15578517962474	37.0	33.0	40.0	27.0	40.0
58-59	34.92996771099237	37.0	33.0	40.0	27.0	40.0
60-61	34.981942022041196	37.0	33.0	40.0	27.0	40.0
62-63	34.94358914387936	37.0	33.0	40.0	27.0	40.0
64-65	34.733488161040185	37.0	33.0	38.5	27.0	40.0
66-67	34.475492129516056	37.0	33.0	37.0	27.0	40.0
68-69	34.21295015564502	37.0	33.0	37.0	27.0	40.0
70-71	33.96987355561352	37.0	33.0	37.0	27.0	40.0
72-73	33.74182121218512	37.0	33.0	37.0	27.0	40.0
74-75	33.65531551708792	37.0	33.0	37.0	27.0	37.0
76-77	33.513103716197364	37.0	33.0	37.0	27.0	37.0
78-79	33.31169447805266	37.0	33.0	37.0	27.0	37.0
80-81	33.13386954518005	37.0	33.0	37.0	27.0	37.0
82-83	32.967496581721555	37.0	33.0	37.0	27.0	37.0
84-85	32.80498643421888	37.0	33.0	37.0	27.0	37.0
86-87	32.66602052460525	37.0	33.0	37.0	27.0	37.0
88-89	32.51302108496935	37.0	33.0	37.0	27.0	37.0
90-91	32.33925055825476	37.0	33.0	37.0	22.0	37.0
92-93	32.19274575212823	37.0	33.0	37.0	22.0	37.0
94-95	32.022093111273485	37.0	33.0	37.0	22.0	37.0
96-97	31.77733091523038	37.0	33.0	37.0	22.0	37.0
98-99	31.61173672953676	37.0	33.0	37.0	22.0	37.0
100	31.02140314339606	33.0	33.0	37.0	15.0	37.0
>>END_MODULE
>>Per sequence quality scores	pass
#Quality	Count
2	197327.0
3	52310.0
4	47141.0
5	46142.0
6	48635.0
7	51959.0
8	55110.0
9	60288.0
10	67056.0
11	70374.0
12	72084.0
13	72806.0
14	74126.0
15	76315.0
16	78165.0
17	79630.0
18	81676.0
19	84729.0
20	91142.0
21	102161.0
22	119213.0
23	144982.0
24	177275.0
25	216956.0
26	265559.0
27	326460.0
28	402239.0
29	501336.0
30	633752.0
31	816035.0
32	1087652.0
33	1477712.0
34	2048639.0
35	3021370.0
36	5233176.0
37	1.0221204E7
38	8305408.0
39	56417.0
>>END_MODULE
>>Per base sequence content	fail
#Base	G	A	T	C
1	24.884316881875172	12.905834450535956	15.456939975178138	46.752908692410735
2	23.57187690505161	19.099178781735134	36.099649463666005	21.229294849547244
3	27.295750832503124	22.425042446658168	23.907837318254582	26.371369402584122
4	28.372175363842594	28.987179916003075	18.912244645731313	23.728400074423018
5	28.867495267608035	30.545609362573998	20.99122901396736	19.595666355850604
6	23.12141752546869	33.52150053582595	21.1602951002885	22.19678683841686
7	19.771349368013635	17.26120553286176	39.5578119290845	23.409633170040106
8	21.032297359313727	21.03725852601385	28.0483989981397	29.88204511653272
9	22.291611842564084	20.662149716717902	30.280867695043302	26.76537074567471
10-11	25.460098168534273	29.818256741493766	20.731059629033336	23.990585460938625
12-13	23.528648540017574	23.498309232482665	27.430014638927847	25.543027588571913
14-15	24.31426123892694	24.908032692643417	26.364043037168923	24.41366303126072
16-17	24.787823211532245	25.204459826766453	25.47809948696632	24.529617474734984
18-19	24.5914035568255	25.47515001305799	25.31231520637173	24.621131223744783
20-21	24.813614091227777	25.44405969332473	25.277382731203307	24.464943484244188
22-23	24.626364607269657	25.795549719582166	25.462573114498554	24.115512558649623
24-25	24.6668146767021	25.808841018513274	25.305696703313053	24.218647601471574
26-27	24.402089452864757	25.791956295197892	25.589224870886213	24.216729381051135
28-29	24.35699830238397	25.565577173517518	25.58651547272614	24.49090905137237
30-31	24.27915820834881	25.727371571323747	25.4819136727979	24.51155654752954
32-33	24.382968946172088	25.729665117576744	25.452617816084093	24.43474812016707
34-35	24.596931551882488	25.77953245162354	25.29350367946205	24.330032317031925
36-37	24.361762314138627	25.6011080146012	25.46193876350536	24.575190907754813
38-39	24.329248685465547	25.624913758391155	25.47182101206047	24.574016544082827
40-41	24.65216062722952	25.667285774179682	25.21042146715706	24.47013213143374
42-43	24.2995895278244	25.471448451708167	25.658740666009237	24.570221354458198
44-45	24.343520542940958	25.749697212748824	25.564503610886113	24.342278633424105
46-47	24.664223872626643	25.560097844707986	25.43488888670959	24.340789395955785
48-49	24.443701069525687	25.512009429715555	25.45582363542059	24.58846586533817
50-51	24.431218590864134	25.5772488448526	25.454158140130108	24.53737442415316
52-53	24.558085094683545	25.79140594415858	25.137819880630968	24.512689080526904
54-55	24.41122503722684	25.587170440235568	25.411566186349493	24.590038336188098
56-57	24.443490362718993	25.482673861730547	25.34489103667623	24.72894473887423
58-59	24.625090631645783	25.569706274328922	25.320804322690886	24.484398771334405
60-61	24.568399264440377	25.503368706395648	25.320121815450637	24.608110213713342
62-63	24.369156737866653	25.640329472661378	25.526771336708176	24.46374245276379
64-65	24.504771643078968	25.661103414870905	25.42934223379178	24.40478270825835
66-67	24.43624518564879	25.579727547504493	25.349575387803604	24.634451879043112
68-69	24.578257812162896	25.587270216169344	25.44876390333588	24.38570806833188
70-71	24.473366009601417	25.632777975906645	25.286539736473042	24.6073162780189
72-73	24.43735560236189	25.72738158849095	25.31632157368221	24.518941235464954
74-75	24.68087384145031	25.78621961891227	25.246309692998036	24.286596846639384
76-77	24.65763962979741	25.60455312214715	25.25764369230277	24.480163555752668
78-79	24.632896243566073	25.44487437833085	25.548137568430768	24.374091809672308
80-81	24.55252855262203	25.654160006788985	25.46231926007981	24.330992180509174
82-83	24.58679724091065	25.479278801528732	25.54242957922065	24.391494378339974
84-85	24.6845692131406	25.535607502257697	25.44744091545541	24.332382369146295
86-87	24.473622104983697	25.73371951588529	25.455275258739768	24.337383120391245
88-89	24.655718148687033	25.64113041468914	25.382134281129936	24.321017155493887
90-91	24.598259679265595	25.55343617676244	25.463070137309064	24.3852340066629
92-93	24.656142141240917	25.546523791561114	25.581951659467816	24.21538240773015
94-95	24.77383757502641	25.44567763411898	25.2142112601225	24.566273530732115
96-97	24.6882854140391	25.27679549876766	25.299171163853796	24.735747923339442
98-99	24.165477090889834	24.86791149008748	26.098038639964578	24.86857277905811
100	25.554790470949833	24.273304651737135	25.175199076074133	24.996705801238896
>>END_MODULE
>>Per sequence GC content	pass
#GC Content	Count
0	197.0
1	188.5
2	181.0
3	191.0
4	207.0
5	244.0
6	281.0
7	355.5
8	435.5
9	502.0
10	613.5
11	743.0
12	914.5
13	1142.0
14	1488.0
15	1992.0
16	2812.5
17	4245.5
18	6458.0
19	9945.0
20	15721.0
21	24443.0
22	37113.0
23	54096.0
24	77710.0
25	107640.0
26	144030.0
27	186002.0
28	231976.0
29	282722.5
30	331091.5
31	378057.0
32	437115.5
33	494165.0
34	540195.5
35	597895.0
36	664989.5
37	735256.0
38	796285.0
39	850159.0
40	904837.0
41	942062.5
42	1012427.0
43	1096299.5
44	1145055.0
45	1196527.5
46	1255632.5
47	1289793.5
48	1295359.5
49	1291648.0
50	1280358.5
51	1254871.0
52	1206630.5
53	1155555.0
54	1126459.5
55	1099423.0
56	1072592.5
57	1006692.0
58	938867.0
59	908299.5
60	849971.0
61	806871.5
62	745295.5
63	661283.5
64	595739.0
65	534725.5
66	489795.0
67	442010.5
68	381141.5
69	321348.5
70	262132.0
71	206734.0
72	179259.0
73	157863.5
74	129010.0
75	104957.0
76	89274.0
77	79783.0
78	64544.0
79	47311.0
80	36155.5
81	27460.5
82	19401.5
83	13698.5
84	9156.5
85	6111.5
86	4480.0
87	3446.5
88	2564.0
89	2017.5
90	1676.5
91	1388.5
92	1139.0
93	881.0
94	664.0
95	524.0
96	425.0
97	315.0
98	229.5
99	192.0
100	155.0
>>END_MODULE
>>Per base N content	pass
#Base	N-Count
1	5.743266000103215E-5
2	0.0015944403860208545
3	9.435388537813428E-4
4	8.478222741344712E-4
5	6.755239802945006E-4
6	0.0
7	0.0
8	0.0
9	0.0
10-11	0.0
12-13	0.0
14-15	1.3675130829634767E-6
16-17	0.0
18-19	0.0
20-21	0.0
22-23	0.0
24-25	0.0
26-27	0.0
28-29	0.0
30-31	0.0
32-33	0.0
34-35	0.0
36-37	0.0
38-39	0.0
40-41	5.6076069896878985E-5
42-43	0.0
44-45	0.0
46-47	0.0
48-49	0.0
50-51	0.0
52-53	0.0
54-55	0.0
56-57	0.0
58-59	0.0
60-61	0.0
62-63	0.0
64-65	0.0
66-67	0.0
68-69	0.0
70-71	0.0
72-73	0.0
74-75	0.0
76-77	0.0
78-79	0.0
80-81	0.0
82-83	0.0
84-85	0.0
86-87	0.0
88-89	0.0
90-91	0.0
92-93	0.0
94-95	0.0
96-97	0.0
98-99	0.0
100	0.0
>>END_MODULE
>>Sequence Length Distribution	fail
#Length	Count
0-1	20.0
2-3	286.0
4-5	155.0
6-7	132.0
8-9	441.0
10-11	300.0
12-13	412.0
14-15	412.0
16-17	400.0
18-19	461.0
20-21	465.0
22-23	412.0
24-25	407.0
26-27	370.0
28-29	387.0
30-31	325.0
32-33	354.0
34-35	375.0
36-37	456.0
38-39	415.0
40-41	432.0
42-43	434.0
44-45	477.0
46-47	585.0
48-49	690.0
50-51	901.0
52-53	861.0
54-55	1115.0
56-57	1692.0
58-59	2891.0
60-61	3930.0
62-63	4345.0
64-65	5058.0
66-67	7362.0
68-69	10871.0
70-71	15339.0
72-73	18922.0
74-75	20570.0
76-77	24430.0
78-79	32315.0
80-81	43656.0
82-83	57085.0
84-85	66131.0
86-87	71273.0
88-89	84565.0
90-91	105746.0
92-93	129861.0
94-95	180801.0
96-97	960301.0
98-99	0.0
100-101	3.4704949E7
>>END_MODULE
>>Sequence Duplication Levels	fail
#Total Deduplicated Percentage	44.25583792542943
#Duplication Level	Percentage of deduplicated	Percentage of total
1	78.67270724519305	34.81726580998021
2	11.450344314083162	10.134891643088537
3	3.776140663263551	5.01348807531046
4	1.8291083110419517	3.237948838461143
5	1.0245355437040329	2.26708394855037
6	0.6505012312512959	1.7273086236329787
7	0.42169399107846406	1.3063694646307193
8	0.32060171481897204	1.1350798023714537
9	0.2344621923949043	0.9338688707642764
>10	1.3526914086822484	11.161605789525547
>50	0.13038460981679426	4.018084292171853
>100	0.11037597864033048	10.182686423763817
>500	0.016076362605703394	4.9606255900314755
>1k	0.010014192808567855	7.8184964399491035
>5k	3.0084390205267433E-4	0.8769562245514024
>10k+	6.139671470462742E-5	0.40824016321677803
>>END_MODULE
>>Overrepresented sequences	pass
>>END_MODULE
>>Adapter Content	pass
#Position	Illumina Universal Adapter	Illumina Small RNA 3' Adapter	Illumina Small RNA 5' Adapter	Nextera Transposase Sequence	SOLID Small RNA Adapter
1	0.0	2.734887673924156E-6	0.0	5.469775347848312E-6	0.0
2	0.0	3.2818652087089875E-5	0.0	2.734887673924156E-5	0.0
3	0.0	3.2818652087089875E-5	0.0	3.0083764413165717E-5	0.0
4	0.0	3.2818652087089875E-5	0.0	4.37582027827865E-5	0.0
5	0.0	3.828842743493818E-5	0.0	4.37582027827865E-5	0.0
6	8.204663021772469E-6	3.828842743493818E-5	0.0	4.6493090456710654E-5	0.0
7	8.204663021772469E-6	4.922797813063481E-5	0.0	4.922797813063481E-5	0.0
8	1.367443836962078E-5	5.196286580455896E-5	0.0	5.196286580455896E-5	0.0
9	1.367443836962078E-5	5.469775347848312E-5	0.0	5.196286580455896E-5	0.0
10-11	1.9144213717469095E-5	5.469775347848312E-5	0.0	5.743264115240728E-5	5.469775347848312E-6
12-13	3.555353976101403E-5	6.153497266329352E-5	1.367443836962078E-6	6.426986033721766E-5	1.367443836962078E-5
14-15	3.965587127190026E-5	7.110707952202806E-5	2.734887673924156E-6	6.83721918481039E-5	1.367443836962078E-5
16-17	4.9227978130634805E-5	7.931174254380052E-5	2.734887673924156E-6	8.614896172861092E-5	1.367443836962078E-5
18-19	7.110707952202806E-5	8.7516405565573E-5	2.734887673924156E-6	9.161873707645924E-5	1.367443836962078E-5
20-21	9.161873707645924E-5	9.161873707645924E-5	2.734887673924156E-6	9.298618091342131E-5	1.5041882206582859E-5
22-23	1.299071645113974E-4	1.0802806312000415E-4	2.734887673924156E-6	9.572106858734547E-5	1.6409326043544937E-5
24-25	1.4768393439190441E-4	1.1623272614177664E-4	2.734887673924156E-6	1.176001699787387E-4	1.6409326043544937E-5
26-27	1.7640025496810805E-4	1.2033505765266287E-4	2.734887673924156E-6	1.3674438369620779E-4	1.914421371746909E-5
28-29	2.174235700769704E-4	1.2170250148962494E-4	2.734887673924156E-6	1.3947927137013196E-4	2.4613989065317406E-5
30-31	2.598143290227948E-4	1.2580483300051118E-4	2.734887673924156E-6	1.4221415904405613E-4	2.4613989065317406E-5
32-33	2.789585427402639E-4	1.299071645113974E-4	2.734887673924156E-6	1.4768393439190441E-4	3.1451208250127796E-5
34-35	3.0357253180558134E-4	1.4221415904405613E-4	2.734887673924156E-6	1.5041882206582859E-4	3.2818652087089875E-5
36-37	3.2818652087089877E-4	1.5041882206582859E-4	2.734887673924156E-6	1.5315370973975273E-4	3.2818652087089875E-5
38-39	3.528005099362161E-4	1.5725604125063896E-4	2.734887673924156E-6	1.5452115357671482E-4	3.2818652087089875E-5
40-41	3.883540496972302E-4	1.6546070427241144E-4	2.734887673924156E-6	1.5862348508760104E-4	3.418609592405195E-5
42-43	4.266424771321684E-4	1.6682814810937353E-4	2.734887673924156E-6	1.7229792345722184E-4	3.6920983597976104E-5
44-45	4.512564661974857E-4	1.7503281113114596E-4	2.734887673924156E-6	1.805025864789943E-4	3.828842743493818E-5
46-47	4.745030114258411E-4	1.805025864789943E-4	2.734887673924156E-6	1.805025864789943E-4	3.828842743493818E-5
48-49	4.977495566541964E-4	1.9554446868557716E-4	2.734887673924156E-6	1.8733980566380468E-4	3.828842743493818E-5
50-51	5.196286580455897E-4	2.0238168787038753E-4	2.734887673924156E-6	1.982793563595013E-4	3.828842743493818E-5
52-53	5.551821978066037E-4	2.1332123856608416E-4	2.734887673924156E-6	2.0238168787038756E-4	3.828842743493818E-5
54-55	5.948380690785039E-4	2.3246545228355328E-4	2.734887673924156E-6	2.1058635089216002E-4	4.102331510886234E-5
56-57	6.194520581438213E-4	2.3930267146836365E-4	4.102331510886234E-6	2.160561262400083E-4	4.102331510886234E-5
58-59	6.481683787200249E-4	2.5160966600102237E-4	5.469775347848312E-6	2.2836312077266702E-4	4.6493090456710654E-5
60-61	6.864568061549631E-4	2.5844688518583274E-4	5.469775347848312E-6	2.502422221640603E-4	4.6493090456710654E-5
62-63	7.698708802096499E-4	2.7075387971849145E-4	5.469775347848312E-6	2.6528410437064317E-4	4.786053429367273E-5
64-65	8.532849542643367E-4	2.7622365506633974E-4	5.469775347848312E-6	2.80325986577226E-4	4.922797813063481E-5
66-67	9.216571461124406E-4	2.8716320576203637E-4	5.469775347848312E-6	2.940004249468468E-4	4.922797813063481E-5
68-69	9.859270064496582E-4	2.967353126207709E-4	5.469775347848312E-6	3.2271674552305043E-4	4.922797813063481E-5
70-71	0.0010570340859716862	3.1998185784912626E-4	5.469775347848312E-6	3.473307345883678E-4	4.922797813063481E-5
72-73	0.001156857486069918	3.3502374005570915E-4	5.469775347848312E-6	3.5143306609925406E-4	5.196286580455896E-5
74-75	0.001260783217679036	3.4049351540355743E-4	5.469775347848312E-6	3.596377291210265E-4	5.743264115240728E-5
76-77	0.0013838531630056229	3.459632907514057E-4	5.469775347848312E-6	3.637400606319128E-4	5.743264115240728E-5
78-79	0.0014946161137995512	3.5553539761014026E-4	5.469775347848312E-6	3.733121674906473E-4	6.0167528826331434E-5
80-81	0.001631360497495759	3.6237261679495064E-4	5.469775347848312E-6	3.992936003929268E-4	6.290241650025559E-5
82-83	0.0019486074676709612	3.7467961132760935E-4	5.469775347848312E-6	4.047633757407751E-4	6.426986033721766E-5
84-85	0.0021427844925195763	3.8561916202330604E-4	5.469775347848312E-6	4.116005949255855E-4	6.563730417417975E-5
86-87	0.0022166264597155284	3.938238250450785E-4	8.204663021772469E-6	4.485215785235616E-4	6.700474801114183E-5
88-89	0.0022193613473894527	4.088657072516613E-4	9.572106858734547E-6	4.676657922410307E-4	7.247452335899014E-5
>>END_MODULE
