##FastQC	0.11.8
>>Basic Statistics	pass
#Measure	Value
Filename	SRR3184306_1.gz
File type	Conventional base calls
Encoding	Sanger / Illumina 1.9
Total Sequences	62205276
Sequences flagged as poor quality	0
Sequence length	31-100
%GC	49
>>END_MODULE
>>Per base sequence quality	pass
#Base	Mean	Median	Lower Quartile	Upper Quartile	10th Percentile	90th Percentile
1	32.61048789494962	33.0	33.0	33.0	33.0	33.0
2	32.59300143608397	33.0	33.0	33.0	33.0	33.0
3	32.64477095158295	33.0	33.0	33.0	33.0	33.0
4	36.272367957984784	37.0	37.0	37.0	37.0	37.0
5	36.45151263375152	37.0	37.0	37.0	37.0	37.0
6	36.41248626563445	37.0	37.0	37.0	37.0	37.0
7	36.41249255127491	37.0	37.0	37.0	37.0	37.0
8	36.39272938842036	37.0	37.0	37.0	37.0	37.0
9	36.36515145435574	37.0	37.0	37.0	37.0	37.0
10-11	36.356165560619004	37.0	37.0	37.0	37.0	37.0
12-13	36.36008563003563	37.0	37.0	37.0	37.0	37.0
14-15	38.41793576319796	40.0	37.0	40.0	37.0	40.0
16-17	38.39759334079636	40.0	37.0	40.0	37.0	40.0
18-19	38.357037399850135	40.0	37.0	40.0	37.0	40.0
20-21	38.2900052561458	40.0	37.0	40.0	37.0	40.0
22-23	38.22261606073414	40.0	37.0	40.0	33.0	40.0
24-25	38.148283772585465	40.0	37.0	40.0	33.0	40.0
26-27	38.01703437502633	40.0	37.0	40.0	33.0	40.0
28-29	37.91717084415798	40.0	37.0	40.0	33.0	40.0
30-31	37.819154994184096	40.0	37.0	40.0	33.0	40.0
32-33	37.67901218867091	40.0	37.0	40.0	33.0	40.0
34-35	37.537278409619546	40.0	37.0	40.0	33.0	40.0
36-37	37.40123738932803	40.0	37.0	40.0	33.0	40.0
38-39	37.252280376766315	40.0	37.0	40.0	33.0	40.0
40-41	37.107713173155176	40.0	37.0	40.0	33.0	40.0
42-43	36.90985137518194	40.0	37.0	40.0	33.0	40.0
44-45	36.76620554892057	40.0	37.0	40.0	33.0	40.0
46-47	36.62785942882063	40.0	37.0	40.0	33.0	40.0
48-49	36.46425064303391	40.0	37.0	40.0	33.0	40.0
50-51	36.32334092429711	37.0	37.0	40.0	33.0	40.0
52-53	36.1386659487375	37.0	37.0	40.0	30.0	40.0
54-55	35.92718064292853	37.0	37.0	40.0	27.0	40.0
56-57	35.7605344766059	37.0	37.0	40.0	27.0	40.0
58-59	35.55887641019531	37.0	37.0	40.0	27.0	40.0
60-61	35.34280525044254	37.0	33.0	40.0	27.0	40.0
62-63	35.12826564409077	37.0	33.0	40.0	27.0	40.0
64-65	34.87529622386043	37.0	33.0	40.0	27.0	40.0
66-67	34.61032493119106	37.0	33.0	37.0	27.0	40.0
68-69	34.38477699206243	37.0	33.0	37.0	27.0	40.0
70-71	34.12239994813271	37.0	33.0	37.0	27.0	40.0
72-73	33.92158899323381	37.0	33.0	37.0	27.0	40.0
74-75	33.690087834444604	37.0	33.0	37.0	27.0	38.5
76-77	31.575616923829074	33.0	30.0	37.0	22.0	37.0
78-79	33.03173736020901	37.0	33.0	37.0	22.0	37.0
80-81	33.168643231374524	37.0	33.0	37.0	22.0	37.0
82-83	33.05766565560471	37.0	33.0	37.0	22.0	37.0
84-85	32.93035200266979	37.0	33.0	37.0	22.0	37.0
86-87	32.801608484759896	37.0	33.0	37.0	22.0	37.0
88-89	32.69356098723008	37.0	33.0	37.0	22.0	37.0
90-91	32.58083569237817	37.0	33.0	37.0	22.0	37.0
92-93	32.441783090695544	37.0	33.0	37.0	22.0	37.0
94-95	32.322410968714564	37.0	33.0	37.0	22.0	37.0
96-97	32.22587538945312	37.0	33.0	37.0	22.0	37.0
98-99	32.11542727805417	37.0	33.0	37.0	22.0	37.0
100	29.01951195678163	33.0	27.0	37.0	15.0	37.0
>>END_MODULE
>>Per sequence quality scores	pass
#Quality	Count
6	12.0
7	438.0
8	1443.0
9	1651.0
10	1195.0
11	914.0
12	1196.0
13	3316.0
14	11514.0
15	34127.0
16	77595.0
17	147743.0
18	234523.0
19	309131.0
20	350625.0
21	367314.0
22	385230.0
23	418292.0
24	469450.0
25	541647.0
26	631729.0
27	735809.0
28	867609.0
29	1029333.0
30	1237569.0
31	1512968.0
32	1877549.0
33	2374653.0
34	3106663.0
35	4391162.0
36	7697677.0
37	1.6714122E7
38	1.6509541E7
39	161536.0
>>END_MODULE
>>Per base sequence content	fail
#Base	G	A	T	C
1	40.20173958599153	8.025810605946026	10.114493192483655	41.65795661557878
2	23.61006235194148	12.044129757948555	35.85630870345459	28.489499186655376
3	24.95796980307587	14.655258502510302	21.56060042238218	38.82617127203165
4	27.50780978770997	22.842633155425595	21.47025921081035	28.179297846054084
5	28.209811334974223	25.191560921617	24.75905580742058	21.839571935988193
6	24.01059357087331	29.15664420490635	25.401821221724024	21.430941002496315
7	18.983441211642564	21.4764532191771	40.192425156991504	19.34768041218883
8	21.350216338562664	22.20292214441746	32.625075082055744	23.821786434964135
9	20.932123185178057	20.87524537307736	34.77982800044164	23.412803441302955
10-11	23.59757313832994	28.768218149212938	25.920810961436775	21.713397751020345
12-13	24.132294662594216	22.434177448228024	29.32382616548474	24.109701723693018
14-15	23.07386997205832	23.892950012793126	29.62988460978776	23.403295405360794
16-17	23.751458799089647	23.818566450858604	28.921206779952236	23.508767970099516
18-19	23.838210282999146	23.898408552997978	28.729573517204553	23.53380764679832
20-21	23.553752096526345	23.891507209131262	28.948597543398087	23.606143150944302
22-23	23.77324714385963	23.932989221042924	28.827980764847023	23.465782870250425
24-25	23.66142543921837	23.79012111448553	28.597140216852345	23.951313229443752
26-27	23.52744886141169	23.96605152913396	28.81418772259768	23.692311886856672
28-29	23.77377201895222	24.05346935523604	28.527797224145424	23.644961401666315
30-31	23.658039874302624	23.95348989368683	28.309287623770047	24.079182608240497
32-33	23.52914533182522	23.951839418494288	28.57225337521842	23.94676187446207
34-35	23.87229298720523	24.096788395012567	28.05179398187687	23.97912463590533
36-37	24.083495451216592	24.11280118561177	27.763590559445884	24.04011280372576
38-39	23.902950668470066	24.054427012370542	27.90525000465845	24.137372314500947
40-41	24.27720180789415	24.020157981681415	27.413114460552563	24.289525749871874
42-43	24.327496817905676	23.819301549248735	27.473771729920433	24.37942990292516
44-45	24.23999522867897	23.848053686302173	27.59117449045179	24.32077659456706
46-47	24.319028983589234	23.890353517912803	27.446832620944722	24.343784877553247
48-49	24.372038721608043	23.736606660688434	27.355042714477033	24.53631190322649
50-51	24.099562681180537	23.69122494653177	27.4769411779523	24.732271194335397
52-53	24.455029116064868	23.83988737882798	27.196073561188733	24.509009943918418
54-55	24.4192228175619	23.58909641103762	27.074228932703846	24.917451838696632
56-57	24.22216355462833	23.593272125360564	27.375864749654177	24.808699570356925
58-59	24.392733694700546	23.701515772788333	27.215377239692724	24.690373292818396
60-61	24.66440472554602	23.53253619041115	26.990912811578404	24.812146272464418
62-63	24.540299027647734	23.612200091941	27.10447288228591	24.743027998125356
64-65	24.88363385153797	23.602983336315326	26.877012219545506	24.636370592601203
66-67	24.82289840547068	23.490252751648594	26.810889357222965	24.87595948565776
68-69	24.77383543995947	23.672676280257377	26.90763208703405	24.6458561927491
70-71	25.01106137789264	23.705603618428796	26.665284477179103	24.618050526499466
72-73	25.040788168989693	23.745426518416735	26.564014373959726	24.649770938633843
74-75	25.04917479394543	23.72707490626845	26.66791955410949	24.555830745676634
76-77	25.150294110755024	23.807189773965256	26.503720112601485	24.538796002678236
78-79	24.977188785549146	23.569712275154075	26.549768974094164	24.903329965202616
80-81	25.012173832264867	23.533072917415772	26.768202514062335	24.686550736257026
82-83	25.136899321960364	23.42837493917576	26.608104133703243	24.826621605160632
84-85	25.11539952962324	23.388075779310817	26.493308101021306	25.003216590044637
86-87	24.915596944063527	23.576213947380285	26.760949680991388	24.747239427564796
88-89	24.913958776286133	23.614382152256418	26.521725949539277	24.949933121918175
90-91	24.923020016139827	23.523013271285066	26.438386864914825	25.11557984766028
92-93	24.872006716226668	23.388154467249862	26.68404695726473	25.05579185925874
94-95	24.943214791317057	23.413593404860087	26.39654942000521	25.24664238381764
96-97	24.94484669264685	22.887643758559374	26.47519429515957	25.692315253634206
98-99	25.07665646854049	19.906380609362046	28.091533275660925	26.925429646436537
100	26.731814478958704	0.0	36.4808344227571	36.7873510982842
>>END_MODULE
>>Per sequence GC content	pass
#GC Content	Count
0	152879.0
1	86329.5
2	15097.0
3	10620.0
4	11557.0
5	13231.0
6	16632.5
7	21119.0
8	28050.5
9	31971.0
10	32709.5
11	31426.0
12	27385.5
13	26202.5
14	26428.0
15	27476.0
16	29087.0
17	31231.0
18	34315.5
19	38935.5
20	46526.5
21	57571.0
22	73682.5
23	94252.5
24	119622.5
25	152418.0
26	208467.0
27	291502.5
28	367112.0
29	425863.5
30	500333.0
31	587115.5
32	694393.5
33	810775.0
34	920814.5
35	1052651.5
36	1184377.5
37	1316515.0
38	1433721.0
39	1537037.5
40	1649328.0
41	1745804.0
42	1828391.0
43	1894322.0
44	1918196.0
45	1945575.5
46	2019923.0
47	2035249.0
48	2009225.0
49	2019461.0
50	2046899.5
51	2039901.0
52	1961629.0
53	1891034.5
54	1860042.5
55	1834089.5
56	1786713.5
57	1704918.0
58	1643466.5
59	1597171.5
60	1528068.0
61	1453491.5
62	1333234.0
63	1195184.0
64	1075095.5
65	945560.0
66	826666.5
67	730452.5
68	634457.5
69	527802.5
70	431492.5
71	353669.0
72	286288.0
73	231325.0
74	187342.0
75	156036.0
76	136155.5
77	115966.5
78	94748.5
79	81859.5
80	73567.5
81	65072.0
82	64697.0
83	65359.0
84	57421.0
85	46523.5
86	40748.5
87	40364.5
88	40463.0
89	44410.0
90	44533.0
91	34906.0
92	23504.0
93	15807.0
94	11500.0
95	8358.5
96	6287.5
97	5980.0
98	6652.0
99	5406.0
100	1915.0
>>END_MODULE
>>Per base N content	pass
#Base	N-Count
1	0.08818544587761333
2	0.11627148796831961
3	0.0
4	0.0
5	0.0
6	0.0
7	0.0
8	0.0
9	0.0
10-11	0.0
12-13	0.0
14-15	0.0
16-17	0.0
18-19	0.0
20-21	0.0
22-23	0.0
24-25	0.0
26-27	0.0
28-29	0.0
30-31	0.0
32-33	0.0
34-35	0.002096286118877203
36-37	0.0
38-39	0.0
40-41	0.0
42-43	0.0
44-45	0.0
46-47	0.0
48-49	0.0
50-51	0.0
52-53	0.0
54-55	0.0
56-57	0.0
58-59	0.0
60-61	0.0
62-63	0.0
64-65	0.0
66-67	0.0
68-69	0.0
70-71	0.0
72-73	0.0
74-75	0.0
76-77	0.0
78-79	0.0
80-81	0.0
82-83	0.0
84-85	0.0
86-87	1.178789374798603E-4
88-89	9.0348584716525E-6
90-91	0.0
92-93	6.443851959773335E-4
94-95	4.156958731004958E-4
96-97	0.0012141360731605638
98-99	8.517063550908827E-4
100	0.0
>>END_MODULE
>>Sequence Length Distribution	warn
#Length	Count
30-31	2.0
32-33	18.0
34-35	3595.0
36-37	2193.0
38-39	2681.0
40-41	3289.0
42-43	4134.0
44-45	4871.0
46-47	5616.0
48-49	6995.0
50-51	8497.0
52-53	10186.0
54-55	12432.0
56-57	14553.0
58-59	18111.0
60-61	22762.0
62-63	27408.0
64-65	33504.0
66-67	38372.0
68-69	45006.0
70-71	53070.0
72-73	63641.0
74-75	73944.0
76-77	87161.0
78-79	102946.0
80-81	119463.0
82-83	143582.0
84-85	169925.0
86-87	197245.0
88-89	227093.0
90-91	263760.0
92-93	309432.0
94-95	572728.0
96-97	1821175.0
98-99	1.6577277E7
100-101	4.1158609E7
>>END_MODULE
>>Sequence Duplication Levels	fail
#Total Deduplicated Percentage	37.612682822529486
#Duplication Level	Percentage of deduplicated	Percentage of total
1	72.8455848815694	27.399178791721184
2	12.918008797779803	9.717619352190745
3	4.758763904802044	5.369696321358636
4	2.5284953315604923	3.804139716969253
5	1.5662990002186965	2.9456353750235436
6	1.005951378415459	2.2701918078736196
7	0.7096528232731071	1.8684362589118764
8	0.5357576729900536	1.6121026739129087
9	0.4118391844330671	1.394133895617316
>10	2.3689636718477254	16.389531728203774
>50	0.18586077346603716	4.859187874408312
>100	0.13940920411634913	10.49745871330387
>500	0.016126499801074824	4.184720375959445
>1k	0.00894468942899251	5.802416230833134
>5k	2.352530796283251E-4	0.584015444190273
>10k+	1.0693321801287505E-4	1.3015354395218164
>>END_MODULE
>>Overrepresented sequences	warn
#Sequence	Count	Percentage	Possible Source
AAAAAAAAAAAAAAAAAAAAAAAAAAAAAAAAAAAAAAAAAAAAAAAAAA	284915	0.45802384993838785	No Hit
>>END_MODULE
>>Adapter Content	pass
#Position	Illumina Universal Adapter	Illumina Small RNA 3' Adapter	Illumina Small RNA 5' Adapter	Nextera Transposase Sequence	SOLID Small RNA Adapter
1	0.0	6.430322726966118E-6	0.0	8.037903408707647E-6	0.0
2	1.6075806817415295E-6	5.144258181572894E-5	0.0	4.8227420452245886E-5	0.0
3	1.6075806817415295E-6	5.7872904542695063E-5	0.0	5.144258181572894E-5	0.0
4	6.430322726966118E-6	6.912596931488576E-5	0.0	6.59108079514027E-5	0.0
5	8.037903408707647E-6	7.394871136011036E-5	0.0	6.751838863314423E-5	0.0
6	8.037903408707647E-6	7.555629204185189E-5	0.0	6.751838863314423E-5	0.0
7	8.037903408707647E-6	9.645484090449177E-5	0.0	6.912596931488576E-5	0.0
8	8.037903408707647E-6	1.1092306704016553E-4	0.0	7.073354999662729E-5	0.0
9	8.037903408707647E-6	1.1896097044887318E-4	0.0	7.555629204185189E-5	0.0
10-11	1.1253064772190706E-5	1.2860645453932235E-4	0.0	7.796766306446418E-5	0.0
12-13	1.2860645453932236E-5	1.4870121306109147E-4	0.0	8.279040510968877E-5	0.0
14-15	1.2860645453932236E-5	1.824604073776636E-4	0.0	8.680935681404259E-5	0.0
16-17	1.2860645453932236E-5	2.1380823067162341E-4	0.0	9.32396795410087E-5	0.0
18-19	1.2860645453932236E-5	2.1943476305771875E-4	0.0	9.80624215862333E-5	0.0
20-21	1.2860645453932236E-5	2.210423437394603E-4	0.0	9.80624215862333E-5	0.0
22-23	1.4468226135673766E-5	2.3390298919339253E-4	0.0	1.0770790567668247E-4	0.0
24-25	1.4468226135673766E-5	2.523901670334201E-4	0.0	1.278026641984516E-4	8.037903408707647E-7
26-27	1.4468226135673766E-5	2.6766218350996466E-4	0.0	1.3503677726628847E-4	1.6075806817415295E-6
28-29	1.4468226135673766E-5	2.8373799032737994E-4	0.0	1.3744814828890077E-4	1.6075806817415295E-6
30-31	1.4468226135673766E-5	2.917758937360876E-4	0.0	1.4146709999325458E-4	1.6075806817415295E-6
32-33	1.687959715828606E-5	2.982062164630537E-4	0.0	1.4709363237934994E-4	2.4113710226122943E-6
34-35	1.9290968180898354E-5	3.094592812352444E-4	0.0	1.5513153578805761E-4	3.215161363483059E-6
36-37	2.9740242612218296E-5	3.2714266873440123E-4	0.0	1.6236564885589448E-4	3.215161363483059E-6
38-39	4.9031210793116644E-5	3.351805721431089E-4	0.0	1.6799218124198984E-4	3.215161363483059E-6
40-41	6.591080795140272E-5	3.448260562335581E-4	0.0	1.7361871362808518E-4	3.215161363483059E-6
42-43	9.645484090449176E-5	3.5607912100574875E-4	0.0	1.8808693976375893E-4	3.215161363483059E-6
44-45	1.3021403522106388E-4	3.7376250850490564E-4	0.0	1.937134721498543E-4	3.215161363483059E-6
46-47	1.8406798805940513E-4	3.914458960040624E-4	0.0	2.0335895624030347E-4	3.215161363483059E-6
48-49	2.443522636247125E-4	4.059141221397362E-4	1.6075806817415295E-6	2.1139685964901114E-4	4.822742045224589E-6
50-51	3.1669339430308134E-4	4.1314823520757305E-4	1.6075806817415295E-6	2.162196016942357E-4	6.430322726966118E-6
52-53	3.7376250850490564E-4	4.37261945433696E-4	1.6075806817415295E-6	2.18630972716848E-4	6.430322726966118E-6
54-55	4.710211397502681E-4	4.5574912327372356E-4	1.6075806817415295E-6	2.226499244212018E-4	7.234113067836883E-6
56-57	5.859631584947875E-4	4.78255252818105E-4	1.6075806817415295E-6	2.371181505568756E-4	8.037903408707647E-6
58-59	7.24215097124559E-4	4.943310596355202E-4	1.6075806817415295E-6	2.507825863516786E-4	8.841693749578413E-6
60-61	8.889921170030658E-4	5.071917050894525E-4	1.6075806817415295E-6	2.7007355453257694E-4	1.0449274431319941E-5
62-63	0.0010810980084711786	5.594380772460522E-4	1.6075806817415295E-6	2.877569420317338E-4	1.1253064772190706E-5
64-65	0.0013302730141411157	5.73906303381726E-4	1.6075806817415295E-6	2.9740242612218295E-4	1.205685511306147E-5
66-67	0.0016035617300371756	5.87570739176529E-4	1.6075806817415295E-6	3.126744425987275E-4	1.2860645453932236E-5
68-69	0.0019363309311576722	6.036465459939443E-4	1.6075806817415295E-6	3.3839573350659196E-4	1.2860645453932236E-5
70-71	0.0022281068248937597	6.35798159628775E-4	1.6075806817415295E-6	3.568829113466195E-4	1.2860645453932236E-5
72-73	0.002695109012939674	6.679497732636054E-4	1.6075806817415295E-6	3.96268638049287E-4	1.2860645453932236E-5
74-75	0.003259369832230951	7.009051772393068E-4	1.6075806817415295E-6	4.075217028214777E-4	1.2860645453932236E-5
76-77	0.0037794221827743358	7.177847743975929E-4	1.6075806817415295E-6	4.1073686418496077E-4	1.4468226135673766E-5
78-79	0.004190962837300168	7.242150971245591E-4	1.6075806817415295E-6	4.2198992895715144E-4	1.6075806817415294E-5
80-81	0.004529358570806759	7.362719522376205E-4	1.6075806817415295E-6	4.4931880054675745E-4	1.6075806817415294E-5
82-83	0.005239909232136516	7.491325976915527E-4	1.6075806817415295E-6	4.6780597838678507E-4	1.6075806817415294E-5
84-85	0.00582346101960869	7.611894528046141E-4	1.6075806817415295E-6	4.91919688612908E-4	1.6075806817415294E-5
86-87	0.005945637151421047	7.836955823489957E-4	1.6075806817415295E-6	5.819442067904337E-4	1.6075806817415294E-5
88-89	0.005950459893466271	7.885183243942202E-4	2.4113710226122943E-6	5.972162232669783E-4	1.687959715828606E-5
>>END_MODULE
