##FastQC	0.11.8
>>Basic Statistics	pass
#Measure	Value
Filename	SRR3184305_2.gz
File type	Conventional base calls
Encoding	Sanger / Illumina 1.9
Total Sequences	57802316
Sequences flagged as poor quality	0
Sequence length	29-100
%GC	52
>>END_MODULE
>>Per base sequence quality	pass
#Base	Mean	Median	Lower Quartile	Upper Quartile	10th Percentile	90th Percentile
1	32.04525429396289	33.0	33.0	33.0	33.0	33.0
2	31.986280186420213	33.0	33.0	33.0	27.0	33.0
3	31.981485292042624	33.0	33.0	33.0	27.0	33.0
4	35.75694657286743	37.0	37.0	37.0	33.0	37.0
5	35.75614748723909	37.0	37.0	37.0	33.0	37.0
6	35.73081829454723	37.0	37.0	37.0	33.0	37.0
7	35.712594768694046	37.0	37.0	37.0	33.0	37.0
8	35.68972587534382	37.0	37.0	37.0	33.0	37.0
9	35.679497582761215	37.0	37.0	37.0	33.0	37.0
10-11	35.63992222214764	37.0	37.0	37.0	33.0	37.0
12-13	35.5870348516831	37.0	37.0	37.0	33.0	37.0
14-15	37.51628807572347	40.0	37.0	40.0	33.0	40.0
16-17	37.482597228457074	40.0	37.0	40.0	33.0	40.0
18-19	37.4644452222295	40.0	37.0	40.0	33.0	40.0
20-21	37.426391219341454	40.0	37.0	40.0	33.0	40.0
22-23	37.36303806581037	40.0	37.0	40.0	33.0	40.0
24-25	37.303758036269684	40.0	37.0	40.0	33.0	40.0
26-27	37.21584116975521	40.0	37.0	40.0	33.0	40.0
28-29	37.149927435433554	40.0	37.0	40.0	33.0	40.0
30-31	37.04311342893446	40.0	37.0	40.0	33.0	40.0
32-33	36.94343520143017	40.0	37.0	40.0	33.0	40.0
34-35	36.80876378168839	40.0	37.0	40.0	33.0	40.0
36-37	36.71276282407682	40.0	37.0	40.0	33.0	40.0
38-39	36.60575460872134	40.0	37.0	40.0	33.0	40.0
40-41	36.51798434476789	40.0	37.0	40.0	33.0	40.0
42-43	36.37644761954377	40.0	37.0	40.0	27.0	40.0
44-45	36.26776079109023	40.0	37.0	40.0	27.0	40.0
46-47	36.122635621291394	37.0	37.0	40.0	27.0	40.0
48-49	35.94381040762562	37.0	37.0	40.0	27.0	40.0
50-51	34.68881384346271	37.0	35.0	38.5	24.5	40.0
52-53	34.85275894529747	37.0	33.0	38.5	27.0	40.0
54-55	35.3386833527865	37.0	33.0	40.0	27.0	40.0
56-57	35.25358297419983	37.0	33.0	40.0	27.0	40.0
58-59	35.07275718447333	37.0	33.0	40.0	27.0	40.0
60-61	34.8476347743638	37.0	33.0	40.0	27.0	40.0
62-63	34.604653432446824	37.0	33.0	38.5	27.0	40.0
64-65	34.374885537950135	37.0	33.0	37.0	27.0	40.0
66-67	34.15647786656377	37.0	33.0	37.0	27.0	40.0
68-69	33.91942938387933	37.0	33.0	37.0	27.0	40.0
70-71	33.71183541632902	37.0	33.0	37.0	27.0	38.5
72-73	33.48493909303414	37.0	33.0	37.0	27.0	37.0
74-75	33.25288789760924	37.0	33.0	37.0	22.0	37.0
76-77	33.08200485035907	37.0	33.0	37.0	22.0	37.0
78-79	32.90868476268587	37.0	33.0	37.0	22.0	37.0
80-81	32.724150912925516	37.0	33.0	37.0	22.0	37.0
82-83	32.63084355851551	37.0	33.0	37.0	22.0	37.0
84-85	32.518270856995805	37.0	33.0	37.0	22.0	37.0
86-87	32.415566780816	37.0	33.0	37.0	22.0	37.0
88-89	32.30113417970402	37.0	33.0	37.0	22.0	37.0
90-91	32.196669819414595	37.0	33.0	37.0	22.0	37.0
92-93	32.111793618136005	37.0	33.0	37.0	22.0	37.0
94-95	32.037885519121296	37.0	33.0	37.0	22.0	37.0
96-97	31.910177794767392	33.0	33.0	37.0	22.0	37.0
98-99	31.764191707549113	33.0	33.0	37.0	22.0	37.0
100	28.768823731951354	33.0	27.0	37.0	15.0	37.0
>>END_MODULE
>>Per sequence quality scores	pass
#Quality	Count
6	375.0
7	4275.0
8	15671.0
9	34338.0
10	57459.0
11	85548.0
12	113742.0
13	140944.0
14	167518.0
15	194833.0
16	222009.0
17	251052.0
18	281990.0
19	312112.0
20	340523.0
21	371074.0
22	403882.0
23	444615.0
24	490383.0
25	545471.0
26	610764.0
27	687721.0
28	798908.0
29	941465.0
30	1131422.0
31	1390591.0
32	1759371.0
33	2255712.0
34	2956185.0
35	4112285.0
36	7198303.0
37	1.6689529E7
38	1.2731412E7
39	60834.0
>>END_MODULE
>>Per base sequence content	fail
#Base	G	A	T	C
1	33.54698542559686	14.590713964115084	12.757662789938387	39.104637820349666
2	24.217759717448	26.363294854829	26.945999880004806	22.472945547718194
3	25.398850800372774	26.26701324562843	20.322445211364887	28.01169074263391
4	27.823243276272873	29.919216385724063	17.6867480534863	24.570792284516767
5	28.215772530637008	30.39844804834464	19.276006172486237	22.109773248532115
6	24.131571129433638	33.77809117544702	18.60978892264455	23.48054877247479
7	23.401475816297744	19.442741706058975	30.642817149402802	26.51296532824048
8	24.423542129349972	22.991402282219973	23.106231591135554	29.4788239972945
9	24.621193379171867	21.791206428475977	25.63719246128477	27.950407731067383
10-11	26.50009300665392	28.706189731221148	18.903335118959593	25.890382143165336
12-13	26.675225262600204	22.9501617201636	22.244843960923642	28.129769056312554
14-15	25.70227289854614	25.57828565208356	23.16021039710589	25.55923105226441
16-17	26.299669376569618	25.17455961453171	22.446328102147326	26.07944290675135
18-19	25.78287802328611	25.535267700478194	22.7906181370883	25.8912361391474
20-21	25.712478371973884	25.552489107875886	22.762392427320734	25.972640092829497
22-23	25.875133619213457	25.531810870692446	22.607130482453332	25.98592502764076
24-25	25.668601237362182	25.462594785994387	22.832307445950782	26.036496530692645
26-27	25.594792776123366	25.761697853075642	22.729844423534864	25.91366494726613
28-29	26.033358248136633	25.254171476450875	22.63646667721757	26.076003598194923
30-31	25.519574778276617	25.37074163898107	22.871450736877925	26.23823284586439
32-33	25.459978581133203	25.460079788159334	22.890443774817236	26.189497855890227
34-35	25.896561294672576	25.396174906521402	22.493130240552844	26.214133558253177
36-37	25.65839937550804	25.34068620170039	22.754348785140195	26.246565637651376
38-39	25.499799862572587	25.5652954520662	22.739893059915705	26.19501162544551
40-41	25.911740988246606	25.13300861473699	22.543956556417825	26.41129384059857
42-43	25.637082666245163	25.32506816660228	22.614181032448528	26.42366813470403
44-45	25.508885267699743	25.474498073499515	22.76808875645861	26.248527902342133
46-47	25.849294990567827	25.215647118758504	22.51341398817428	26.42164390249939
48-49	25.66376664266916	25.290452794667644	22.739801973651446	26.305978589011747
50-51	25.500399497825594	25.400856485122524	22.772636063953993	26.326107953097893
52-53	25.750732452196416	25.291664914788985	22.441971103772257	26.515631529242338
54-55	25.489398187466954	25.385365042280284	22.76359509715098	26.361641673101783
56-57	25.5794179625135	25.48488204471707	22.71831825209652	26.217381740672906
58-59	25.86367218572791	25.308559651107892	22.384713261431806	26.443054901732392
60-61	25.55518752790864	25.298583732360598	22.774613406915844	26.371615332814923
62-63	25.68685592650582	25.61812056140414	22.637794705975114	26.057228806114928
64-65	25.788460013128955	25.41891872778388	22.401034341892483	26.391586917194687
66-67	25.64438934066485	25.540993743270562	22.49070613598	26.323910780084585
68-69	25.636250025276457	25.775609525726345	22.57885715459055	26.009283294406643
70-71	25.88703552160958	25.41931349806304	22.394615135437324	26.299035844890057
72-73	25.665572729595727	25.698573518301636	22.595252002078396	26.04060175002424
74-75	25.66407529912615	25.84184001785646	22.530828677504793	25.963256005512598
76-77	25.795090692848195	25.619798019594718	22.36959964842246	26.215511639134625
78-79	25.540462715583857	25.565055703378796	22.667857076500646	26.2266245045367
80-81	25.597890018084662	25.858046188243982	22.611776421313785	25.93228737235757
82-83	25.806645360129863	25.60710063768079	22.495988990279013	26.09026501191033
84-85	25.62354092015726	25.668957906760443	22.570323314177845	26.137177858904447
86-87	25.537129736993602	25.891218815413158	22.522946863277532	26.048704584315708
88-89	25.73379663643821	25.654884201630967	22.436483575541498	26.174835586389317
90-91	25.482992801514747	25.72063101833689	22.697188321731048	26.099187858417316
92-93	25.46824930960541	25.985534775699143	22.566245506650993	25.97997040804445
94-95	25.87494442464103	25.522607639627694	22.353285966930112	26.249161968801165
96-97	25.52466724836297	25.185235749500855	22.761089352231167	26.529007649905008
98-99	25.907270288361044	21.85010809055155	24.20538742147604	28.037234199611365
100	27.95813590550358	0.0	32.24840014696305	39.793463947533375
>>END_MODULE
>>Per sequence GC content	pass
#GC Content	Count
0	7839.0
1	5254.0
2	2799.5
3	3295.5
4	3772.5
5	4275.5
6	5647.0
7	7602.0
8	10179.5
9	13423.5
10	16478.5
11	20159.5
12	23221.0
13	23926.0
14	23545.0
15	22815.0
16	22041.0
17	21600.5
18	21851.5
19	22768.0
20	25241.5
21	29361.0
22	34835.5
23	42464.0
24	53301.0
25	69049.0
26	90812.0
27	117568.0
28	148079.0
29	180314.5
30	218486.5
31	272658.0
32	343901.0
33	427762.0
34	514252.0
35	622226.0
36	753061.5
37	897404.0
38	1013337.5
39	1121937.0
40	1251730.0
41	1341488.5
42	1446730.5
43	1600963.5
44	1695864.5
45	1771643.5
46	1823891.0
47	1832982.0
48	1883676.5
49	1932536.0
50	1954547.0
51	1963829.0
52	1972479.0
53	1969665.0
54	1923193.0
55	1876076.5
56	1836025.0
57	1768335.5
58	1732896.5
59	1751325.0
60	1732758.5
61	1666233.0
62	1540037.0
63	1359039.0
64	1209063.0
65	1082181.0
66	974477.5
67	899749.0
68	799751.5
69	683015.0
70	575360.5
71	469800.5
72	402617.0
73	352861.5
74	297821.0
75	248007.0
76	212142.0
77	189603.5
78	172978.5
79	149876.0
80	123777.5
81	103508.0
82	88500.0
83	76148.5
84	65468.0
85	54411.0
86	47326.5
87	42542.0
88	36705.0
89	31672.5
90	27878.0
91	27551.0
92	25512.5
93	19533.5
94	15286.0
95	13441.0
96	13327.5
97	11649.5
98	8970.0
99	6228.0
100	3475.5
>>END_MODULE
>>Per base N content	pass
#Base	N-Count
1	0.010951118290831115
2	0.0
3	0.0
4	0.0
5	0.0
6	0.0
7	0.0
8	0.0
9	0.0
10-11	0.0
12-13	0.0
14-15	0.0
16-17	0.0
18-19	8.650172425616995E-7
20-21	0.0
22-23	0.0
24-25	0.0
26-27	0.0
28-29	0.0
30-31	0.0
32-33	0.0
34-35	0.0016625637873694406
36-37	1.1245809087044544E-5
38-39	6.9206799588821645E-6
40-41	5.4502213291626055E-5
42-43	3.7114989088193206E-4
44-45	6.229403547847775E-5
46-47	0.014960990197951352
48-49	0.01621677946303103
50-51	0.0
52-53	0.0
54-55	8.65593985091269E-7
56-57	0.0
58-59	0.0
60-61	3.117980295005454E-5
62-63	0.0
64-65	0.0
66-67	7.28314551286012E-5
68-69	0.001135530166369483
70-71	3.472027312494532E-6
72-73	0.0
74-75	3.825425357522298E-4
76-77	0.0011679891358559271
78-79	0.003904921156626667
80-81	0.0037406780117666227
82-83	0.004483655288432504
84-85	0.0021634596553679747
86-87	3.15399276551372E-4
88-89	9.358894571788273E-4
90-91	3.7941594389993E-4
92-93	1.0657995321672955E-4
94-95	0.0011821743019772308
96-97	0.0010205997656764737
98-99	0.003075587336646391
100	0.0
>>END_MODULE
>>Sequence Length Distribution	warn
#Length	Count
28-29	1.0
30-31	1.0
32-33	17.0
34-35	2631.0
36-37	1445.0
38-39	1858.0
40-41	2324.0
42-43	2808.0
44-45	3306.0
46-47	4033.0
48-49	4923.0
50-51	5947.0
52-53	7176.0
54-55	8605.0
56-57	10375.0
58-59	13195.0
60-61	16531.0
62-63	19299.0
64-65	23799.0
66-67	27835.0
68-69	33362.0
70-71	40618.0
72-73	48345.0
74-75	58141.0
76-77	69532.0
78-79	83541.0
80-81	98795.0
82-83	118636.0
84-85	142687.0
86-87	167823.0
88-89	195157.0
90-91	228443.0
92-93	285129.0
94-95	655734.0
96-97	2115567.0
98-99	1.6492722E7
100-101	3.6811975E7
>>END_MODULE
>>Sequence Duplication Levels	fail
#Total Deduplicated Percentage	30.710952092873445
#Duplication Level	Percentage of deduplicated	Percentage of total
1	70.59477418803854	21.680327280960707
2	13.083469518563613	8.036116111863542
3	5.214334707746927	4.804115502174695
4	2.8210499110994993	3.465485146855265
5	1.7443667504836735	2.6785581853252713
6	1.1637154521551845	2.1443285700524655
7	0.8620689261458474	1.8532470244133985
8	0.645754203633266	1.58653811292423
9	0.4717015472917167	1.3037763258909172
>10	2.864847670157913	16.397884961161047
>50	0.2647838017289211	5.668925128064563
>100	0.22508297893634024	14.226270094893476
>500	0.027614625930612976	5.8467786389381775
>1k	0.015725426188968657	8.498283975152903
>5k	5.580864919320234E-4	1.109609578073723
>10k+	1.5220540689055183E-4	0.6997553632552637
>>END_MODULE
>>Overrepresented sequences	pass
>>END_MODULE
>>Adapter Content	pass
#Position	Illumina Universal Adapter	Illumina Small RNA 3' Adapter	Illumina Small RNA 5' Adapter	Nextera Transposase Sequence	SOLID Small RNA Adapter
1	0.0	0.0	0.0	0.0	0.0
2	0.0	5.190103455370197E-6	0.0	1.730034485123399E-6	0.0
3	0.0	6.920137940493596E-6	0.0	1.730034485123399E-6	3.460068970246798E-6
4	0.0	6.920137940493596E-6	0.0	3.460068970246798E-6	5.190103455370197E-6
5	0.0	6.920137940493596E-6	0.0	5.190103455370197E-6	5.190103455370197E-6
6	0.0	6.920137940493596E-6	0.0	6.920137940493596E-6	5.190103455370197E-6
7	0.0	8.650172425616994E-6	0.0	6.920137940493596E-6	5.190103455370197E-6
8	0.0	1.2110241395863792E-5	0.0	8.650172425616994E-6	5.190103455370197E-6
9	0.0	1.3840275880987192E-5	0.0	1.0380206910740393E-5	5.190103455370197E-6
10-11	0.0	1.557031036611059E-5	0.0	1.0380206910740393E-5	6.055120697931896E-6
12-13	8.650172425616995E-7	1.7300344851233988E-5	0.0	1.2975258638425493E-5	6.920137940493596E-6
14-15	3.460068970246798E-6	1.989539657891909E-5	0.0	1.470529312354889E-5	6.920137940493596E-6
16-17	3.460068970246798E-6	2.0760413821480786E-5	0.0	1.557031036611059E-5	1.0380206910740393E-5
18-19	3.460068970246798E-6	2.4220482791727585E-5	0.0	1.557031036611059E-5	1.470529312354889E-5
20-21	5.190103455370197E-6	2.4220482791727585E-5	0.0	1.6435327608672288E-5	1.6435327608672288E-5
22-23	5.190103455370197E-6	2.7680551761974383E-5	0.0	1.7300344851233988E-5	1.989539657891909E-5
24-25	5.190103455370197E-6	3.2870655217344575E-5	0.0	2.0760413821480786E-5	2.0760413821480786E-5
26-27	5.190103455370197E-6	3.2870655217344575E-5	0.0	2.0760413821480786E-5	2.3355465549165884E-5
28-29	5.190103455370197E-6	3.4600689702467976E-5	0.0	2.0760413821480786E-5	2.4220482791727585E-5
30-31	8.650172425616994E-6	3.979079315783817E-5	0.0	2.2490448306604184E-5	2.5950517276850986E-5
32-33	1.470529312354889E-5	4.065581040039987E-5	0.0	2.5085500034289285E-5	3.027560348965948E-5
34-35	3.200563797478288E-5	4.5845913855770075E-5	0.0	3.027560348965948E-5	3.4600689702467976E-5
36-37	4.844096558345517E-5	5.9686189736757255E-5	0.0	3.3735672459906276E-5	3.546570694502968E-5
38-39	7.525650010286785E-5	6.747134491981255E-5	0.0	3.4600689702467976E-5	3.979079315783818E-5
40-41	1.1158722429045923E-4	6.920137940493595E-5	0.0	3.546570694502968E-5	4.152082764296157E-5
42-43	1.617582243590378E-4	7.439148286030614E-5	0.0	3.719574143015308E-5	4.757594834089347E-5
44-45	2.1452427615530146E-4	7.785155183055294E-5	0.0	3.892577591527647E-5	4.844096558345517E-5
46-47	2.7507548313462037E-4	8.217663804336144E-5	0.0	3.979079315783817E-5	5.3631069038825365E-5
48-49	3.589821556631052E-4	8.563670701360824E-5	0.0	3.979079315783817E-5	5.3631069038825365E-5
50-51	4.593241558002624E-4	8.736674149873165E-5	0.0	3.979079315783817E-5	5.3631069038825365E-5
52-53	5.882117249419556E-4	8.996179322641674E-5	1.730034485123399E-6	4.152082764296157E-5	5.3631069038825365E-5
54-55	8.001409493695721E-4	9.169182771154014E-5	1.730034485123399E-6	4.498089661320837E-5	5.5361103523948766E-5
56-57	0.0010821365704446859	9.515189668178694E-5	1.730034485123399E-6	4.584591385577007E-5	5.709113800907216E-5
58-59	0.0013572120535793064	9.947698289459545E-5	1.730034485123399E-6	4.671093109833177E-5	5.882117249419556E-5
60-61	0.0016487228643225992	1.0034200013715714E-4	1.730034485123399E-6	4.671093109833177E-5	6.228124146444236E-5
62-63	0.0020786364338757635	1.0120701737971883E-4	1.730034485123399E-6	4.671093109833177E-5	6.487629319212746E-5
64-65	0.0026114870552937704	1.0293705186484222E-4	1.730034485123399E-6	4.671093109833177E-5	6.833636216237426E-5
66-67	0.0033043658665856917	1.0553210359252733E-4	1.730034485123399E-6	4.671093109833177E-5	7.439148286030616E-5
68-69	0.003985999453724311	1.0639712083508902E-4	1.730034485123399E-6	4.844096558345517E-5	7.525650010286786E-5
70-71	0.0044946295923505904	1.1072220704789752E-4	1.730034485123399E-6	5.017100006857857E-5	7.785155183055294E-5
72-73	0.0050984116276586566	1.1504729326070601E-4	1.730034485123399E-6	5.4496086281387066E-5	7.958158631567634E-5
74-75	0.0058129158700146195	1.1591231050326772E-4	1.730034485123399E-6	6.055120697931896E-5	7.958158631567634E-5
76-77	0.0065827812158945325	1.1591231050326772E-4	1.730034485123399E-6	6.401127594956576E-5	8.131162080079974E-5
78-79	0.007210783733994326	1.1591231050326772E-4	1.730034485123399E-6	6.660632767725084E-5	8.563670701360824E-5
80-81	0.008048120424794051	1.1764234498839112E-4	1.730034485123399E-6	6.747134491981255E-5	8.823175874129335E-5
82-83	0.009283365047172159	1.1850736223095282E-4	1.730034485123399E-6	6.833636216237426E-5	8.823175874129335E-5
84-85	0.010146652255248734	1.228324484437613E-4	1.730034485123399E-6	6.920137940493595E-5	8.909677598385504E-5
86-87	0.010554940393737857	1.2888756914169322E-4	1.730034485123399E-6	7.352646561774445E-5	9.082681046897843E-5
88-89	0.010557535445465543	1.306176036268166E-4	2.5950517276850983E-6	7.525650010286786E-5	9.342186219666354E-5
>>END_MODULE
