##FastQC	0.11.8
>>Basic Statistics	pass
#Measure	Value
Filename	SRR3184284_1.gz
File type	Conventional base calls
Encoding	Sanger / Illumina 1.9
Total Sequences	58914469
Sequences flagged as poor quality	0
Sequence length	0-100
%GC	48
>>END_MODULE
>>Per base sequence quality	pass
#Base	Mean	Median	Lower Quartile	Upper Quartile	10th Percentile	90th Percentile
1	32.4732819926009	33.0	33.0	33.0	33.0	33.0
2	32.53722785860182	33.0	33.0	33.0	33.0	33.0
3	31.831892376721196	33.0	33.0	33.0	27.0	33.0
4	36.08070441821783	37.0	37.0	37.0	33.0	37.0
5	36.37297715719428	37.0	37.0	37.0	37.0	37.0
6	36.4247893500282	37.0	37.0	37.0	37.0	37.0
7	36.423740764991486	37.0	37.0	37.0	37.0	37.0
8	36.423120103942026	37.0	37.0	37.0	37.0	37.0
9	36.41941779337422	37.0	37.0	37.0	37.0	37.0
10-11	36.43713067050405	37.0	37.0	37.0	37.0	37.0
12-13	36.40557198146671	37.0	37.0	37.0	37.0	37.0
14-15	38.454024910472086	40.0	37.0	40.0	37.0	40.0
16-17	38.44973462068314	40.0	37.0	40.0	37.0	40.0
18-19	38.43281829895015	40.0	37.0	40.0	37.0	40.0
20-21	38.402259126874554	40.0	37.0	40.0	37.0	40.0
22-23	38.351328997837456	40.0	37.0	40.0	37.0	40.0
24-25	38.30791487343076	40.0	37.0	40.0	37.0	40.0
26-27	38.21574428303322	40.0	37.0	40.0	37.0	40.0
28-29	38.134955926323926	40.0	37.0	40.0	35.0	40.0
30-31	38.04538649196463	40.0	37.0	40.0	33.0	40.0
32-33	37.97327822715297	40.0	37.0	40.0	33.0	40.0
34-35	37.88976148575083	40.0	37.0	40.0	33.0	40.0
36-37	37.81019489218165	40.0	37.0	40.0	33.0	40.0
38-39	37.72219189723894	40.0	37.0	40.0	33.0	40.0
40-41	37.60595863687601	40.0	37.0	40.0	33.0	40.0
42-43	37.63104189164582	40.0	37.0	40.0	33.0	40.0
44-45	37.556661028047145	40.0	37.0	40.0	33.0	40.0
46-47	37.41732279849104	40.0	37.0	40.0	33.0	40.0
48-49	37.29482283895207	40.0	37.0	40.0	33.0	40.0
50-51	37.16852590902338	40.0	37.0	40.0	33.0	40.0
52-53	37.08977501903334	38.5	37.0	40.0	33.0	40.0
54-55	36.93506792737375	37.0	37.0	40.0	33.0	40.0
56-57	36.73653451539911	37.0	37.0	40.0	33.0	40.0
58-59	36.61150550001662	37.0	37.0	40.0	33.0	40.0
60-61	36.41977970079276	37.0	37.0	40.0	33.0	40.0
62-63	36.20160051653179	37.0	37.0	40.0	33.0	40.0
64-65	35.97368392688146	37.0	37.0	40.0	33.0	40.0
66-67	35.73912111706244	37.0	37.0	38.5	33.0	40.0
68-69	35.50439271483117	37.0	35.0	37.0	33.0	40.0
70-71	35.281262623184055	37.0	33.0	37.0	33.0	40.0
72-73	35.056606368128044	37.0	33.0	37.0	33.0	40.0
74-75	34.83648769878456	37.0	33.0	37.0	33.0	38.5
76-77	34.077082161287024	37.0	33.0	37.0	27.0	37.0
78-79	34.4669461628597	37.0	33.0	37.0	27.0	37.0
80-81	34.43412522466471	37.0	33.0	37.0	27.0	37.0
82-83	34.31605612988711	37.0	33.0	37.0	27.0	37.0
84-85	34.18926218643202	37.0	33.0	37.0	27.0	37.0
86-87	34.0516146819424	37.0	33.0	37.0	27.0	37.0
88-89	33.95949726197091	37.0	33.0	37.0	27.0	37.0
90-91	33.84773229990091	37.0	33.0	37.0	27.0	37.0
92-93	33.73327018175907	37.0	33.0	37.0	27.0	37.0
94-95	33.603637731990545	37.0	33.0	37.0	27.0	37.0
96-97	33.47993473453717	37.0	33.0	37.0	27.0	37.0
98-99	33.31410909865216	37.0	33.0	37.0	27.0	37.0
100	32.37731249301958	33.0	33.0	37.0	27.0	37.0
>>END_MODULE
>>Per sequence quality scores	pass
#Quality	Count
2	159.0
3	115.0
4	230.0
5	577.0
6	1249.0
7	3324.0
8	8098.0
9	15426.0
10	23912.0
11	29787.0
12	34773.0
13	39510.0
14	44958.0
15	51113.0
16	58283.0
17	64625.0
18	72172.0
19	79924.0
20	89642.0
21	103536.0
22	121798.0
23	152222.0
24	194900.0
25	253404.0
26	328461.0
27	426767.0
28	549993.0
29	705563.0
30	905259.0
31	1170958.0
32	1536971.0
33	2060895.0
34	2816272.0
35	4108941.0
36	7528297.0
37	1.8196871E7
38	1.7056005E7
39	77038.0
>>END_MODULE
>>Per base sequence content	fail
#Base	G	A	T	C
1	23.171133398218473	14.704349927428947	15.760863877529912	46.36365279682267
2	20.853789716276484	20.640585022422453	37.082528105937115	21.423097155363948
3	24.524323106282594	24.102937325983902	25.116135496292536	26.256604071440968
4	24.700834186169004	30.97265194068847	20.936852363323784	23.389661509818744
5	28.293541093883206	31.475093204763677	21.652046458028863	18.579319243324253
6	22.714290173806436	34.49707481024006	21.513447456793166	21.27518755916034
7	19.40736212358672	17.80383976458489	40.21395790482847	22.574840206999923
8	20.661793050210324	21.975850124318182	28.501929476751787	28.860427348719703
9	21.353998473068067	21.515185938320318	30.991053718834305	26.13976186977731
10-11	24.87619194316692	30.52702133931893	21.191085964196805	23.40570075331734
12-13	22.875970076961433	24.168318186856013	27.880544346667595	25.075167389514956
14-15	23.58484025614127	25.449202867503768	26.84619316564021	24.119763710714754
16-17	24.269425584774265	25.662476400938672	25.94358049511396	24.124517519173104
18-19	23.992811153280105	26.05508000152412	25.72125221633939	24.23085662885638
20-21	24.12356780154917	26.005188517728612	25.818025511216607	24.053218169505612
22-23	23.96478714034627	26.310621931097828	25.890376180994718	23.834214747561187
24-25	23.80891934823001	26.2928873503596	25.85792187007535	24.04027143133504
26-27	23.806544787333383	26.17276928323938	26.091294614916684	23.929391314510557
28-29	24.024830565928198	25.90081873416082	25.960733917276187	24.1136167826348
30-31	23.754939905189577	26.214638182809786	25.94941174102699	24.08101017097365
32-33	23.88264170445653	26.069772896818034	25.93022856331248	24.11735683541296
34-35	24.165524773491047	26.061516666685485	25.755429899318514	24.017528660504954
36-37	23.92001614026588	26.112742670639456	25.879916482986758	24.087324706107903
38-39	23.925868479882702	26.13334809789649	25.89514302665446	24.04564039556635
40-41	24.029824047765526	26.008668976216974	25.833543863171176	24.127963112846317
42-43	23.747536871718015	26.029331897388047	26.072106162627662	24.15102506826628
44-45	23.844455682007094	26.07613957881394	26.102199193425385	23.97720554575358
46-47	24.027208978043152	26.090970889671194	25.92391757992516	23.957902552360498
48-49	23.871968788489855	26.07799187866989	25.93980927195502	24.11023006088523
50-51	24.037877792502282	25.836905515524922	26.010421250859135	24.11479544111366
52-53	23.939451607161512	26.129233868477225	25.78213668232635	24.14917784203491
54-55	23.800925734780108	26.115766149691687	25.960713474088294	24.122594641439914
56-57	23.93334659708892	25.936605853850104	26.09318897999775	24.03685856906322
58-59	23.89140507157417	26.04738057129528	26.039944439751935	24.021269917378618
60-61	23.855567089836143	25.945083216718345	26.14673982288514	24.052609870560378
62-63	23.877376842273364	26.181993004745628	26.05594447608757	23.884685676893437
64-65	23.84685400876037	26.194700633445922	25.974308192899333	23.984137164894374
66-67	23.77856212887103	26.182231213454948	25.97583234150216	24.06337431617186
68-69	23.962614108977135	26.251218702629153	26.0501056492701	23.73606153912361
70-71	23.904757874073784	26.09193379146406	26.076327895482176	23.926980438979978
72-73	23.84832487431721	26.163258088347163	25.969817516707234	24.01859952062839
74-75	24.025711731759962	26.214886408181027	26.00108678509862	23.758315074960393
76-77	23.922601975247936	26.10397599485859	26.052703710049553	23.92071831984392
78-79	23.780241269570787	26.03091001287862	26.213151174044718	23.975697543505873
80-81	23.91819213652743	26.193086479577012	26.08444213672915	23.804279247166406
82-83	23.980262148081355	26.065325801580112	26.039081025625833	23.915331024712696
84-85	23.919502202820045	26.064028321042336	26.086955265874995	23.929514210262624
86-87	23.778843403780574	26.204981093149637	26.12769841725277	23.888477085817016
88-89	23.911229158908874	26.116330088246357	26.02951306359812	23.942927689246652
90-91	23.700088527962023	26.223374292333894	26.136688254551448	23.93984892515263
92-93	23.777106564511488	26.298443402919126	26.16274366062322	23.76170637194616
94-95	23.884127421194755	26.17729525118005	26.006583045923463	23.931994281701733
96-97	23.82845431390665	25.849516828213453	26.089790828910335	24.23223802896956
98-99	23.21879117442684	25.484210997825024	26.89092641537384	24.406071412374292
100	24.727794695647155	24.826422171402086	25.900953498434344	24.544829634516415
>>END_MODULE
>>Per sequence GC content	pass
#GC Content	Count
0	126.0
1	114.0
2	101.0
3	109.5
4	121.5
5	139.5
6	174.0
7	226.5
8	284.0
9	346.5
10	420.0
11	524.5
12	659.5
13	895.0
14	1309.5
15	1889.0
16	3096.0
17	5039.5
18	8333.0
19	14314.0
20	23939.0
21	38294.5
22	59632.5
23	90420.5
24	134686.5
25	189998.0
26	253291.5
27	329230.5
28	414953.0
29	502614.0
30	585955.0
31	673162.0
32	773396.0
33	884692.5
34	984801.0
35	1073414.5
36	1193193.5
37	1342193.0
38	1447577.5
39	1524284.5
40	1597312.0
41	1665637.0
42	1822137.0
43	1963476.0
44	1990912.5
45	2027803.0
46	2079342.5
47	2077961.0
48	2087834.5
49	2118653.0
50	2118451.0
51	2051641.5
52	1943431.5
53	1866832.5
54	1804058.0
55	1702603.0
56	1579226.5
57	1469639.0
58	1388260.5
59	1329523.0
60	1261272.0
61	1180898.0
62	1085066.5
63	988236.0
64	889031.0
65	781845.0
66	676150.5
67	582061.5
68	494953.0
69	407173.5
70	329699.0
71	263917.0
72	211076.5
73	166866.0
74	131252.0
75	104737.0
76	81825.0
77	62346.0
78	44363.5
79	30058.5
80	19943.0
81	12253.0
82	7195.0
83	4347.5
84	2671.5
85	1826.5
86	1444.5
87	1217.0
88	1016.5
89	874.5
90	766.0
91	670.5
92	619.0
93	574.5
94	516.0
95	469.5
96	444.5
97	423.5
98	411.5
99	408.0
100	407.5
>>END_MODULE
>>Per base N content	pass
#Base	N-Count
1	0.0867259229303734
2	0.0
3	3.6495241444878864E-4
4	0.0
5	0.0
6	0.0
7	0.0
8	0.0
9	0.0
10-11	0.0
12-13	0.0
14-15	0.0
16-17	0.0
18-19	0.0
20-21	0.0
22-23	0.0
24-25	0.0
26-27	0.0
28-29	0.0
30-31	5.09330903960743E-6
32-33	0.0020865848325299628
34-35	0.0020891554428254864
36-37	2.546746681372601E-5
38-39	2.8608806055368754E-4
40-41	2.665661864952222E-4
42-43	1.8846619006962986E-4
44-45	1.1545815400036101E-4
46-47	1.434755394113596E-4
48-49	2.2922419893380014E-4
50-51	2.5469694705466838E-5
52-53	0.0
54-55	0.0
56-57	0.0019841749945556176
58-59	0.0031533365688570262
60-61	0.0011385847391692126
62-63	0.0
64-65	0.0
66-67	2.649234904780511E-4
68-69	0.0010274541436389214
70-71	0.0
72-73	0.0
74-75	0.0
76-77	0.0
78-79	0.0
80-81	0.0
82-83	0.0
84-85	0.003880617327381128
86-87	6.355289106944409E-4
88-89	1.0707228958438328E-4
90-91	0.0
92-93	3.809220399936342E-4
94-95	1.7013880842741074E-5
96-97	1.1099643092683992E-5
98-99	0.0
100	0.0
>>END_MODULE
>>Sequence Length Distribution	fail
#Length	Count
0-1	2539.0
2-3	620.0
4-5	431.0
6-7	348.0
8-9	709.0
10-11	752.0
12-13	861.0
14-15	965.0
16-17	1021.0
18-19	940.0
20-21	956.0
22-23	820.0
24-25	962.0
26-27	750.0
28-29	815.0
30-31	724.0
32-33	677.0
34-35	721.0
36-37	754.0
38-39	732.0
40-41	686.0
42-43	711.0
44-45	743.0
46-47	732.0
48-49	789.0
50-51	787.0
52-53	780.0
54-55	922.0
56-57	959.0
58-59	1053.0
60-61	1243.0
62-63	1307.0
64-65	1363.0
66-67	1481.0
68-69	1739.0
70-71	1961.0
72-73	2217.0
74-75	2366.0
76-77	2719.0
78-79	3493.0
80-81	4715.0
82-83	6165.0
84-85	7644.0
86-87	9145.0
88-89	12974.0
90-91	18588.0
92-93	24827.0
94-95	90623.0
96-97	1409386.0
98-99	0.0
100-101	5.7285254E7
>>END_MODULE
>>Sequence Duplication Levels	fail
#Total Deduplicated Percentage	35.491991913988514
#Duplication Level	Percentage of deduplicated	Percentage of total
1	70.41487642665905	24.991642247594836
2	14.023533061044285	9.954462440162688
3	5.458547771848438	5.812042001416943
4	2.778490402500605	3.944566355945847
5	1.6715710415922045	2.966369294592394
6	1.122678185799247	2.39076510554389
7	0.7472407396415403	1.8564743602412244
8	0.5591040139472605	1.5874972113675758
9	0.41815734099515034	1.3357113268837333
>10	2.423402625548669	15.785650843888439
>50	0.20302578374037727	5.039645426350992
>100	0.14920788555652206	10.573046785802656
>500	0.01754673185601917	4.2849786331252
>1k	0.012036382103170144	7.8103597186598
>5k	4.7586040949802104E-4	1.072294042382294
>10k+	1.0574675766622689E-4	0.5944942060415532
>>END_MODULE
>>Overrepresented sequences	pass
>>END_MODULE
>>Adapter Content	pass
#Position	Illumina Universal Adapter	Illumina Small RNA 3' Adapter	Illumina Small RNA 5' Adapter	Nextera Transposase Sequence	SOLID Small RNA Adapter
1	0.0	2.5460638540254008E-5	0.0	1.5276383124152406E-5	0.0
2	0.0	1.2730319270127003E-4	0.0	1.3239532040932084E-4	0.0
3	0.0	1.3918482402005525E-4	0.0	1.4257957582542244E-4	1.6973759026836006E-6
4	0.0	1.4427695172810603E-4	0.0	1.5615858304689125E-4	1.6973759026836006E-6
5	0.0	1.4597432763078965E-4	0.0	1.5615858304689125E-4	1.6973759026836006E-6
6	0.0	1.5106645533884044E-4	0.0	1.5615858304689125E-4	1.6973759026836006E-6
7	0.0	2.3593525047302047E-4	0.0	1.5955333485225844E-4	1.6973759026836006E-6
8	0.0	2.596985131105909E-4	0.0	1.6973759026836006E-4	1.6973759026836006E-6
9	0.0	2.681853926240089E-4	0.0	1.7822446978177806E-4	1.6973759026836006E-6
10-11	0.0	2.851591516508449E-4	0.0	1.8161922158714525E-4	1.6973759026836006E-6
12-13	0.0	3.140145419964661E-4	0.0	1.8416528544117067E-4	4.243439756709002E-6
14-15	1.6973759026836006E-6	3.556002516122143E-4	0.0	1.9859298061398128E-4	6.789503610734402E-6
16-17	1.6973759026836006E-6	4.0058071303332974E-4	0.0	2.1811280349484267E-4	1.0184255416101603E-5
18-19	3.394751805367201E-6	4.1585709615748215E-4	0.0	2.4187606613241308E-4	1.0184255416101603E-5
20-21	4.243439756709002E-6	4.2604135157358377E-4	1.6973759026836006E-6	2.7412620828340146E-4	1.1881631318785203E-5
22-23	8.486879513418002E-6	4.413177346977361E-4	3.394751805367201E-6	2.894025914075539E-4	1.3579007221468805E-5
24-25	1.1881631318785203E-5	4.5659411782188853E-4	3.394751805367201E-6	3.233501094612259E-4	1.3579007221468805E-5
26-27	1.1881631318785203E-5	4.7187050094604094E-4	3.394751805367201E-6	3.437186202934291E-4	1.6973759026836004E-5
28-29	1.1881631318785203E-5	4.871468840701934E-4	3.394751805367201E-6	3.505081239041635E-4	1.6973759026836004E-5
30-31	1.6125071075494203E-5	5.041206430970293E-4	3.394751805367201E-6	3.513568118555053E-4	1.6973759026836004E-5
32-33	2.0368510832203207E-5	5.304299695886251E-4	3.394751805367201E-6	3.5390287570953073E-4	2.1217198783545008E-5
34-35	2.291457468622861E-5	5.516471683721701E-4	3.394751805367201E-6	3.640871311256323E-4	2.2065886734886808E-5
36-37	2.3763262637570406E-5	6.017197575013364E-4	3.394751805367201E-6	3.6833057088234134E-4	2.2065886734886808E-5
38-39	2.5460638540254008E-5	6.229369562848814E-4	3.394751805367201E-6	3.6833057088234134E-4	2.4611950588912207E-5
40-41	3.055276624830481E-5	6.305751478469575E-4	3.394751805367201E-6	3.734226985903921E-4	2.630932649159581E-5
42-43	3.649358190769741E-5	6.424567791657428E-4	3.394751805367201E-6	3.920938335199117E-4	2.800670239427941E-5
44-45	3.903964576172281E-5	6.747069213167312E-4	3.394751805367201E-6	3.9888333713064615E-4	2.885539034562121E-5
46-47	4.158570961574822E-5	7.145952550297958E-4	3.394751805367201E-6	4.073702166440641E-4	2.885539034562121E-5
48-49	4.413177346977361E-5	7.51937524888835E-4	3.394751805367201E-6	4.268900395249255E-4	3.055276624830481E-5
50-51	4.752652527514081E-5	7.731547236723801E-4	3.394751805367201E-6	4.3622560698968534E-4	3.225014215098841E-5
52-53	5.346734093453342E-5	8.546287670011929E-4	3.394751805367201E-6	4.447124865031033E-4	3.394751805367201E-5
54-55	5.6862092739900624E-5	9.259185549139041E-4	3.394751805367201E-6	4.5150199011383775E-4	3.394751805367201E-5
56-57	5.855946864258422E-5	9.615634488702597E-4	3.394751805367201E-6	4.6508099733530656E-4	3.8190957810381015E-5
58-59	6.025684454526782E-5	9.929649030699064E-4	3.394751805367201E-6	4.905416358755606E-4	3.903964576172281E-5
60-61	6.280290839929322E-5	0.0010082412861940587	3.394751805367201E-6	5.6098273583693E-4	3.903964576172281E-5
62-63	6.365159635063502E-5	0.0010506756837611489	3.394751805367201E-6	5.90686814133893E-4	4.0737021664406414E-5
64-65	6.619766020466042E-5	0.0010803797620581117	3.394751805367201E-6	6.11904012917438E-4	4.4980461421115414E-5
66-67	6.874372405868583E-5	0.0011313010391386198	4.243439756709002E-6	6.365159635063503E-4	4.752652527514081E-5
68-69	7.298716381539481E-5	0.0011380905427493542	5.092127708050802E-6	6.882859285382E-4	4.9223901177824414E-5
70-71	7.723060357210383E-5	0.001176281500559735	5.092127708050802E-6	7.230821345432138E-4	5.0921277080508015E-5
72-73	8.826354693954722E-5	0.0012815188065261184	5.092127708050802E-6	7.493914610348096E-4	5.261865298319162E-5
74-75	9.590173850162342E-5	0.001346867778779437	5.092127708050802E-6	7.706086598183546E-4	5.431602888587522E-5
76-77	9.844780235564884E-5	0.001368933665514324	5.092127708050802E-6	7.850363549911652E-4	5.431602888587522E-5
78-79	1.0523730596638323E-4	0.0013867561124925017	5.092127708050802E-6	7.901284826992161E-4	5.771078069124242E-5
80-81	1.0778336982040864E-4	0.0014096706871787302	5.092127708050802E-6	8.461418874877748E-4	6.280290839929322E-5
82-83	1.1542156138248484E-4	0.0014291905100595917	5.092127708050802E-6	8.605695826605854E-4	6.365159635063502E-5
84-85	1.2560581679858644E-4	0.0014902960425562013	5.092127708050802E-6	8.96214476616941E-4	6.450028430197683E-5
86-87	1.2560581679858644E-4	0.0015327304401232913	5.092127708050802E-6	0.0010557678114691996	6.874372405868583E-5
88-89	1.2645450474992823E-4	0.0015454607593934182	5.9408156593926016E-6	0.001113478592160442	7.213847586405302E-5
>>END_MODULE
