##FastQC	0.11.8
>>Basic Statistics	pass
#Measure	Value
Filename	SRR3184304_1.gz
File type	Conventional base calls
Encoding	Sanger / Illumina 1.9
Total Sequences	61488738
Sequences flagged as poor quality	0
Sequence length	28-100
%GC	49
>>END_MODULE
>>Per base sequence quality	pass
#Base	Mean	Median	Lower Quartile	Upper Quartile	10th Percentile	90th Percentile
1	32.61370365090271	33.0	33.0	33.0	33.0	33.0
2	32.592584417653846	33.0	33.0	33.0	33.0	33.0
3	32.64489476105364	33.0	33.0	33.0	33.0	33.0
4	36.26945269229627	37.0	37.0	37.0	37.0	37.0
5	36.449792122908754	37.0	37.0	37.0	37.0	37.0
6	36.410975909116885	37.0	37.0	37.0	37.0	37.0
7	36.412403877926394	37.0	37.0	37.0	37.0	37.0
8	36.39506003522141	37.0	37.0	37.0	37.0	37.0
9	36.377837206546666	37.0	37.0	37.0	37.0	37.0
10-11	36.37471220339569	37.0	37.0	37.0	37.0	37.0
12-13	36.36894412274326	37.0	37.0	37.0	37.0	37.0
14-15	38.41758785161601	40.0	37.0	40.0	37.0	40.0
16-17	38.40036095715609	40.0	37.0	40.0	37.0	40.0
18-19	38.37847859229116	40.0	37.0	40.0	37.0	40.0
20-21	38.327495947306645	40.0	37.0	40.0	37.0	40.0
22-23	38.27138507867896	40.0	37.0	40.0	37.0	40.0
24-25	38.20719145349837	40.0	37.0	40.0	33.0	40.0
26-27	38.093385320414285	40.0	37.0	40.0	33.0	40.0
28-29	38.016520228479735	40.0	37.0	40.0	33.0	40.0
30-31	37.94622384984463	40.0	37.0	40.0	33.0	40.0
32-33	37.838114371991	40.0	37.0	40.0	33.0	40.0
34-35	37.725385571765656	40.0	37.0	40.0	33.0	40.0
36-37	37.62308966020419	40.0	37.0	40.0	33.0	40.0
38-39	37.506648381801604	40.0	37.0	40.0	33.0	40.0
40-41	37.394151054103325	40.0	37.0	40.0	33.0	40.0
42-43	37.227823473768595	40.0	37.0	40.0	33.0	40.0
44-45	37.108855421632285	40.0	37.0	40.0	33.0	40.0
46-47	36.99452779564338	40.0	37.0	40.0	33.0	40.0
48-49	36.85117650626725	40.0	37.0	40.0	33.0	40.0
50-51	36.72652141554517	40.0	37.0	40.0	33.0	40.0
52-53	36.561082674749954	37.0	37.0	40.0	33.0	40.0
54-55	36.36960245931138	37.0	37.0	40.0	33.0	40.0
56-57	36.222154936885424	37.0	37.0	40.0	33.0	40.0
58-59	36.042988007938334	37.0	37.0	40.0	33.0	40.0
60-61	35.84529577446335	37.0	37.0	40.0	27.0	40.0
62-63	35.63647733239108	37.0	37.0	40.0	27.0	40.0
64-65	35.3947655352249	37.0	33.0	40.0	27.0	40.0
66-67	35.13956984192387	37.0	33.0	38.5	27.0	40.0
68-69	34.92936610846327	37.0	33.0	37.0	27.0	40.0
70-71	34.66882109347176	37.0	33.0	37.0	27.0	40.0
72-73	34.46540213645338	37.0	33.0	37.0	27.0	40.0
74-75	34.23230424434013	37.0	33.0	37.0	27.0	38.5
76-77	32.124464033330824	33.0	30.0	37.0	24.5	37.0
78-79	33.58920542643474	37.0	33.0	37.0	27.0	37.0
80-81	33.72617846660805	37.0	33.0	37.0	27.0	37.0
82-83	33.61650230035561	37.0	33.0	37.0	27.0	37.0
84-85	33.50248891555577	37.0	33.0	37.0	27.0	37.0
86-87	33.37608285166462	37.0	33.0	37.0	27.0	37.0
88-89	33.282771491647544	37.0	33.0	37.0	27.0	37.0
90-91	33.174449162666136	37.0	33.0	37.0	27.0	37.0
92-93	33.04743328770118	37.0	33.0	37.0	27.0	37.0
94-95	32.934360672174925	37.0	33.0	37.0	27.0	37.0
96-97	32.84641874207869	37.0	33.0	37.0	24.5	37.0
98-99	32.761206195086466	37.0	33.0	37.0	22.0	37.0
100	29.653831578841167	33.0	27.0	37.0	15.0	37.0
>>END_MODULE
>>Per sequence quality scores	pass
#Quality	Count
6	3.0
7	358.0
8	1281.0
9	1471.0
10	1119.0
11	795.0
12	909.0
13	2202.0
14	7192.0
15	19285.0
16	42584.0
17	78430.0
18	128258.0
19	180044.0
20	224244.0
21	251503.0
22	278739.0
23	317358.0
24	370703.0
25	445137.0
26	536517.0
27	646392.0
28	784112.0
29	952258.0
30	1163560.0
31	1442724.0
32	1814413.0
33	2328641.0
34	3082087.0
35	4378563.0
36	7677525.0
37	1.6871135E7
38	1.729498E7
39	164216.0
>>END_MODULE
>>Per base sequence content	fail
#Base	G	A	T	C
1	41.2787385953498	7.735992083910033	9.783914118432403	41.20135520230777
2	23.966700929860643	11.843598641607914	36.14941726790078	28.040283160630665
3	25.399835007184567	14.655721182633478	21.37133632503565	38.5731074851463
4	28.10762191931797	23.101944294254338	21.242820107968388	27.5476136784593
5	28.700613435910817	25.51042436421447	24.66291469504546	21.12604750482926
6	24.437922274482197	29.598338804741775	25.189490797485547	20.77424812329048
7	19.38728519684369	21.94410950506091	40.16873138622555	18.499873911869848
8	21.72819679597262	22.71440340831194	32.59314250359147	22.964257292123964
9	21.2865842196989	21.173633454633595	34.660400738749914	22.879381586917592
10-11	24.12059912499749	29.5224972742163	25.31361759286717	21.043286007919043
12-13	24.668097757999195	23.102755011820214	28.575160381401876	23.653986848778715
14-15	23.596879643228323	24.596997746156376	28.88850150087647	22.91762110973883
16-17	24.263035777380892	24.538343102764607	28.050645632050543	23.14797548780396
18-19	24.332437917330488	24.550936465796386	27.688595592903532	23.428030023969594
20-21	24.08058366720748	24.637834492553743	27.889924330533507	23.391657509705276
22-23	24.32777446172338	24.631229217942316	27.79073218253398	23.250264137800325
24-25	24.213751142526295	24.507230088215504	27.581349124452675	23.697669644805526
26-27	24.033210764546833	24.69782515295728	27.797269151954296	23.471694930541588
28-29	24.20678583618667	24.75232476516533	27.57493597912951	23.465953419518492
30-31	24.1457532969941	24.593830486286137	27.41262643616548	23.84778978055428
32-33	24.034552902961813	24.651298478266582	27.709017522098133	23.605131096673468
34-35	24.355190434063683	24.708473271562426	27.311683753296016	23.624652541077875
36-37	24.404680793610886	24.673089746659755	27.07312449276585	23.849104966963512
38-39	24.233031158939916	24.747997758718693	27.179691366956988	23.839279715384404
40-41	24.619915788828912	24.63732481884	26.867304700663368	23.875454691667716
42-43	24.555942079889334	24.487541740939854	26.93578103179754	24.02073514737327
44-45	24.401494185805024	24.609621393023946	27.134014914286688	23.854869506884345
46-47	24.66965461561347	24.65918907277275	26.849495343179115	23.821660968434664
48-49	24.67774470292632	24.435859635518955	26.801784961753516	24.08461069980121
50-51	24.44511552572937	24.566745619049016	27.009495867973182	23.978642987248435
52-53	24.642545194687493	24.671245425849808	26.726799817970438	23.95940956149226
54-55	24.669934885512294	24.41414630698211	26.637878713868503	24.27804009363709
56-57	24.445051773910063	24.432688610631764	26.94289255407637	24.179367061381807
58-59	24.50973142569472	24.5549772306549	26.84931798113207	24.085973362518313
60-61	24.71099079661878	24.295333606895113	26.628488633273605	24.365186963212498
62-63	24.50177503387958	24.501791323899532	26.809773568885504	24.18666007333539
64-65	24.807250715682862	24.510935615541854	26.630439304025334	24.051374364749954
66-67	24.696479940065284	24.34849394810462	26.549399733661343	24.40562637816875
68-69	24.65834762165008	24.506912156254685	26.708161557984017	24.126578664111218
70-71	24.857662200618545	24.46150172348689	26.462424700942318	24.218411374952247
72-73	24.79936978674335	24.48645857077136	26.361661822079828	24.352509820405466
74-75	24.810271083001783	24.497281443680762	26.449873051371537	24.242574421945914
76-77	24.919768217611747	24.57579586074563	26.297599580391267	24.206836341251353
78-79	24.904931700857443	24.259687201130518	26.340998231230415	24.494382866781624
80-81	24.739116369160293	24.398968846940807	26.563616018774063	24.29829876512484
82-83	24.961408348447183	24.268138092706053	26.42046156423416	24.3499919946126
84-85	24.978411194787626	24.103163329133537	26.335614639083488	24.58281083699535
86-87	24.765812644148003	24.320887830684672	26.56303426135058	24.35026526381674
88-89	24.87732632308725	24.393011080918562	26.315967337868855	24.413695258125337
90-91	24.94364050578008	24.261945832846983	26.144531267235255	24.649882394137677
92-93	24.813740221327503	24.28116988983916	26.400999108879148	24.50409077995419
94-95	25.047937871676414	24.353692354493237	26.092511853017086	24.505857920813266
96-97	25.052894824164834	23.661090395894867	26.318392701669126	24.967622078271173
98-99	25.1735421980573	20.57602399104489	27.98607637219792	26.264357438699882
100	27.1013216372041	0.0	36.7586645344667	36.140013828329195
>>END_MODULE
>>Per sequence GC content	pass
#GC Content	Count
0	69762.0
1	40897.5
2	9041.5
3	6269.0
4	7020.0
5	8377.5
6	10780.5
7	14102.0
8	19472.0
9	22790.0
10	23718.5
11	23435.0
12	21175.0
13	20538.5
14	20792.0
15	21381.5
16	22704.0
17	24314.5
18	26723.5
19	31211.5
20	38148.0
21	48992.0
22	64802.5
23	86179.0
24	112675.0
25	146290.0
26	195503.0
27	263277.5
28	336053.5
29	411467.5
30	496661.5
31	589529.0
32	700177.5
33	818438.0
34	935352.0
35	1060262.0
36	1202904.5
37	1354105.5
38	1489514.0
39	1615885.5
40	1721290.5
41	1811843.5
42	1913303.0
43	1995430.5
44	2036094.5
45	2058396.5
46	2066914.5
47	2050804.5
48	2022763.5
49	2007773.0
50	2017185.5
51	2003227.0
52	1936712.5
53	1874669.0
54	1851182.0
55	1828307.5
56	1739175.0
57	1625432.0
58	1564173.5
59	1515955.0
60	1434657.0
61	1340633.0
62	1235813.0
63	1134763.0
64	1036107.0
65	916046.5
66	794050.5
67	689697.0
68	595930.0
69	508057.0
70	436063.5
71	360928.5
72	290474.0
73	235693.5
74	190838.0
75	158069.5
76	134734.0
77	112705.5
78	91674.0
79	79124.5
80	70261.5
81	59801.0
82	53141.5
83	47499.5
84	39701.5
85	31564.5
86	25557.0
87	21604.0
88	18115.5
89	15763.0
90	13906.5
91	11528.0
92	8791.5
93	6574.5
94	5019.0
95	3667.5
96	2820.5
97	2372.5
98	2436.0
99	1969.0
100	724.5
>>END_MODULE
>>Per base N content	pass
#Base	N-Count
1	0.08841944357355326
2	0.11710762383836859
3	0.0
4	0.0
5	0.0
6	0.0
7	0.0
8	0.0
9	0.0
10-11	0.0
12-13	0.0
14-15	0.0
16-17	0.0
18-19	0.0
20-21	0.0
22-23	0.0
24-25	0.0
26-27	0.0
28-29	0.0
30-31	0.0
32-33	0.0
34-35	0.0014124543590012556
36-37	0.0
38-39	0.0
40-41	0.0
42-43	0.0
44-45	0.0
46-47	0.0
48-49	0.0
50-51	0.0
52-53	0.0
54-55	0.0
56-57	0.0
58-59	0.0
60-61	0.0
62-63	0.0
64-65	0.0
66-67	0.0
68-69	0.0
70-71	0.0
72-73	0.0
74-75	0.0
76-77	0.0
78-79	0.0
80-81	0.0
82-83	0.0
84-85	0.0
86-87	1.0359914622700405E-4
88-89	7.487634981987704E-6
90-91	0.0
92-93	6.055382443845524E-4
94-95	4.040398336955139E-4
96-97	0.001259910538632768
98-99	8.74557609698661E-4
100	0.0
>>END_MODULE
>>Sequence Length Distribution	warn
#Length	Count
28-29	2.0
30-31	6.0
32-33	13.0
34-35	2343.0
36-37	1454.0
38-39	1925.0
40-41	2325.0
42-43	2993.0
44-45	3516.0
46-47	4275.0
48-49	5311.0
50-51	6660.0
52-53	8269.0
54-55	10200.0
56-57	12423.0
58-59	15369.0
60-61	18873.0
62-63	23353.0
64-65	29122.0
66-67	34863.0
68-69	42354.0
70-71	52107.0
72-73	63672.0
74-75	77526.0
76-77	93266.0
78-79	111747.0
80-81	132927.0
82-83	159697.0
84-85	190180.0
86-87	221040.0
88-89	255996.0
90-91	291793.0
92-93	341821.0
94-95	613887.0
96-97	1922312.0
98-99	1.6890825E7
100-101	3.9844293E7
>>END_MODULE
>>Sequence Duplication Levels	fail
#Total Deduplicated Percentage	34.13044784118359
#Duplication Level	Percentage of deduplicated	Percentage of total
1	68.81366978869764	23.486413674835756
2	13.71730401790725	9.36355458609683
3	5.408222480449918	5.537551658475374
4	2.9931066482005746	4.086242813580382
5	1.9066403256843396	3.253724409383332
6	1.274465096904599	2.609883870918684
7	0.9113326509903655	2.1772934057415965
8	0.6980211457753559	1.905901944634319
9	0.554744195899815	1.7040301059022167
>10	3.299477239223867	20.767807660663745
>50	0.2499347584728039	5.8900622576494195
>100	0.15053028654699444	9.893669044753164
>500	0.014147856858834318	3.3142069757422905
>1k	0.008113159542043748	4.951569072383334
>5k	2.3323103987193456E-4	0.4909786887826737
>10k+	5.711780568292275E-5	0.5671098304566663
>>END_MODULE
>>Overrepresented sequences	warn
#Sequence	Count	Percentage	Possible Source
AAAAAAAAAAAAAAAAAAAAAAAAAAAAAAAAAAAAAAAAAAAAAAAAAA	134432	0.2186286535918171	No Hit
>>END_MODULE
>>Adapter Content	pass
#Position	Illumina Universal Adapter	Illumina Small RNA 3' Adapter	Illumina Small RNA 5' Adapter	Nextera Transposase Sequence	SOLID Small RNA Adapter
1	0.0	3.2526281479382454E-6	0.0	1.951576888762947E-5	0.0
2	0.0	5.04157362930428E-5	0.0	7.318413332861052E-5	0.0
3	0.0	6.667887703273402E-5	0.0	7.968938962448701E-5	0.0
4	3.2526281479382454E-6	9.595253036417824E-5	0.0	9.595253036417824E-5	0.0
5	3.2526281479382454E-6	1.0896304295593122E-4	0.0	9.595253036417824E-5	0.0
6	3.2526281479382454E-6	1.235998696216533E-4	0.0	9.595253036417824E-5	0.0
7	3.2526281479382454E-6	1.6913666369278876E-4	0.0	9.595253036417824E-5	0.0
8	3.2526281479382454E-6	1.870261185064491E-4	0.0	1.0245778666005472E-4	0.0
9	3.2526281479382454E-6	2.162997718378933E-4	0.0	1.0733672888196209E-4	0.0
10-11	3.2526281479382454E-6	2.39068168873461E-4	0.0	1.114025140668849E-4	0.0
12-13	3.2526281479382454E-6	2.618365659090287E-4	1.6263140739691227E-6	1.1709461332577683E-4	0.0
14-15	3.2526281479382454E-6	3.220101866458863E-4	4.0657851849228065E-6	1.2685249776959155E-4	0.0
16-17	3.2526281479382454E-6	3.7974433627179015E-4	4.878942221907368E-6	1.3986301036134454E-4	0.0
18-19	3.2526281479382454E-6	4.0007326219640416E-4	4.878942221907368E-6	1.4880773776817472E-4	8.131570369845614E-7
20-21	3.2526281479382454E-6	4.057653614552961E-4	6.505256295876491E-6	1.5531299406405121E-4	1.6263140739691227E-6
22-23	3.2526281479382454E-6	4.220285021949873E-4	6.505256295876491E-6	1.788945481366035E-4	1.6263140739691227E-6
24-25	4.878942221907368E-6	4.4804952737849326E-4	6.505256295876491E-6	2.203655570228161E-4	1.6263140739691227E-6
26-27	4.878942221907368E-6	4.7569686663596835E-4	6.505256295876491E-6	2.3256291257758453E-4	1.6263140739691227E-6
28-29	6.505256295876491E-6	5.057836770043971E-4	6.505256295876491E-6	2.358155407255228E-4	1.6263140739691227E-6
30-31	8.944727406830175E-6	5.252994458920265E-4	7.318413332861052E-6	2.3906816887346103E-4	1.6263140739691227E-6
32-33	1.0571041480799296E-5	5.383099584837796E-4	8.944727406830175E-6	2.4232079702139926E-4	1.6263140739691227E-6
34-35	1.7076297776675788E-5	5.740888681111003E-4	1.0571041480799296E-5	2.439471110953684E-4	1.6263140739691227E-6
36-37	2.2768397035567715E-5	6.196256621822356E-4	1.1384198517783858E-5	2.471997392433066E-4	1.6263140739691227E-6
38-39	2.439471110953684E-5	6.440203732917726E-4	1.1384198517783858E-5	2.488260533172758E-4	1.6263140739691227E-6
40-41	2.8460496294459646E-5	6.545914147725719E-4	1.1384198517783858E-5	2.5939709479807507E-4	2.4394711109536843E-6
42-43	3.4152595553351576E-5	6.635361421794021E-4	1.1384198517783858E-5	2.7403392146379716E-4	6.505256295876491E-6
44-45	4.228416592319718E-5	6.854913821779851E-4	1.1384198517783858E-5	2.7891286368570453E-4	7.318413332861052E-6
46-47	4.9602579256058244E-5	7.155781925464138E-4	1.1384198517783858E-5	2.8867074812951926E-4	8.131570369845613E-6
48-49	6.830519110670315E-5	7.464781599518272E-4	1.1384198517783858E-5	2.9924178961031854E-4	8.131570369845613E-6
50-51	8.782095999433263E-5	7.603018295805647E-4	1.1384198517783858E-5	3.0168126072127225E-4	8.944727406830175E-6
52-53	1.1384198517783858E-4	8.017728384667774E-4	1.1384198517783858E-5	3.0737335998016417E-4	9.757884443814735E-6
54-55	1.3986301036134454E-4	8.399912192050518E-4	1.4636826665722104E-5	3.1225230220207153E-4	9.757884443814735E-6
56-57	1.8539980443247998E-4	8.814622280912644E-4	1.4636826665722104E-5	3.1631808738699434E-4	9.757884443814735E-6
58-59	2.2524449924472346E-4	9.188674517925543E-4	1.6263140739691226E-5	3.3095491405271644E-4	9.757884443814735E-6
60-61	2.5289183850219854E-4	9.448884769760603E-4	1.6263140739691226E-5	3.6592066664305255E-4	9.757884443814735E-6
62-63	3.024944177582568E-4	0.001008314725860856	1.6263140739691226E-5	3.992601051594196E-4	9.757884443814735E-6
64-65	3.7242592293892907E-4	0.0010294568088224545	1.6263140739691226E-5	4.138969318251417E-4	9.757884443814735E-6
66-67	4.691916103400918E-4	0.001034335751044362	1.870261185064491E-5	4.31786386638802E-4	9.757884443814735E-6
68-69	5.749020251480848E-4	0.0010416541643772231	2.2768397035567715E-5	4.529284696004007E-4	9.757884443814735E-6
70-71	6.797992829190932E-4	0.0010693015036346981	2.439471110953684E-5	4.7244423848803014E-4	1.1384198517783858E-5
72-73	8.733306577214188E-4	0.001138419851778386	2.439471110953684E-5	5.350573303358414E-4	1.1384198517783858E-5
74-75	0.0010831251732634356	0.0012002197865892124	2.439471110953684E-5	5.50507314038548E-4	1.1384198517783858E-5
76-77	0.001266085506584962	0.001223801340661765	2.439471110953684E-5	5.667704547782392E-4	1.219735555476842E-5
78-79	0.0014409142695366427	0.0012294934399206567	2.439471110953684E-5	5.797809673699923E-4	1.3010512591752982E-5
80-81	0.001612490404340385	0.0012490092088082861	2.6021025183505963E-5	6.22878290330174E-4	1.3010512591752982E-5
82-83	0.001971905814687561	0.0012555144651041628	2.6021025183505963E-5	6.456466873657417E-4	1.870261185064491E-5
84-85	0.002221545025041821	0.0012790960191767149	2.6021025183505963E-5	6.928097955108462E-4	1.951576888762947E-5
86-87	0.0022914765302224937	0.0013132486147300665	2.6021025183505963E-5	8.237280784653606E-4	2.1142082961598595E-5
88-89	0.002302047571703293	0.001321380185099912	2.6834182220490522E-5	8.546280458707739E-4	2.1955239998583157E-5
>>END_MODULE
