##FastQC	0.11.8
>>Basic Statistics	pass
#Measure	Value
Filename	SRR3184296_2.gz
File type	Conventional base calls
Encoding	Sanger / Illumina 1.9
Total Sequences	76291400
Sequences flagged as poor quality	0
Sequence length	0-100
%GC	47
>>END_MODULE
>>Per base sequence quality	pass
#Base	Mean	Median	Lower Quartile	Upper Quartile	10th Percentile	90th Percentile
1	31.380869207344563	33.0	33.0	33.0	27.0	33.0
2	31.34477118582273	33.0	33.0	33.0	27.0	33.0
3	31.375915197675543	33.0	33.0	33.0	27.0	33.0
4	35.09042384506552	37.0	37.0	37.0	33.0	37.0
5	35.08468551410771	37.0	37.0	37.0	33.0	37.0
6	35.03956092261675	37.0	37.0	37.0	33.0	37.0
7	34.833378113789514	37.0	37.0	37.0	33.0	37.0
8	34.86357053160614	37.0	37.0	37.0	33.0	37.0
9	34.890487448144384	37.0	37.0	37.0	33.0	37.0
10-11	34.986602998690415	37.0	37.0	37.0	33.0	37.0
12-13	34.8897634196767	37.0	37.0	37.0	33.0	37.0
14-15	36.54221154337056	40.0	37.0	40.0	33.0	40.0
16-17	36.46736336769067	40.0	37.0	40.0	33.0	40.0
18-19	36.4251087129049	40.0	37.0	40.0	33.0	40.0
20-21	36.3660126589337	40.0	37.0	40.0	33.0	40.0
22-23	36.33081042948503	40.0	37.0	40.0	33.0	40.0
24-25	36.233286868928836	40.0	37.0	40.0	33.0	40.0
26-27	36.15811263283544	40.0	37.0	40.0	33.0	40.0
28-29	36.03117660865444	40.0	37.0	40.0	33.0	40.0
30-31	35.93597148393411	40.0	37.0	40.0	30.0	40.0
32-33	35.76896933745873	40.0	37.0	40.0	27.0	40.0
34-35	35.60227022787035	38.5	37.0	40.0	27.0	40.0
36-37	35.45606049730296	37.0	37.0	40.0	27.0	40.0
38-39	35.251872546892855	37.0	37.0	40.0	27.0	40.0
40-41	35.07803058225436	37.0	37.0	40.0	27.0	40.0
42-43	35.02182728792304	37.0	37.0	40.0	27.0	40.0
44-45	35.0519585292124	37.0	37.0	40.0	27.0	40.0
46-47	34.96209644826207	37.0	37.0	40.0	27.0	40.0
48-49	35.04137216272392	37.0	37.0	40.0	27.0	40.0
50-51	34.51750583956001	37.0	35.0	40.0	27.0	40.0
52-53	34.50769152678673	37.0	33.0	40.0	27.0	40.0
54-55	34.752675091065825	37.0	33.0	40.0	27.0	40.0
56-57	34.6644603166873	37.0	33.0	40.0	27.0	40.0
58-59	34.48106703878247	37.0	33.0	40.0	27.0	40.0
60-61	34.24905901454238	37.0	33.0	40.0	27.0	40.0
62-63	33.981320462626556	37.0	33.0	40.0	27.0	40.0
64-65	33.73212270809438	37.0	33.0	40.0	27.0	40.0
66-67	33.49946527017247	37.0	33.0	37.0	24.5	40.0
68-69	33.24568714358346	37.0	33.0	37.0	22.0	40.0
70-71	32.94365193586171	37.0	33.0	37.0	22.0	40.0
72-73	32.69642795092466	37.0	33.0	37.0	22.0	40.0
74-75	32.4726238461063	37.0	33.0	37.0	22.0	37.0
76-77	32.24083244684175	37.0	33.0	37.0	22.0	37.0
78-79	32.00638173300698	37.0	33.0	37.0	22.0	37.0
80-81	31.819184760545163	37.0	33.0	37.0	22.0	37.0
82-83	31.617979195913076	37.0	33.0	37.0	18.5	37.0
84-85	31.432975990418683	37.0	33.0	37.0	15.0	37.0
86-87	31.20899233225556	33.0	33.0	37.0	15.0	37.0
88-89	31.043999142740375	33.0	33.0	37.0	15.0	37.0
90-91	30.87285721527934	33.0	33.0	37.0	15.0	37.0
92-93	30.697961269740887	33.0	33.0	37.0	10.5	37.0
94-95	30.480795750761125	33.0	33.0	37.0	2.0	37.0
96-97	30.22894434408599	33.0	33.0	37.0	2.0	37.0
98-99	29.95884653099577	33.0	33.0	37.0	2.0	37.0
100	28.274188302657258	33.0	27.0	37.0	2.0	37.0
>>END_MODULE
>>Per sequence quality scores	pass
#Quality	Count
2	1357904.0
3	268011.0
4	203282.0
5	182199.0
6	169044.0
7	171585.0
8	176441.0
9	183926.0
10	189857.0
11	189577.0
12	190686.0
13	196976.0
14	205369.0
15	212439.0
16	219017.0
17	224102.0
18	229958.0
19	239595.0
20	254509.0
21	284511.0
22	332597.0
23	399053.0
24	483534.0
25	588660.0
26	717307.0
27	866761.0
28	1046934.0
29	1273785.0
30	1566057.0
31	1963927.0
32	2525664.0
33	3351396.0
34	4517414.0
35	6407413.0
36	1.0478962E7
37	1.9161098E7
38	1.518862E7
39	73201.0
>>END_MODULE
>>Per base sequence content	warn
#Base	G	A	T	C
1	33.04010095715805	12.975574917902577	12.374007540118791	41.61031658482058
2	23.563129251292292	19.849008854357702	32.511131896047836	24.076729998302167
3	28.012703413580354	21.754405695380356	22.868022771402323	27.364868119636967
4	28.675046995690373	28.671677006151103	19.794321057736823	22.858954940421704
5	28.428759539236616	31.1113395639887	21.165744176393748	19.29415672038094
6	23.3089134784017	34.090462742494374	21.894058534379557	20.706565244724366
7	20.290309488766518	19.61084930018823	38.727179615870895	21.371661595174356
8	21.27284053346666	23.140453857880065	28.886639186296375	26.7000664223569
9	21.98047820753619	22.492860933165762	30.907619832227194	24.61904102707085
10-11	24.914430608049614	31.068041848508198	21.94558870234911	22.07193884109308
12-13	23.531554996945776	24.782234793301733	27.56492642600856	24.12128378374393
14-15	23.58601000008527	26.093344987054724	27.211405151430817	23.10923986142919
16-17	24.142109712218723	26.05839190968774	26.33140308140107	23.468095296692464
18-19	24.076006888762596	26.180123410019412	26.182140155640983	23.561729545577005
20-21	23.944899645940442	26.27908713177413	26.33834721405975	23.437666008225676
22-23	24.057568854482476	26.53810906709425	26.15303336727599	23.251288711147282
24-25	23.99494826621439	26.413129856651345	26.136969965345546	23.454951911788715
26-27	23.755254697465556	26.497927930762888	26.323892218303296	23.422925153468263
28-29	24.05885949286214	26.246432299932437	26.24492867877156	23.449779528433858
30-31	23.729863771474854	26.415418968461346	26.41358104164594	23.44113621841786
32-33	23.789962793236043	26.459386040872708	26.253885905418667	23.496765260472582
34-35	24.148989881046788	26.35571432193459	26.08129428777431	23.41400150924431
36-37	23.953234155706056	26.40575893979422	26.21864663614325	23.422360268356474
38-39	23.80158556967845	26.542002598325254	26.15990693278513	23.496504899211164
40-41	24.08144009149157	26.305393617391786	26.0554813612487	23.557684929867946
42-43	23.866079256156056	26.38564914134902	26.230495694599366	23.51777590789556
44-45	23.803515011629766	26.47257318266779	26.351425066000427	23.37248673970202
46-47	23.9773083433364	26.509734447624535	26.14615085378033	23.366806355258735
48-49	23.72055693581034	26.48313194583572	26.32113816206461	23.475172956289335
50-51	23.882489122790002	26.425514885015815	26.368028253938398	23.32396773825578
52-53	23.785840243757296	26.542844080000407	26.082889735221393	23.58842594102091
54-55	23.70337020253384	26.605578109902282	26.153953034474952	23.537098653088922
56-57	23.669062024119285	26.495584036762438	26.38574350174642	23.449610437371867
58-59	23.625530159539842	26.505121786975387	26.364763323095836	23.504584730388935
60-61	23.73647272442596	26.28294407164722	26.44142588704051	23.539157316886314
62-63	23.65010364756	26.51128122968	26.4739285008888	23.364686621871193
64-65	23.788655698731738	26.4946545346022	26.319418669969252	23.39727109669681
66-67	23.547995741681035	26.463950276756698	26.394157670011786	23.593896311550484
68-69	23.694190870351495	26.635316955887323	26.46311450395978	23.207377669801403
70-71	23.789150967878296	26.504347137554813	26.34746053695936	23.35904135760753
72-73	23.630243770865672	26.476396799608743	26.33770272695501	23.555656702570577
74-75	23.783534190917962	26.54231913899034	26.33382721986769	23.340319450224005
76-77	23.752998153121997	26.51173891598472	26.302759049768802	23.432503881124482
78-79	23.715524137203136	26.273877378535616	26.515769262500736	23.49482922176051
80-81	23.738438522674393	26.588359244666442	26.34126011918206	23.331942113477105
82-83	23.993413549406682	26.469273545753598	26.18507510059278	23.35223780424694
84-85	24.004190778206986	26.383050648451828	26.054875998041165	23.55788257530002
86-87	23.827629268819763	26.519884010760723	26.23028649222336	23.422200228196154
88-89	23.87463562906012	26.515721437548684	26.225236795217892	23.384406138173304
90-91	23.788951154130135	26.462407336780284	26.26418125456558	23.484460254524
92-93	23.741127480992574	26.569963110083687	26.304310959829756	23.38459844909398
94-95	23.84897232326419	26.554467873434252	26.17081434644064	23.425745456860916
96-97	23.97962388391589	26.107413478191994	26.292651197202805	23.62031144068931
98-99	23.274538525232426	25.83364064998409	27.039938880026344	23.851881944757142
100	24.989407258943412	25.043782655218493	25.906323827965306	24.06048625787279
>>END_MODULE
>>Per sequence GC content	pass
#GC Content	Count
0	1229.0
1	1121.0
2	1120.0
3	1390.0
4	1691.0
5	2043.0
6	2347.0
7	2634.0
8	3058.0
9	3454.5
10	3908.5
11	4372.5
12	4827.5
13	5535.0
14	6464.5
15	7709.0
16	9955.0
17	13417.0
18	18555.0
19	26906.5
20	40502.5
21	61474.5
22	91904.5
23	132894.5
24	187363.0
25	254376.5
26	334770.0
27	430015.0
28	531309.5
29	632652.5
30	729813.5
31	842568.0
32	987037.0
33	1116579.0
34	1220635.0
35	1360405.0
36	1548527.0
37	1765216.5
38	1930314.0
39	2072478.5
40	2196877.5
41	2305768.5
42	2564531.0
43	2825165.5
44	2886608.0
45	2939588.0
46	3032400.5
47	2927632.0
48	2819202.5
49	2801361.0
50	2768462.5
51	2656566.0
52	2406895.0
53	2229111.5
54	2160435.0
55	2081074.0
56	1905083.0
57	1715672.0
58	1608761.5
59	1522201.0
60	1417236.5
61	1308405.5
62	1204717.5
63	1110762.5
64	1021875.0
65	914747.0
66	799297.5
67	699716.0
68	608342.5
69	515710.0
70	430961.5
71	351451.5
72	278252.5
73	219867.5
74	176989.0
75	143263.0
76	113724.0
77	88204.0
78	67253.5
79	51818.0
80	39953.0
81	30259.0
82	23403.0
83	18672.0
84	15211.0
85	12760.5
86	10909.0
87	9563.5
88	8428.0
89	7361.5
90	6341.0
91	5575.5
92	4935.5
93	4278.5
94	3690.0
95	3079.0
96	2531.5
97	2086.0
98	1629.0
99	1200.0
100	876.5
>>END_MODULE
>>Per base N content	pass
#Base	N-Count
1	0.0
2	0.0
3	0.0
4	0.0
5	0.0
6	0.0
7	0.3082930582305932
8	0.0
9	0.0
10-11	0.0
12-13	5.243192713744813E-6
14-15	0.0
16-17	5.308833699375232E-4
18-19	0.0011430497759573283
20-21	8.120716449061724E-4
22-23	2.5561856320095892E-5
24-25	0.0041338571658555805
26-27	0.0
28-29	2.884007858528141E-4
30-31	0.0
32-33	0.0
34-35	0.0
36-37	1.3109987822591161E-6
38-39	1.4093524959386887E-4
40-41	8.456284320469053E-5
42-43	0.0018938541241194102
44-45	3.716990445269561E-4
46-47	6.555693590054557E-5
48-49	0.03096990274834286
50-51	0.03633887142288087
52-53	0.0030034133487843798
54-55	4.3928189290790004E-4
56-57	1.6391660500123988E-5
58-59	0.0
60-61	0.0
62-63	0.0
64-65	2.819858038378478E-5
66-67	5.902344684128023E-6
68-69	1.0624830543790632E-4
70-71	0.0017033636926920438
72-73	1.1151085200653612E-4
74-75	1.2464039523967891E-5
76-77	1.6335956275586192E-4
78-79	0.0
80-81	0.0
82-83	0.0
84-85	4.135660590772945E-5
86-87	8.601554535970033E-5
88-89	7.158978872414984E-5
90-91	3.1274550892028706E-4
92-93	1.24897544572121E-4
94-95	1.111683332016745E-4
96-97	2.73958021788601E-4
98-99	4.586478016012636E-5
100	2.6979282447133152E-6
>>END_MODULE
>>Sequence Length Distribution	fail
#Length	Count
0-1	39.0
2-3	323.0
4-5	249.0
6-7	211.0
8-9	469.0
10-11	528.0
12-13	739.0
14-15	730.0
16-17	765.0
18-19	765.0
20-21	840.0
22-23	848.0
24-25	890.0
26-27	979.0
28-29	1147.0
30-31	1079.0
32-33	1236.0
34-35	1351.0
36-37	1675.0
38-39	1506.0
40-41	1595.0
42-43	1625.0
44-45	1759.0
46-47	1942.0
48-49	2124.0
50-51	2187.0
52-53	2354.0
54-55	2515.0
56-57	2707.0
58-59	3091.0
60-61	3429.0
62-63	3765.0
64-65	4001.0
66-67	4304.0
68-69	4739.0
70-71	5624.0
72-73	6285.0
74-75	6893.0
76-77	7639.0
78-79	9211.0
80-81	11564.0
82-83	14775.0
84-85	17172.0
86-87	19752.0
88-89	25389.0
90-91	35863.0
92-93	45344.0
94-95	122475.0
96-97	1773952.0
98-99	0.0
100-101	7.4130956E7
>>END_MODULE
>>Sequence Duplication Levels	fail
#Total Deduplicated Percentage	38.00999379621744
#Duplication Level	Percentage of deduplicated	Percentage of total
1	75.82846732444656	28.82239572578891
2	12.083565529579598	9.185925016310147
3	4.361474253669802	4.973388279730536
4	2.192022783090823	3.3327508954579783
5	1.3109374440237689	2.4914362057286294
6	0.8605528640857356	1.9625765415129572
7	0.5629012038963815	1.4977109887589348
8	0.4170046489670614	1.2680275296185466
9	0.32043153620440656	1.0961640632917724
>10	1.7746663733923245	12.350111563473325
>50	0.14469780437455865	3.819523326559773
>100	0.1095523725628985	8.388085700480206
>500	0.016551741536127016	4.401708452384993
>1k	0.015656501952415153	11.869895327514534
>5k	0.0012721719912666323	3.2482796528942393
>10k+	2.454462265758992E-4	1.292020730494595
>>END_MODULE
>>Overrepresented sequences	pass
>>END_MODULE
>>Adapter Content	pass
#Position	Illumina Universal Adapter	Illumina Small RNA 3' Adapter	Illumina Small RNA 5' Adapter	Nextera Transposase Sequence	SOLID Small RNA Adapter
1	2.621527459189371E-6	6.553818647973428E-6	0.0	1.0486109836757485E-5	1.3107637295946856E-6
2	2.621527459189371E-6	3.276909323986714E-5	0.0	4.7187494265408686E-5	1.3107637295946856E-6
3	3.932291188784057E-6	3.8012148158245886E-5	0.0	5.2430549183787426E-5	1.3107637295946856E-6
4	7.864582377568114E-6	3.932291188784057E-5	0.0	5.8984367831760855E-5	1.3107637295946856E-6
5	1.1796873566352171E-5	4.0633675617435257E-5	0.0	6.029513156135554E-5	1.3107637295946856E-6
6	1.4418401025541542E-5	4.325520307662463E-5	0.0	6.029513156135554E-5	1.3107637295946856E-6
7	1.572916475513623E-5	6.029513156135554E-5	0.0	6.291665902054491E-5	2.621527459189371E-6
8	1.7039928484730914E-5	6.553818647973428E-5	0.0	6.815971393892365E-5	2.621527459189371E-6
9	2.6215274591893713E-5	6.815971393892365E-5	0.0	7.209200512770771E-5	2.621527459189371E-6
10-11	3.8012148158245886E-5	7.143662326291037E-5	0.0	7.602429631649177E-5	4.5876730535814E-6
12-13	5.898436783176085E-5	7.667967818128911E-5	0.0	7.602429631649177E-5	6.553818647973428E-6
14-15	8.061196937007316E-5	8.716578801804659E-5	0.0	8.25781149644652E-5	7.864582377568114E-6
16-17	1.0486109836757485E-4	9.765189785480407E-5	0.0	9.04426973420333E-5	7.864582377568114E-6
18-19	1.3107637295946856E-4	1.087933895563589E-4	0.0	9.961804344919611E-5	9.830727971960142E-6
20-21	1.5204859263298355E-4	1.1600259006912968E-4	1.3107637295946856E-6	1.0617186209716954E-4	1.0486109836757485E-5
22-23	1.821961584136613E-4	1.2583331804108983E-4	1.9661455943920286E-6	1.1075953515075093E-4	1.1796873566352171E-5
24-25	2.2938365267907E-4	1.3238713668906326E-4	2.621527459189371E-6	1.271440817706845E-4	1.1796873566352171E-5
26-27	2.8443572932204675E-4	1.4025171906663136E-4	2.621527459189371E-6	1.350086641482526E-4	1.1796873566352171E-5
28-29	3.355555147762395E-4	1.4549477398501012E-4	2.621527459189371E-6	1.409071009314287E-4	1.4418401025541542E-5
30-31	3.89952209554419E-4	1.4811630144419947E-4	3.276909323986714E-6	1.4156248279622604E-4	1.4418401025541542E-5
32-33	4.5811192349334265E-4	1.513932107681862E-4	5.243054918378742E-6	1.4156248279622604E-4	1.7039928484730914E-5
34-35	5.243054918378743E-4	1.6187932060494366E-4	5.898436783176085E-6	1.4156248279622604E-4	1.9006074079122943E-5
36-37	5.957421151007846E-4	1.7433157603609318E-4	6.553818647973428E-6	1.4483939212021278E-4	2.097221967351497E-5
38-39	6.658679746341003E-4	1.7957463095447194E-4	6.553818647973428E-6	1.4746091957940213E-4	2.097221967351497E-5
40-41	7.327169248434293E-4	1.821961584136613E-4	6.553818647973428E-6	1.4942706517379417E-4	2.359374713270434E-5
42-43	8.179165672670838E-4	1.83506922143256E-4	6.553818647973428E-6	1.546701200921729E-4	2.6870656456691054E-5
44-45	9.018054459611438E-4	1.8809459519683738E-4	6.553818647973428E-6	1.5663626568656493E-4	2.9492183915880424E-5
46-47	9.817620334664195E-4	1.9530379570960817E-4	6.553818647973428E-6	1.684331392529171E-4	3.145832951027246E-5
48-49	0.0010722047308084528	2.0185761435758157E-4	6.553818647973428E-6	1.7957463095447194E-4	3.145832951027246E-5
50-51	0.0011475736452601472	2.06445287411163E-4	6.553818647973428E-6	1.8874997706163474E-4	3.407985696946182E-5
52-53	0.0012602993260052904	2.2479597962548858E-4	6.553818647973428E-6	1.946484138448108E-4	3.539062069905651E-5
54-55	0.0013651604243728652	2.4511281743420623E-4	6.553818647973428E-6	1.9792532316879752E-4	3.539062069905651E-5
56-57	0.0014424954844189516	2.549435454061664E-4	6.553818647973428E-6	2.0447914181677095E-4	3.539062069905651E-5
58-59	0.0015270397449778086	2.7526038321488397E-4	7.864582377568114E-6	2.0710066927596033E-4	3.67013844286512E-5
60-61	0.0016030640412943004	2.818142018628574E-4	9.1753461071628E-6	2.2086368843670452E-4	3.67013844286512E-5
62-63	0.0017138235764450516	3.00164894077183E-4	9.830727971960142E-6	2.2872827081427263E-4	3.8012148158245886E-5
64-65	0.0018337584577029654	3.1130638577873786E-4	1.1141491701554829E-5	2.372482350566381E-4	3.8012148158245886E-5
66-67	0.0019399303198001346	3.158940588323192E-4	1.1796873566352171E-5	2.4183590811021949E-4	3.8012148158245886E-5
68-69	0.002033649926466155	3.1917096815630596E-4	1.1796873566352171E-5	2.5756507286535575E-4	3.8012148158245886E-5
70-71	0.002099843494810686	3.296570779930634E-4	1.2452255431149514E-5	2.7329423762049196E-4	4.12890574822326E-5
72-73	0.002167347826884813	3.427647152890103E-4	1.3107637295946857E-5	2.936110754292096E-4	4.4565966806219315E-5
74-75	0.002248615178119683	3.584938800441465E-4	1.37630191607442E-5	3.0671871272515644E-4	4.784287613020603E-5
76-77	0.0023082549278162414	3.68979989880904E-4	1.572916475513623E-5	3.119617676435352E-4	5.2430549183787426E-5
78-79	0.0023501993671632714	3.7225689920489073E-4	1.572916475513623E-5	3.152386769675219E-4	5.439669477817946E-5
80-81	0.002404596061941451	3.794660997176615E-4	1.7695310349528255E-5	3.237586412098874E-4	6.029513156135554E-5
82-83	0.0025015925779314574	3.8667530023043226E-4	2.0316837808717625E-5	3.257247868042794E-4	6.160589529095023E-5
84-85	0.0025704076737351786	4.0305984685036586E-4	2.1627601538312313E-5	3.3883242410022625E-4	6.160589529095023E-5
86-87	0.002610385967487816	4.1616748414631267E-4	2.2938365267907E-5	3.853645365008376E-4	6.291665902054491E-5
88-89	0.0026116967312174114	4.207551571998941E-4	2.5559892727096372E-5	4.0437061057996054E-4	6.488280461493694E-5
>>END_MODULE
