##FastQC	0.11.8
>>Basic Statistics	pass
#Measure	Value
Filename	SRR3184283_reverse.gz
File type	Conventional base calls
Encoding	Sanger / Illumina 1.9
Total Sequences	107450280
Sequences flagged as poor quality	0
Sequence length	100
%GC	49
>>END_MODULE
>>Per base sequence quality	pass
#Base	Mean	Median	Lower Quartile	Upper Quartile	10th Percentile	90th Percentile
1	32.08588827316225	33.0	33.0	33.0	33.0	33.0
2	32.10885337851144	33.0	33.0	33.0	33.0	33.0
3	32.13152512957621	33.0	33.0	33.0	33.0	33.0
4	35.95144448204323	37.0	37.0	37.0	33.0	37.0
5	35.94036473427524	37.0	37.0	37.0	33.0	37.0
6	35.92153758929246	37.0	37.0	37.0	33.0	37.0
7	35.81844185980716	37.0	37.0	37.0	33.0	37.0
8	35.85535217777004	37.0	37.0	37.0	33.0	37.0
9	35.83944562080248	37.0	37.0	37.0	33.0	37.0
10-11	35.84321259563028	37.0	37.0	37.0	33.0	37.0
12-13	35.78754081887921	37.0	37.0	37.0	33.0	37.0
14-15	37.7769210931791	40.0	37.0	40.0	33.0	40.0
16-17	37.62581961163805	40.0	37.0	40.0	33.0	40.0
18-19	37.6812056329681	40.0	37.0	40.0	33.0	40.0
20-21	37.68552242953671	40.0	37.0	40.0	33.0	40.0
22-23	37.63809250194602	40.0	37.0	40.0	33.0	40.0
24-25	37.59661172590709	40.0	37.0	40.0	33.0	40.0
26-27	37.492251164910876	40.0	37.0	40.0	33.0	40.0
28-29	37.41880303150443	40.0	37.0	40.0	33.0	40.0
30-31	37.324939362652195	40.0	37.0	40.0	33.0	40.0
32-33	37.21061652421939	40.0	37.0	40.0	33.0	40.0
34-35	37.10947602928536	40.0	37.0	40.0	33.0	40.0
36-37	36.97367007326551	40.0	37.0	40.0	33.0	40.0
38-39	36.86138843472534	40.0	37.0	40.0	33.0	40.0
40-41	36.754056625073474	40.0	37.0	40.0	33.0	40.0
42-43	36.618816605224296	40.0	37.0	40.0	33.0	40.0
44-45	36.436054601253716	38.5	37.0	40.0	33.0	40.0
46-47	36.29817029327425	37.0	37.0	40.0	33.0	40.0
48-49	36.12370385633244	37.0	37.0	40.0	33.0	40.0
50-51	35.447088820987716	37.0	35.0	38.5	30.0	40.0
52-53	35.467184562013244	37.0	35.0	40.0	30.0	40.0
54-55	36.0237483839037	37.0	37.0	40.0	33.0	40.0
56-57	36.022613877786085	37.0	37.0	40.0	33.0	40.0
58-59	35.85676397027537	37.0	37.0	40.0	33.0	40.0
60-61	35.64240477549244	37.0	37.0	40.0	33.0	40.0
62-63	35.408989301842674	37.0	37.0	40.0	33.0	40.0
64-65	35.17327174019463	37.0	35.0	40.0	27.0	40.0
66-67	34.93566667764849	37.0	33.0	37.0	27.0	40.0
68-69	34.68954758424083	37.0	33.0	37.0	27.0	40.0
70-71	34.46969434142005	37.0	33.0	37.0	27.0	40.0
72-73	34.26241067961852	37.0	33.0	37.0	27.0	38.5
74-75	34.04744709832306	37.0	33.0	37.0	27.0	37.0
76-77	33.84788318373856	37.0	33.0	37.0	27.0	37.0
78-79	33.64641794791042	37.0	33.0	37.0	27.0	37.0
80-81	33.4725619328307	37.0	33.0	37.0	27.0	37.0
82-83	33.30812760562374	37.0	33.0	37.0	27.0	37.0
84-85	33.17117651066149	37.0	33.0	37.0	27.0	37.0
86-87	33.033119308763084	37.0	33.0	37.0	27.0	37.0
88-89	32.908596892441786	37.0	33.0	37.0	27.0	37.0
90-91	32.77057786168635	37.0	33.0	37.0	27.0	37.0
92-93	32.616381413803666	37.0	33.0	37.0	27.0	37.0
94-95	32.46435805472075	37.0	33.0	37.0	27.0	37.0
96-97	32.29439349064516	37.0	33.0	37.0	24.5	37.0
98-99	32.11152500021405	37.0	33.0	37.0	22.0	37.0
100	30.963806422840406	33.0	33.0	37.0	15.0	37.0
>>END_MODULE
>>Per sequence quality scores	pass
#Quality	Count
2	783077.0
3	158101.0
4	123050.0
5	118139.0
6	122192.0
7	129718.0
8	135296.0
9	142391.0
10	150841.0
11	153234.0
12	155084.0
13	158542.0
14	163557.0
15	169391.0
16	174544.0
17	184225.0
18	193399.0
19	203158.0
20	218624.0
21	253156.0
22	300283.0
23	363929.0
24	443124.0
25	539178.0
26	660019.0
27	812678.0
28	1007467.0
29	1263653.0
30	1622715.0
31	2131933.0
32	2858370.0
33	3940097.0
34	5553197.0
35	8337484.0
36	1.5229428E7
37	3.3011139E7
38	2.542607E7
39	59797.0
>>END_MODULE
>>Per base sequence content	warn
#Base	G	A	T	C
1	33.044381084907364	10.716369468744055	11.408537976820535	44.83071146952805
2	24.06034772547824	17.273654382287322	32.18623162266306	26.479766269571375
3	27.979976413276912	20.255792725714628	21.724674891494	30.03955596951446
4	30.511350639372115	26.649846713044113	18.09809847708519	24.740704170498585
5	31.210933591910834	28.92594198516306	20.04029896488031	19.82282545804579
6	25.2946085767708	32.98487699984193	20.483844872596595	21.236669550790673
7	22.359405054823604	19.331593403716955	36.60568815984643	21.703313381613007
8	22.419406516954044	22.24767901739999	28.293104432578513	27.03981003306745
9	23.198230331324616	20.840350818034693	30.67586099214693	25.285557858493764
10-11	26.020784128105586	29.469443536698947	21.752751422907938	22.75702091228753
12-13	24.733619120363297	23.645779584028535	26.664275839869767	24.9563254557384
14-15	24.716397358295616	24.91302144165036	26.15984029623017	24.210740903823854
16-17	25.569131089964642	24.77243489497678	25.232236950844904	24.426197064213667
18-19	25.184945704398885	24.83684255928073	25.20887356691666	24.76933816940372
20-21	25.072451358312637	24.78582607457073	25.368375577909223	24.77334698920741
22-23	25.21470749555519	25.10161635725802	25.101734092662475	24.581942054524315
24-25	25.062254910423913	25.02523660318918	25.13883982592442	24.77366866046248
26-27	24.84324745370514	25.1035802156631	25.431114029161584	24.62205830147018
28-29	25.05293752027799	24.740352870640958	25.267380475433775	24.939329133647277
30-31	24.67150102046753	24.89659554295776	25.46789643669508	24.96400699987963
32-33	24.76174733573883	25.00127718442902	25.389052576841582	24.84792290299057
34-35	25.22074415730945	25.00211996229474	25.059571173189276	24.717564707206538
36-37	24.915966158998433	25.0249683838272	25.25413094854814	24.804934508626225
38-39	24.89441641324802	25.14086931673204	25.127354949211565	24.83735932080838
40-41	25.00877945062224	25.01126035930123	25.058043275195992	24.92191691488054
42-43	24.85327176376933	25.001226306550794	25.30304037407025	24.842461555609617
44-45	24.968542816363854	25.07596696485229	25.390914803882126	24.564575414901725
46-47	25.052499578092135	25.181717746350973	25.01433486205178	24.751447813505116
48-49	24.93824877060992	25.16360264960797	25.17380503371941	24.7243435460627
50-51	24.936747356408137	25.084251856764695	25.267678427280803	24.71132235954636
52-53	24.961278991337895	25.261114945783515	24.911624001104446	24.865982061774144
54-55	24.724002974599376	25.23901699263561	25.12555220174627	24.91142783101874
56-57	24.73307218753999	25.21239872810029	25.381700680437763	24.672828403921958
58-59	24.69769282958912	25.237224387974617	25.255073384947973	24.81000939748829
60-61	24.692135891199854	25.025838070229423	25.402954308846	24.879071729724725
62-63	24.58323146747654	25.25155268109965	25.51257130122895	24.652644550194864
64-65	24.885041098175062	25.156456536420407	25.25801143189701	24.700490933507517
66-67	24.58888655801557	25.038775177676353	25.42125489131918	24.951083372988897
68-69	24.737219384151267	25.24843586833736	25.514475807346397	24.499868940164973
70-71	24.803095950009983	25.19840777303932	25.256674306523124	24.741821970427573
72-73	24.583564275269413	25.314241678213182	25.334935813228913	24.767258233288487
74-75	24.71085768220969	25.383345904126436	25.32433723460448	24.581459179059387
76-77	24.83096773742017	25.457967431849042	25.07099924140965	24.640065589321136
78-79	24.757665761606408	25.209260725183746	25.35880291558496	24.674270597624883
80-81	24.769002338309342	25.36894519845545	25.201949838970073	24.660102624265136
82-83	25.060882209218853	25.35981995810439	25.021533797422247	24.55776403525451
84-85	24.892377428430436	25.470589805436145	24.93383567112883	24.70319709500459
86-87	24.857501135079435	25.669308418565844	25.037607096754954	24.435583349599767
88-89	24.935533665489594	25.501163320625675	25.023145045051827	24.540157968832908
90-91	24.8045625547206	25.360003107860074	25.15870581849911	24.676728518920214
92-93	24.681492791233033	25.738884780273057	25.06601256144649	24.51360986704741
94-95	24.947794610677025	25.637802973631164	24.98190980541871	24.4324926102731
96-97	24.929041370415444	25.33849217010499	25.023364004927796	24.709102454551772
98-99	24.894658609454652	25.52159028871099	25.269447552013663	24.3143035498207
100	25.5261640410761	25.358626463760615	24.600106681825675	24.51510281333761
>>END_MODULE
>>Per sequence GC content	warn
#GC Content	Count
0	279.0
1	284.0
2	315.0
3	392.5
4	479.0
5	574.0
6	683.0
7	832.0
8	1047.0
9	1286.0
10	1522.5
11	1805.5
12	2189.0
13	2712.5
14	3400.5
15	4271.0
16	5501.0
17	7348.0
18	10267.5
19	14851.0
20	22114.5
21	33206.0
22	49931.0
23	72835.0
24	104079.0
25	146443.5
26	200628.5
27	265006.5
28	348818.0
29	438250.5
30	526598.0
31	647481.5
32	828373.0
33	1025087.5
34	1208708.5
35	1433438.0
36	1710836.0
37	1994146.0
38	2324506.0
39	2624562.0
40	2785120.0
41	2967983.0
42	3312562.5
43	3615104.0
44	3796554.0
45	3948507.5
46	4005757.0
47	4023721.5
48	4023878.5
49	3990032.5
50	3979228.0
51	3788312.0
52	3555467.0
53	3511854.5
54	3469273.0
55	3427811.0
56	3217233.5
57	2954768.0
58	2760619.0
59	2603762.0
60	2513380.5
61	2362868.5
62	2182296.5
63	2012886.0
64	1848935.5
65	1659723.0
66	1472380.5
67	1298621.5
68	1139218.0
69	967438.0
70	790060.5
71	651821.5
72	554055.5
73	462222.0
74	390636.5
75	338587.5
76	274319.5
77	212719.5
78	165329.5
79	120993.5
80	79531.0
81	50320.0
82	30808.5
83	18999.0
84	11635.0
85	7935.5
86	5970.5
87	4547.0
88	3645.0
89	3095.5
90	2587.5
91	2168.0
92	1788.0
93	1440.5
94	1210.0
95	1016.5
96	831.0
97	636.5
98	464.5
99	336.0
100	227.5
>>END_MODULE
>>Per base N content	pass
#Base	N-Count
1	0.0
2	0.0
3	0.0
4	0.0038026890204474104
5	8.09676810521108E-4
6	0.0021293569453704544
7	0.003168907517039509
8	0.004703570805027218
9	0.006833858413398271
10-11	0.012823605485253272
12-13	0.03179330942646217
14-15	0.032719784443558456
16-17	0.013175861430979985
18-19	2.1498315313836318E-4
20-21	0.0023280534959983354
22-23	0.005550474135572286
24-25	0.0057189241386807
26-27	9.944134161400044E-4
28-29	2.419723801557334E-5
30-31	0.007315941847708541
32-33	0.01553881478950078
34-35	0.01779799922345479
36-37	0.07444792140141468
38-39	0.08074897524697004
40-41	0.06539722372058965
42-43	0.02237453452890025
44-45	0.003940427144536059
46-47	0.0063261817465715305
48-49	0.009033480415313948
50-51	9.455536086085583E-4
52-53	7.985088545139203E-4
54-55	0.0198784963612938
56-57	0.06042469130838933
58-59	0.07454703701097848
60-61	0.09438365353724532
62-63	0.08654840173520255
64-65	0.09211748913078682
66-67	0.09879499616008447
68-69	0.07929016099353114
70-71	0.031231654305600695
72-73	0.01756626413630565
74-75	7.580250139878649E-4
76-77	0.0021414555643782408
78-79	0.017115823244015744
80-81	0.04875324661787759
82-83	0.07563544739017898
84-85	0.09091041921900994
86-87	0.0929392645603157
88-89	0.08410215403812815
90-91	0.1019448250856117
92-93	0.09682990123431973
94-95	0.12650362567691772
96-97	0.1267241928080597
98-99	0.11131241351814067
100	0.12031797404343665
>>END_MODULE
>>Sequence Length Distribution	pass
#Length	Count
100	1.0745028E8
>>END_MODULE
>>Sequence Duplication Levels	fail
#Total Deduplicated Percentage	31.2551285126209
#Duplication Level	Percentage of deduplicated	Percentage of total
1	70.17341068008824	21.932789689750816
2	13.344575927787862	8.341728711388738
3	5.52850036103488	5.183819677986487
4	2.8790960502755856	3.599460682061707
5	1.7402254783465159	2.719548548332877
6	1.2394997083907293	2.3244433606265025
7	0.8140591050395394	1.781046536141597
8	0.6161276227311224	1.5405718422909471
9	0.4838599499508156	1.361079442604075
>10	2.7590235986395406	15.889085568936585
>50	0.22966915563561616	4.9453612452377
>100	0.15626677719097462	9.704516370473218
>500	0.018193356629590412	3.956308188271022
>1k	0.015318101656204414	9.411517350332918
>5k	0.001485375349408811	3.1399622832532814
>10k+	6.887512533938371E-4	4.1687605023116925
>>END_MODULE
>>Overrepresented sequences	pass
>>END_MODULE
>>Adapter Content	pass
#Position	Illumina Universal Adapter	Illumina Small RNA 3' Adapter	Illumina Small RNA 5' Adapter	Nextera Transposase Sequence	SOLID Small RNA Adapter
1	1.8613260011979494E-4	4.653315002994873E-6	9.306630005989747E-7	0.0	3.7226520023958987E-6
2	2.7268425917549956E-4	2.791989001796924E-5	9.306630005989747E-7	8.375967005390772E-6	3.7226520023958987E-6
3	6.151682433959223E-4	3.443453102216206E-5	9.306630005989747E-7	1.0237293006588722E-5	3.7226520023958987E-6
4	0.002832938173823279	3.815718302455796E-5	9.306630005989747E-7	1.3029282008385646E-5	5.583978003593848E-6
5	0.003561647303292276	4.4671824028750786E-5	9.306630005989747E-7	1.3029282008385646E-5	5.583978003593848E-6
6	0.005655639054639969	4.4671824028750786E-5	9.306630005989747E-7	1.4890608009583595E-5	5.583978003593848E-6
7	0.0063108258070616475	5.490911703533951E-5	9.306630005989747E-7	1.582127101018257E-5	5.583978003593848E-6
8	0.007858518377057743	6.049309503893335E-5	9.306630005989747E-7	1.768259701138052E-5	5.583978003593848E-6
9	0.009628639404196993	6.23544210401313E-5	9.306630005989747E-7	1.768259701138052E-5	6.514641004192823E-6
10-11	0.01417772015112478	7.02650565452226E-5	9.306630005989747E-7	1.954392301257847E-5	6.97997250449231E-6
12-13	0.020334055900087	7.817569205031388E-5	1.8613260011979493E-6	2.093991751347693E-5	7.445304004791797E-6
14-15	0.02739406542263082	9.725428356259285E-5	2.791989001796924E-6	2.3731906515273857E-5	7.910635505091285E-6
16-17	0.03445547093967554	1.1354088607307491E-4	7.445304004791797E-6	2.885055301856822E-5	9.306630005989746E-6
18-19	0.04138146499013311	1.1679820657517132E-4	1.209861900778667E-5	3.3038536521263605E-5	1.0237293006588722E-5
20-21	0.04799196428338763	1.1959019557696825E-4	1.721726551108103E-5	3.536519402276104E-5	1.0237293006588722E-5
22-23	0.053937504862714175	1.2610483658116107E-4	2.0009254512877957E-5	4.04838405260554E-5	1.1167956007187696E-5
24-25	0.058941214485434566	1.3494613508685134E-4	2.5593232516471806E-5	4.746381303054771E-5	1.2563950508086158E-5
26-27	0.06338885296529707	1.4425276509284107E-4	2.9315884518867702E-5	5.072113353264412E-5	1.5355939509883083E-5
28-29	0.06745212762591218	1.475100855949375E-4	3.396919952186257E-5	5.351312253444105E-5	1.721726551108103E-5
30-31	0.0712580739668617	1.507674060970339E-4	4.187983502695386E-5	5.770110603713643E-5	1.8613260011979496E-5
32-33	0.07490766892371058	1.577473786015262E-4	5.025580203234463E-5	5.8631769037735404E-5	1.954392301257847E-5
34-35	0.07849909744302203	1.7031132910961237E-4	5.583978003593848E-5	6.095842653923284E-5	1.954392301257847E-5
36-37	0.08232691436448561	2.0009254512877957E-4	5.9097100538034895E-5	6.281975254043079E-5	2.140524901377642E-5
38-39	0.0861412366724405	2.159138161389621E-4	6.607707304252721E-5	6.65424045428267E-5	2.3731906515273854E-5
40-41	0.08957538314465072	2.21497794142556E-4	7.39877085476185E-5	7.212638254642053E-5	2.605856401677129E-5
42-43	0.09281176372923365	2.2940842964764728E-4	8.143301255241029E-5	7.677969754941541E-5	2.8385221518268728E-5
44-45	0.09607699486683516	2.4197238015573344E-4	9.073964255840004E-5	8.05023495518113E-5	2.978121601916719E-5
46-47	0.09925660500838156	2.5825898266621547E-4	1.0376892456678568E-4	8.515566455480618E-5	2.978121601916719E-5
48-49	0.10246087771944382	2.754762481772965E-4	1.1912486407666877E-4	8.887831655720208E-5	3.2573205020964115E-5
50-51	0.10600577308872532	2.866442041844842E-4	1.3122348308445544E-4	9.306630005989747E-5	3.2573205020964115E-5
52-53	0.10961302287904694	2.9967348619286985E-4	1.4657942259433852E-4	9.399696306049645E-5	3.2573205020964115E-5
54-55	0.11336080278245902	3.1130677370035705E-4	1.6007403610302363E-4	9.58582890616944E-5	3.396919952186257E-5
56-57	0.11717512509041392	3.2480138720904217E-4	1.7170732361051084E-4	9.95809410640903E-5	3.67611885236595E-5
58-59	0.12121792516501585	3.4481064172192015E-4	1.879939261209929E-4	1.0330359306648619E-4	3.908784602515694E-5
60-61	0.1255362014877951	3.522559457267119E-4	2.089338436344698E-4	1.1167956007187696E-4	3.908784602515694E-5
62-63	0.13018067519228427	3.713345372389909E-4	2.3033909264824626E-4	1.1679820657517132E-4	4.0018509025755915E-5
64-65	0.13509550649844748	3.7784917824318376E-4	2.475563581593273E-4	1.1959019557696825E-4	4.281049802755284E-5
66-67	0.14043611612738469	3.8762113974947295E-4	2.698922701737027E-4	1.2191685307846569E-4	4.374116102815181E-5
68-69	0.1461378230005543	3.978584327560617E-4	2.9176285068777856E-4	1.27966162582359E-4	4.4671824028750786E-5
70-71	0.15258266427970218	4.1042238326414787E-4	3.168907517039509E-4	1.3401547208625238E-4	4.4671824028750786E-5
72-73	0.1601894383150979	4.23916996772833E-4	3.410879897195242E-4	1.4425276509284107E-4	4.5137155529050276E-5
74-75	0.16888415739819385	4.3601561578061963E-4	3.7738384674288427E-4	1.4890608009583597E-4	4.560248702934976E-5
76-77	0.17879990633807563	4.42995588285112E-4	4.0623439976145246E-4	1.5355939509883082E-4	4.560248702934976E-5
78-79	0.19065283031370417	4.4671824028750786E-4	4.290356432761273E-4	1.549553895997293E-4	4.746381303054771E-5
80-81	0.20515488652053768	4.5416354429229965E-4	4.5788619629469557E-4	1.6007403610302363E-4	4.9325139031745656E-5
82-83	0.22386493548457947	4.560248702934976E-4	4.8673674931326376E-4	1.6565801410661752E-4	4.979047053204515E-5
84-85	0.24891884879220416	4.606781852964925E-4	5.248939323378218E-4	1.735686496117088E-4	5.025580203234464E-5
86-87	0.27950136565488704	4.671928263006853E-4	5.546751483569889E-4	2.0521119163207394E-4	5.118646503294361E-5
88-89	0.3160517590089109	4.7370746730487814E-4	5.984163093851408E-4	2.163791476392616E-4	5.258245953384207E-5
>>END_MODULE
