##FastQC	0.11.8
>>Basic Statistics	pass
#Measure	Value
Filename	SRR3184281_2.gz
File type	Conventional base calls
Encoding	Sanger / Illumina 1.9
Total Sequences	83309526
Sequences flagged as poor quality	0
Sequence length	0-100
%GC	50
>>END_MODULE
>>Per base sequence quality	pass
#Base	Mean	Median	Lower Quartile	Upper Quartile	10th Percentile	90th Percentile
1	31.827601509264845	33.0	33.0	33.0	27.0	33.0
2	31.846444323403844	33.0	33.0	33.0	27.0	33.0
3	31.87416960021495	33.0	33.0	33.0	33.0	33.0
4	35.6571524461179	37.0	37.0	37.0	33.0	37.0
5	35.64521290193961	37.0	37.0	37.0	33.0	37.0
6	35.6225693023878	37.0	37.0	37.0	33.0	37.0
7	35.51950780804252	37.0	37.0	37.0	33.0	37.0
8	35.55168930063044	37.0	37.0	37.0	33.0	37.0
9	35.5346466926783	37.0	37.0	37.0	33.0	37.0
10-11	35.53629158802745	37.0	37.0	37.0	33.0	37.0
12-13	35.48055299827551	37.0	37.0	37.0	33.0	37.0
14-15	37.40799233828409	40.0	37.0	40.0	33.0	40.0
16-17	37.252669982334325	40.0	37.0	40.0	33.0	40.0
18-19	37.299171133569516	40.0	37.0	40.0	33.0	40.0
20-21	37.296579198603254	40.0	37.0	40.0	33.0	40.0
22-23	37.24530007786538	40.0	37.0	40.0	33.0	40.0
24-25	37.20045979724633	40.0	37.0	40.0	33.0	40.0
26-27	37.088271298897354	40.0	37.0	40.0	33.0	40.0
28-29	37.00797796842688	40.0	37.0	40.0	33.0	40.0
30-31	36.90995717617068	40.0	37.0	40.0	33.0	40.0
32-33	36.79072018605062	40.0	37.0	40.0	33.0	40.0
34-35	36.68338118239779	40.0	37.0	40.0	33.0	40.0
36-37	36.55740220233192	40.0	37.0	40.0	33.0	40.0
38-39	36.44114126912338	40.0	37.0	40.0	33.0	40.0
40-41	36.3252753194992	40.0	37.0	40.0	33.0	40.0
42-43	36.17372998570815	40.0	37.0	40.0	33.0	40.0
44-45	35.9791757382771	37.0	37.0	40.0	33.0	40.0
46-47	35.83191075077822	37.0	37.0	40.0	30.0	40.0
48-49	35.649871120601475	37.0	37.0	40.0	27.0	40.0
50-51	34.96775514674525	37.0	35.0	38.5	27.0	40.0
52-53	34.977820292877624	37.0	35.0	40.0	27.0	40.0
54-55	35.52309953873606	37.0	37.0	40.0	27.0	40.0
56-57	35.527397077504695	37.0	37.0	40.0	27.0	40.0
58-59	35.36654307171523	37.0	37.0	40.0	27.0	40.0
60-61	35.15583503084787	37.0	37.0	40.0	27.0	40.0
62-63	34.92252826650905	37.0	33.0	40.0	27.0	40.0
64-65	34.685521634220805	37.0	33.0	38.5	27.0	40.0
66-67	34.44772239160934	37.0	33.0	37.0	27.0	40.0
68-69	34.200789677961765	37.0	33.0	37.0	27.0	40.0
70-71	33.97337185132844	37.0	33.0	37.0	27.0	40.0
72-73	33.7588497320878	37.0	33.0	37.0	27.0	38.5
74-75	33.544732364121955	37.0	33.0	37.0	27.0	37.0
76-77	33.345247783173434	37.0	33.0	37.0	27.0	37.0
78-79	33.14368846549695	37.0	33.0	37.0	27.0	37.0
80-81	32.97026659189431	37.0	33.0	37.0	27.0	37.0
82-83	32.81119485621448	37.0	33.0	37.0	27.0	37.0
84-85	32.67709418438089	37.0	33.0	37.0	27.0	37.0
86-87	32.53582668067092	37.0	33.0	37.0	27.0	37.0
88-89	32.406851798176646	37.0	33.0	37.0	24.5	37.0
90-91	32.2654447618896	37.0	33.0	37.0	22.0	37.0
92-93	32.10627212061408	37.0	33.0	37.0	22.0	37.0
94-95	31.950682230973445	37.0	33.0	37.0	22.0	37.0
96-97	31.77626331092588	37.0	33.0	37.0	22.0	37.0
98-99	31.57653184774579	37.0	33.0	37.0	18.5	37.0
100	30.457590070532106	33.0	33.0	37.0	15.0	37.0
>>END_MODULE
>>Per sequence quality scores	pass
#Quality	Count
2	915585.0
3	172773.0
4	133985.0
5	127681.0
6	128210.0
7	132511.0
8	137270.0
9	143756.0
10	152016.0
11	153635.0
12	152074.0
13	152710.0
14	154898.0
15	160373.0
16	167470.0
17	173559.0
18	181037.0
19	189580.0
20	205280.0
21	234666.0
22	276080.0
23	332543.0
24	400505.0
25	485740.0
26	587921.0
27	716160.0
28	873184.0
29	1083593.0
30	1362744.0
31	1761460.0
32	2320366.0
33	3129568.0
34	4319551.0
35	6359153.0
36	1.1547979E7
37	2.5038278E7
38	1.8697397E7
39	47878.0
>>END_MODULE
>>Per base sequence content	warn
#Base	G	A	T	C
1	34.00380815225753	11.268529157936985	10.741248661356831	43.98641402844866
2	24.519595727489545	17.099493376788235	31.467047164730104	26.913863730992116
3	28.392195635633016	19.732011559709488	21.781399745822366	30.094393058835127
4	30.872686037287966	26.112696052294872	18.151649041853418	24.862968868563744
5	31.419802051104064	28.754423832075144	20.020945316707824	19.80482880011297
6	25.712603736577904	32.658081699159595	20.276221375155494	21.353093189107007
7	22.76306715280293	19.608273215525358	36.117895926137955	21.51076370553376
8	22.533495802703214	22.285082461784285	28.20314374077237	26.978277994740125
9	23.41191244294509	20.84732736015833	30.534392317668217	25.206367879228363
10-11	26.265780417890255	29.154715515256836	21.800461418367476	22.779042648485436
12-13	25.096485378210627	23.57996735603024	26.40852012352976	24.915027142229377
14-15	24.9704955755775	24.755013368877616	25.95620698223823	24.318284073306657
16-17	25.806632514540702	24.628541402745224	25.10867228190578	24.45615380080829
18-19	25.395290079383457	24.774522026983778	25.163643487607988	24.66654440602477
20-21	25.231971811433844	24.752344323787117	25.241822486582766	24.773861378196276
22-23	25.38149570951832	24.98340539779728	25.036919927501593	24.5981789651828
24-25	25.25599642111652	24.914850011271984	25.008390485213187	24.820763082398305
26-27	24.99102939284471	25.025861507373314	25.25377846441269	24.729330635369283
28-29	25.199538729614236	24.669429466190106	25.20088935935992	24.930142444835738
30-31	24.85944832151698	24.767782734174553	25.343546713463393	25.029222230845072
32-33	24.845576693175385	24.898282740324788	25.302242517173113	24.953898049326714
34-35	25.377906325325807	24.93507591454405	24.91250075294083	24.774517007189317
36-37	25.078578565534755	24.97581827206746	25.0335104953243	24.912092667073484
38-39	24.996635557827513	25.088379638699305	24.958031193011525	24.956953610461657
40-41	25.179928961632175	24.956955854399048	24.82941401888217	25.033701165086608
42-43	24.974957113316943	24.947596425310614	25.09442915415744	24.983017307215004
44-45	25.08343855851811	25.009749391353118	25.197524969573216	24.709287080555555
46-47	25.138748547315657	25.16867346480677	24.85734270445284	24.835235283424737
48-49	25.08673551310191	25.05800666013152	25.020736650685187	24.83452117608138
50-51	25.045142138951203	24.948482365253668	25.165333331731247	24.841042164063882
52-53	25.024487157256626	25.217095008247583	24.79446477925516	24.96395305524063
54-55	24.849539118243065	25.142659112944234	24.979840373587024	25.027961395225674
56-57	24.779566333416824	25.106704693650993	25.26467211543965	24.84905685749253
58-59	24.742073133315976	25.20506750891687	25.08597261783118	24.966886739935973
60-61	24.77587035098295	25.077000559437025	25.235750685613517	24.91137840396651
62-63	24.75189021652994	25.292738971618338	25.32262617420052	24.632744637651204
64-65	25.039038139522056	25.228953607784206	25.07446455513138	24.657543697562357
66-67	24.736049558148117	25.119192161104852	25.158701907050535	24.986056373696496
68-69	24.842853271279118	25.29837131481835	25.2714283465475	24.587347067355033
70-71	24.94180836599717	25.19209943011141	25.02672905296083	24.83936315093059
72-73	24.79111647756031	25.251621990494154	25.12138398826245	24.835877543683083
74-75	24.88308597497166	25.332200974872638	25.095965028763867	24.68874802139183
76-77	24.961128434864523	25.373756955034654	24.900858913881574	24.764255696219244
78-79	24.92189180707661	25.15945555250838	25.151789198996738	24.766863441418273
80-81	24.93793390897509	25.333447125276994	25.005062654819376	24.723556310928544
82-83	25.18422062127046	25.322116375343544	24.86396008024135	24.62970292314465
84-85	25.040330412486327	25.343984641203054	24.847684678631758	24.768000267678865
86-87	24.981060390111477	25.530636872609357	24.917628153652288	24.570674583626882
88-89	25.06923926474603	25.377751008656197	24.85899615617406	24.694013570423714
90-91	24.907017805755444	25.19824695446961	25.066172309154467	24.828562930620485
92-93	24.73824508239708	25.521839314481014	25.025282155171958	24.71463344794995
94-95	24.984889628489636	25.454743191248756	24.915692540826985	24.644674639434623
96-97	25.025685110482165	25.010556619372554	24.95626240178011	25.00749586836517
98-99	24.339157104213953	24.657945339266245	25.844796268095166	25.15810128842464
100	26.181434173483435	23.839938930301965	24.66425775010161	25.314369146112988
>>END_MODULE
>>Per sequence GC content	pass
#GC Content	Count
0	627.0
1	624.5
2	635.5
3	694.5
4	808.5
5	942.5
6	1046.5
7	1192.5
8	1369.0
9	1528.0
10	1697.5
11	1920.5
12	2189.0
13	2538.0
14	2992.5
15	3614.0
16	4441.0
17	5828.0
18	8070.5
19	11390.5
20	16726.5
21	25166.5
22	37412.0
23	54246.0
24	76893.0
25	107129.0
26	146169.0
27	194894.0
28	253138.0
29	316992.5
30	386753.0
31	475392.5
32	598618.0
33	737222.0
34	876682.5
35	1043747.5
36	1253495.0
37	1474979.0
38	1688143.5
39	1902262.5
40	2106195.5
41	2272887.5
42	2503439.0
43	2738771.5
44	2863952.0
45	2948949.5
46	3018893.5
47	3059483.0
48	3106695.5
49	3143129.5
50	3158186.5
51	3086099.5
52	2956752.0
53	2924465.0
54	2865662.5
55	2809250.5
56	2623545.0
57	2394925.0
58	2250750.0
59	2133028.5
60	2041973.5
61	1892011.0
62	1745720.5
63	1605232.5
64	1462192.0
65	1298439.0
66	1152184.0
67	1031643.0
68	898883.5
69	756966.0
70	629601.0
71	519007.5
72	429532.0
73	355664.0
74	299882.5
75	252222.0
76	202808.0
77	159890.0
78	123475.5
79	93462.5
80	67023.0
81	44143.5
82	28478.5
83	18995.0
84	13063.5
85	9810.0
86	7982.5
87	6928.0
88	5958.0
89	5148.0
90	4465.5
91	3865.0
92	3449.0
93	3011.0
94	2556.0
95	2213.0
96	2005.5
97	1809.5
98	1645.0
99	1508.5
100	1419.5
>>END_MODULE
>>Per base N content	pass
#Base	N-Count
1	0.0
2	0.0
3	0.0
4	0.0
5	0.0
6	0.0
7	0.0
8	0.0
9	0.0
10-11	0.0
12-13	0.0
14-15	0.0
16-17	0.0
18-19	0.0
20-21	0.0
22-23	7.289658495351798E-4
24-25	6.227145452924879E-4
26-27	3.0026130961096034E-6
28-29	0.0
30-31	0.0
32-33	0.0
34-35	0.0
36-37	0.0
38-39	1.9221089725626574E-5
40-41	0.0
42-43	0.0
44-45	0.0
46-47	9.02911787789129E-4
48-49	0.0018461341560279056
50-51	0.0
52-53	0.0
54-55	0.0
56-57	1.7424752034512545E-5
58-59	1.2017585862165886E-5
60-61	5.348087934776113E-4
62-63	0.0
64-65	2.1154359630159533E-4
66-67	8.708680414165127E-4
68-69	4.0871689515614045E-4
70-71	0.0
72-73	0.0
74-75	0.0
76-77	0.0
78-79	0.0
80-81	0.0
82-83	0.0
84-85	1.805387985460705E-6
86-87	1.2040247078391905E-6
88-89	1.8068072656225125E-6
90-91	6.550417900692784E-4
92-93	1.5921183003722228E-4
94-95	0.011848032790669887
96-97	0.010061198977049182
98-99	0.003955109562304683
100	0.005814476363595214
>>END_MODULE
>>Sequence Length Distribution	fail
#Length	Count
0-1	473.0
2-3	2071.0
4-5	1988.0
6-7	1497.0
8-9	3765.0
10-11	4217.0
12-13	5290.0
14-15	5492.0
16-17	4981.0
18-19	5063.0
20-21	5006.0
22-23	4252.0
24-25	3740.0
26-27	3295.0
28-29	3405.0
30-31	2842.0
32-33	2904.0
34-35	2784.0
36-37	3882.0
38-39	2975.0
40-41	2673.0
42-43	2850.0
44-45	2674.0
46-47	2724.0
48-49	3040.0
50-51	3192.0
52-53	3325.0
54-55	3310.0
56-57	3511.0
58-59	3944.0
60-61	4325.0
62-63	4779.0
64-65	5059.0
66-67	5484.0
68-69	6369.0
70-71	7549.0
72-73	8553.0
74-75	9640.0
76-77	10887.0
78-79	13380.0
80-81	17346.0
82-83	23319.0
84-85	28832.0
86-87	33415.0
88-89	43727.0
90-91	59571.0
92-93	78554.0
94-95	194201.0
96-97	2061419.0
98-99	0.0
100-101	8.0591952E7
>>END_MODULE
>>Sequence Duplication Levels	fail
#Total Deduplicated Percentage	33.14367702730719
#Duplication Level	Percentage of deduplicated	Percentage of total
1	70.39848448166791	23.33264632872298
2	14.004123415702036	9.282962870811563
3	5.362378997248449	5.331868727484538
4	2.8280146145512925	3.749232120527706
5	1.6649583443200289	2.7591420814031573
6	1.090430448914799	2.168452477174421
7	0.7757358757707755	1.7997517527529312
8	0.5518088893140473	1.4631180486577509
9	0.43272495078273343	1.2907886409360283
>10	2.500531610227368	15.228531491838984
>50	0.20339769543219238	4.705655558477387
>100	0.15208065580114902	10.140908739359473
>500	0.019691763272842337	4.523220007584477
>1k	0.014056530272995192	9.072980425686412
>5k	0.0011115821427616804	2.4565273913788577
>10k+	4.701445784139565E-4	2.694213337203246
>>END_MODULE
>>Overrepresented sequences	pass
>>END_MODULE
>>Adapter Content	pass
#Position	Illumina Universal Adapter	Illumina Small RNA 3' Adapter	Illumina Small RNA 5' Adapter	Nextera Transposase Sequence	SOLID Small RNA Adapter
1	1.2003429235691487E-6	1.800514385353723E-5	0.0	2.4006858471382974E-6	1.2003429235691487E-6
2	2.4006858471382974E-6	7.202057541414892E-5	1.2003429235691487E-6	2.4006858471382974E-5	2.4006858471382974E-6
3	3.601028770707446E-6	8.282366172627126E-5	1.2003429235691487E-6	2.4006858471382974E-5	4.801371694276595E-6
4	2.1606172624244674E-5	8.282366172627126E-5	2.4006858471382974E-6	3.1208916012797864E-5	7.202057541414892E-6
5	2.8808230165659568E-5	9.002571926768615E-5	2.4006858471382974E-6	3.240925893636701E-5	7.202057541414892E-6
6	3.601028770707446E-5	9.482709096196274E-5	2.4006858471382974E-6	3.240925893636701E-5	8.40240046498404E-6
7	3.841097355421276E-5	1.260360069747606E-4	2.4006858471382974E-6	3.240925893636701E-5	8.40240046498404E-6
8	4.5613031095627645E-5	1.356387503633138E-4	2.4006858471382974E-6	3.360960185993616E-5	8.40240046498404E-6
9	5.041440278990424E-5	1.4404115082829785E-4	2.4006858471382974E-6	4.321234524848935E-5	8.40240046498404E-6
10-11	7.382108979950264E-5	1.566447515257739E-4	2.4006858471382974E-6	4.44126881720585E-5	9.002571926768616E-6
12-13	1.0743069165943881E-4	1.7404972391752655E-4	2.4006858471382974E-6	4.981423132811967E-5	1.2003429235691487E-5
14-15	1.3503857890152923E-4	2.034581255449707E-4	2.4006858471382974E-6	5.281508863704254E-5	1.2003429235691487E-5
16-17	1.7645040976466483E-4	2.4006858471382973E-4	2.4006858471382974E-6	5.7616460331319136E-5	1.380394362104521E-5
18-19	2.034581255449707E-4	2.5147184248773666E-4	2.4006858471382974E-6	6.361817494916488E-5	1.5004286544614358E-5
20-21	2.4366961348453717E-4	2.604744144145052E-4	2.4006858471382974E-6	6.661903225808774E-5	1.6204629468183506E-5
22-23	2.868819587330265E-4	2.6707630049413553E-4	2.4006858471382974E-6	7.50214327230718E-5	1.680480092996808E-5
24-25	3.3129464690508505E-4	2.844812728858882E-4	2.4006858471382974E-6	8.522434757340954E-5	1.800514385353723E-5
26-27	3.673049346121595E-4	2.910831589655185E-4	2.4006858471382974E-6	9.542726242374732E-5	2.10060011624601E-5
28-29	4.129179657077871E-4	3.000857308922872E-4	2.4006858471382974E-6	9.842811973267019E-5	2.520720139495212E-5
30-31	4.5492996803270735E-4	3.084881313572712E-4	3.0008573089228717E-6	1.0322949142694678E-4	2.7607887242090417E-5
32-33	5.065447137461807E-4	3.1929121766939355E-4	4.801371694276595E-6	1.0803086312122337E-4	2.8808230165659568E-5
34-35	5.509574019182393E-4	3.4329807614077654E-4	6.001714617845743E-6	1.1163189189193081E-4	2.9408401627444142E-5
36-37	5.995712903227898E-4	3.8350956408034296E-4	7.202057541414892E-6	1.1343240627728454E-4	3.1208916012797864E-5
38-39	6.469848358037711E-4	4.0211487939566476E-4	7.202057541414892E-6	1.1583309212442284E-4	3.240925893636701E-5
40-41	6.877964952051222E-4	4.135181371695717E-4	7.202057541414892E-6	1.2003429235691486E-4	3.661045916885904E-5
42-43	7.304086689918269E-4	4.2612173786704774E-4	7.202057541414892E-6	1.236353211276223E-4	3.781080209242818E-5
44-45	7.79622728858162E-4	4.4472705318236955E-4	7.202057541414892E-6	1.2723634989832976E-4	3.841097355421276E-5
46-47	8.258359314155742E-4	4.561303109562765E-4	7.202057541414892E-6	1.2963703574546805E-4	4.321234524848935E-5
48-49	8.582451903519413E-4	4.8673905550728977E-4	7.202057541414892E-6	1.374392647486675E-4	4.321234524848935E-5
50-51	8.918547922118775E-4	4.993426562047658E-4	7.202057541414892E-6	1.4404115082829785E-4	4.3812516710273926E-5
52-53	9.356673089221514E-4	5.293512292939946E-4	7.202057541414892E-6	1.5244355129328188E-4	4.44126881720585E-5
54-55	9.992854838713162E-4	5.731637460042685E-4	7.202057541414892E-6	1.5484423714042019E-4	4.44126881720585E-5
56-57	0.001044898514966944	6.037724905552818E-4	7.202057541414892E-6	1.632466376054042E-4	4.801371694276595E-5
58-59	0.001079708459750449	6.529865504216169E-4	7.202057541414892E-6	1.7344955245574196E-4	5.041440278990424E-5
60-61	0.0011139182330721698	6.661903225808775E-4	7.202057541414892E-6	1.8065160999715686E-4	5.041440278990424E-5
62-63	0.0011601314356295821	7.028007817497365E-4	7.202057541414892E-6	1.8605315315321804E-4	5.101457425168881E-5
64-65	0.0012165475530373322	7.172048968325663E-4	7.202057541414892E-6	1.9865675385069407E-4	5.4015431560611686E-5
66-67	0.0012741640133686512	7.274078116829041E-4	7.202057541414892E-6	2.0765932577746272E-4	5.4615603022396264E-5
68-69	0.001322777901773202	7.38811069456811E-4	7.202057541414892E-6	2.172620691660159E-4	5.5215774484180834E-5
70-71	0.0013569876750949227	7.658187852371168E-4	7.202057541414892E-6	2.2986566986349196E-4	5.5815945945965405E-5
72-73	0.0013983995059580583	8.078307875620371E-4	7.202057541414892E-6	2.4246927056096804E-4	5.701628886953456E-5
74-75	0.0014626178523690077	8.336381604187738E-4	7.202057541414892E-6	2.5147184248773666E-4	5.7616460331319136E-5
76-77	0.0015070305405410662	8.468419325780344E-4	7.202057541414892E-6	2.5987424295272066E-4	5.8216631793103714E-5
78-79	0.0015484423714042018	8.546441615812339E-4	7.202057541414892E-6	2.646756146469973E-4	5.8816803254888284E-5
80-81	0.00158625317349663	8.594455332755105E-4	7.202057541414892E-6	2.8868247311838026E-4	6.001714617845743E-5
82-83	0.0016618747776814863	8.68448105202279E-4	7.202057541414892E-6	2.9588453065979513E-4	6.001714617845743E-5
84-85	0.0017194912380128053	8.84052563208678E-4	7.202057541414892E-6	3.0308658820121E-4	6.001714617845743E-5
86-87	0.0017344955245574198	8.990568497532923E-4	7.202057541414892E-6	3.6610459168859034E-4	6.001714617845743E-5
88-89	0.0017350956960192044	9.110602789889838E-4	7.802229003199466E-6	3.997141935485265E-4	6.0617317640242E-5
>>END_MODULE
