##FastQC	0.11.8
>>Basic Statistics	pass
#Measure	Value
Filename	SRR3184290_forward.gz
File type	Conventional base calls
Encoding	Sanger / Illumina 1.9
Total Sequences	105392870
Sequences flagged as poor quality	0
Sequence length	100
%GC	48
>>END_MODULE
>>Per base sequence quality	pass
#Base	Mean	Median	Lower Quartile	Upper Quartile	10th Percentile	90th Percentile
1	32.305458680459125	33.0	33.0	33.0	33.0	33.0
2	32.49972526604504	33.0	33.0	33.0	33.0	33.0
3	32.28442696360769	33.0	33.0	33.0	33.0	33.0
4	36.45452923902727	37.0	37.0	37.0	37.0	37.0
5	36.52137118004283	37.0	37.0	37.0	37.0	37.0
6	36.508389419511964	37.0	37.0	37.0	37.0	37.0
7	36.50609174984987	37.0	37.0	37.0	37.0	37.0
8	36.47416069986518	37.0	37.0	37.0	37.0	37.0
9	36.48244538743465	37.0	37.0	37.0	37.0	37.0
10-11	36.49691877638402	37.0	37.0	37.0	37.0	37.0
12-13	36.418509501638965	37.0	37.0	37.0	37.0	37.0
14-15	38.5521008774123	40.0	37.0	40.0	37.0	40.0
16-17	38.528602238462625	40.0	37.0	40.0	37.0	40.0
18-19	38.51184771322766	40.0	37.0	40.0	37.0	40.0
20-21	38.478081093151744	40.0	37.0	40.0	37.0	40.0
22-23	38.410996730613746	40.0	37.0	40.0	37.0	40.0
24-25	38.34860762877033	40.0	37.0	40.0	37.0	40.0
26-27	38.235300295930834	40.0	37.0	40.0	37.0	40.0
28-29	38.14156305355381	40.0	37.0	40.0	35.0	40.0
30-31	38.049849932922406	40.0	37.0	40.0	33.0	40.0
32-33	37.944239226050115	40.0	37.0	40.0	33.0	40.0
34-35	37.84299470163399	40.0	37.0	40.0	33.0	40.0
36-37	37.727088786935965	40.0	37.0	40.0	33.0	40.0
38-39	37.5942769705389	40.0	37.0	40.0	33.0	40.0
40-41	37.462028033774956	40.0	37.0	40.0	33.0	40.0
42-43	37.32263808737726	40.0	37.0	40.0	33.0	40.0
44-45	37.461104010166906	40.0	37.0	40.0	33.0	40.0
46-47	37.404439764283865	40.0	37.0	40.0	33.0	40.0
48-49	37.26949798406666	40.0	37.0	40.0	33.0	40.0
50-51	37.10356421644083	40.0	37.0	40.0	33.0	40.0
52-53	36.933007811629004	38.5	37.0	40.0	33.0	40.0
54-55	36.74436831447896	37.0	37.0	40.0	33.0	40.0
56-57	36.53821237622621	37.0	37.0	40.0	33.0	40.0
58-59	36.326215241125894	37.0	37.0	40.0	33.0	40.0
60-61	36.08644756519108	37.0	37.0	40.0	33.0	40.0
62-63	35.87624966945107	37.0	37.0	40.0	33.0	40.0
64-65	35.736906951105894	37.0	37.0	40.0	33.0	40.0
66-67	35.535927122014996	37.0	35.0	38.5	33.0	40.0
68-69	35.29731180107345	37.0	33.0	37.0	33.0	40.0
70-71	35.064607098184155	37.0	33.0	37.0	33.0	40.0
72-73	34.83981450073425	37.0	33.0	37.0	27.0	40.0
74-75	34.61040777711054	37.0	33.0	37.0	27.0	40.0
76-77	33.51664212199554	37.0	33.0	37.0	27.0	37.0
78-79	34.078503080901015	37.0	33.0	37.0	27.0	37.0
80-81	34.073133215747895	37.0	33.0	37.0	27.0	37.0
82-83	33.936768796598855	37.0	33.0	37.0	27.0	37.0
84-85	33.72489452559742	37.0	33.0	37.0	27.0	37.0
86-87	33.611304018953085	37.0	33.0	37.0	27.0	37.0
88-89	33.488069686308	37.0	33.0	37.0	27.0	37.0
90-91	33.324301278634884	37.0	33.0	37.0	27.0	37.0
92-93	33.13994481789897	37.0	33.0	37.0	27.0	37.0
94-95	32.934279002934446	37.0	33.0	37.0	27.0	37.0
96-97	32.781568753180366	37.0	33.0	37.0	27.0	37.0
98-99	32.59773778814449	37.0	33.0	37.0	27.0	37.0
100	31.911668161233298	33.0	33.0	37.0	22.0	37.0
>>END_MODULE
>>Per sequence quality scores	pass
#Quality	Count
2	437.0
3	315.0
4	573.0
5	1425.0
6	3291.0
7	8845.0
8	21121.0
9	41273.0
10	63590.0
11	78044.0
12	92363.0
13	104347.0
14	119411.0
15	135863.0
16	149423.0
17	166132.0
18	181560.0
19	194521.0
20	209852.0
21	232174.0
22	262096.0
23	313744.0
24	386780.0
25	493252.0
26	629472.0
27	804498.0
28	1017698.0
29	1294360.0
30	1653775.0
31	2135009.0
32	2812499.0
33	3793098.0
34	5267688.0
35	7883820.0
36	1.4330206E7
37	3.1379313E7
38	2.9003093E7
39	127909.0
>>END_MODULE
>>Per base sequence content	fail
#Base	G	A	T	C
1	24.670553966738172	14.904527982130972	13.395610246356693	47.02930780477417
2	21.04673554425652	20.731975153498766	38.47721307363239	19.74407622861232
3	23.6536273082219	23.875897866220292	25.982823416039984	26.48765140951782
4	24.608328468896023	32.15425369578394	20.736813261692912	22.500604573627122
5	28.343368958450416	31.707565227135383	21.096806643561372	18.85225917085283
6	21.882760190513835	34.36431136185968	21.796347324064712	21.956581123561776
7	19.28265735623292	16.631416337746565	40.81720044249673	23.268725863523784
8	20.619000127807507	20.518100512871506	28.466376330770764	30.39652302855022
9	21.443506567379746	20.101665321382747	30.90949131568388	27.545336795553627
10-11	25.396081822233324	29.906412549539642	20.843169941192414	23.854335687034617
12-13	23.27016713749232	23.554611901165607	27.87975125831567	25.295469703026402
14-15	23.98739212624156	24.887469617252098	26.783735465216957	24.34140279128939
16-17	24.745599014430482	25.2376607639587	25.507840805549748	24.508899416061066
18-19	24.535289246796296	25.521691837407978	25.305585662483622	24.637433253312107
20-21	24.62391783823005	25.509746338511484	25.4444553886814	24.421880434577062
22-23	24.562181483434316	25.83087736390517	25.44826941329143	24.158671739369087
24-25	24.518399345220367	25.819505346189658	25.41995531741946	24.242139991170514
26-27	24.364645338240535	25.76714393994857	25.567016071713695	24.301194650097198
28-29	24.422629348645692	25.528140091450208	25.528610237106168	24.520620322797928
30-31	24.28153773590187	25.65574265128182	25.534033753896257	24.528685858920056
32-33	24.350600282542835	25.757805532765165	25.554253338010437	24.337340846681563
34-35	24.57532136661617	25.708388527611024	25.33242334135127	24.38386676442154
36-37	24.41813805810583	25.560192069918962	25.42023525879882	24.601434613176394
38-39	24.359676797870673	25.6692862619644	25.506743482742237	24.464293457422688
40-41	24.574912420546095	25.646168474205133	25.394213099994335	24.384706005254436
42-43	24.360619935674965	25.51163375662889	25.613242148164296	24.514504159531857
44-45	24.331744168272486	25.671502256272177	25.65368843262357	24.34306514283177
46-47	24.475262415759243	25.631499550206765	25.469528915950384	24.423709118083607
48-49	24.336157654687646	25.589608196455792	25.546192071626855	24.528042077229703
50-51	24.37804948285401	25.625088774980696	25.56718352958791	24.42967821257738
52-53	24.47079294832753	25.722883815575	25.355830996916584	24.450492239180885
54-55	24.35005043510059	25.56583808752907	25.494292450713225	24.589819026657118
56-57	24.330866499792634	25.608825340841367	25.56912009322832	24.49118806613768
58-59	24.53718975486672	25.639466407926836	25.442978258396415	24.38036557881003
60-61	24.424086752737637	25.635113172266777	25.45260556999729	24.488194504998297
62-63	24.289974739277902	25.68757402659212	25.624331133595664	24.398120100534314
64-65	24.507465732738847	25.67599022590428	25.447548776307165	24.368995265049715
66-67	24.384129590550103	25.646624387399264	25.47367246000607	24.495573562044566
68-69	24.447753439108357	25.704212723308512	25.54673053309963	24.3013033044835
70-71	24.43449827298564	25.71641468725541	25.38296992955975	24.4661171101992
72-73	24.356434643064564	25.777688281949246	25.38688670305686	24.478990371929335
74-75	24.4604013535261	25.828975907003954	25.41273570024234	24.297887039227607
76-77	24.557047360034886	25.72351146714194	25.367596973115923	24.351844199707248
78-79	24.463914399522473	25.608999451291155	25.52174070219361	24.40534544699276
80-81	24.474632392115332	25.791495667591175	25.464520987045898	24.269350953247596
82-83	24.50926234383787	25.765561750050075	25.39953509188999	24.325640814222062
84-85	24.467012928709593	25.765875778557763	25.462188877701138	24.304922415031513
86-87	24.466726259565757	25.921580843182273	25.428552709495435	24.183140187756536
88-89	24.58493729224757	25.878229238846995	25.256282517024157	24.28055095188128
90-91	24.464948625082513	25.892281897247887	25.253430331672345	24.38933914599726
92-93	24.53554238007824	26.009577376408473	25.297943715831085	24.15693652768221
94-95	24.72644241430662	25.991849373686236	24.98099583409175	24.300712377915392
96-97	24.60428737597381	26.002927272850794	25.017870724352814	24.374914626822573
98-99	24.60960865335509	26.068856168289166	25.07281966929145	24.24871550906429
100	24.677648651379037	26.04009962542969	24.79018550852103	24.49206621467024
>>END_MODULE
>>Per sequence GC content	pass
#GC Content	Count
0	20.0
1	20.5
2	24.5
3	37.0
4	62.5
5	105.5
6	161.5
7	239.0
8	362.0
9	497.5
10	637.5
11	873.5
12	1209.5
13	1668.5
14	2437.5
15	3694.5
16	6027.5
17	9816.5
18	16400.5
19	27376.5
20	45536.5
21	72049.0
22	113006.5
23	170461.0
24	242963.0
25	339191.5
26	462124.0
27	600527.0
28	750553.0
29	910669.0
30	1067973.0
31	1235948.5
32	1408097.0
33	1565247.0
34	1719316.0
35	1881802.5
36	2048627.0
37	2223406.5
38	2385599.5
39	2547664.5
40	2679806.0
41	2772885.0
42	2889918.0
43	3020024.5
44	3118773.5
45	3214720.0
46	3319399.5
47	3349369.5
48	3355697.5
49	3345340.0
50	3351621.0
51	3399167.0
52	3395002.5
53	3335358.0
54	3280503.5
55	3235244.5
56	3147084.0
57	2976510.0
58	2829343.0
59	2735474.0
60	2587544.5
61	2417673.0
62	2205830.0
63	1996091.0
64	1811551.5
65	1606006.0
66	1403303.5
67	1214517.0
68	1032904.0
69	858144.0
70	692289.0
71	555394.0
72	480818.0
73	407850.0
74	330751.5
75	274254.5
76	222596.5
77	183954.5
78	144989.5
79	105915.0
80	77999.0
81	55775.0
82	37209.5
83	24903.5
84	15680.5
85	9823.0
86	6928.0
87	5018.0
88	3587.5
89	2682.0
90	2055.5
91	1621.0
92	1217.0
93	867.0
94	567.5
95	359.0
96	229.0
97	137.5
98	79.5
99	56.0
100	27.0
>>END_MODULE
>>Per base N content	pass
#Base	N-Count
1	1.096195596533238
2	2.846492367083276E-6
3	0.004832395208518375
4	3.918671158684643E-4
5	0.0
6	0.0
7	0.0
8	0.0
9	0.0
10-11	0.0
12-13	0.0
14-15	0.0
16-17	0.0
18-19	0.0
20-21	8.539477101249828E-6
22-23	0.0
24-25	0.001601151956484343
26-27	1.8976615780555173E-6
28-29	0.0
30-31	0.0
32-33	0.0
34-35	0.0
36-37	0.0
38-39	0.0
40-41	0.0
42-43	0.0
44-45	0.0
46-47	0.0
48-49	0.0
50-51	0.0
52-53	0.0
54-55	0.0
56-57	0.0
58-59	0.0
60-61	0.0
62-63	0.0
64-65	0.0
66-67	0.0
68-69	0.0
70-71	0.0
72-73	0.0
74-75	0.0
76-77	0.0
78-79	0.0
80-81	0.0
82-83	0.0
84-85	0.04790931303037862
86-87	0.0
88-89	0.0
90-91	0.0
92-93	1.8502200386041297E-5
94-95	8.031852629119978E-4
96-97	0.0024916296519868946
98-99	0.0016149100029252453
100	0.0023806164496706465
>>END_MODULE
>>Sequence Length Distribution	pass
#Length	Count
100	1.0539287E8
>>END_MODULE
>>Sequence Duplication Levels	fail
#Total Deduplicated Percentage	39.35529357102868
#Duplication Level	Percentage of deduplicated	Percentage of total
1	71.38850881346525	28.095157219518935
2	12.903659730003358	10.156546336298856
3	5.222512207471859	6.166005033100083
4	2.800199832119815	4.408107458024822
5	1.7230410946618413	3.3905394057681693
6	1.1521828260687226	2.7206696020459233
7	0.8182916971881872	2.2542876978703488
8	0.6094533840158005	1.9188173476638963
9	0.4518053992336478	1.6002840711434423
>10	2.6026877599969005	18.672275241095097
>50	0.1939467210161032	5.26664938719369
>100	0.11974907607057797	9.010489979660733
>500	0.009217010484702911	2.4862522854361346
>1k	0.004549995425721576	3.1926082943871377
>5k	1.5364170072113315E-4	0.39039775862121706
>10k+	4.081107675405099E-5	0.2709128821714645
>>END_MODULE
>>Overrepresented sequences	pass
>>END_MODULE
>>Adapter Content	pass
#Position	Illumina Universal Adapter	Illumina Small RNA 3' Adapter	Illumina Small RNA 5' Adapter	Nextera Transposase Sequence	SOLID Small RNA Adapter
1	1.1860384862846984E-4	1.1385969468333105E-5	0.0	1.3283631046388622E-5	0.0
2	1.7173837281402434E-4	7.875295548930398E-5	0.0	8.065061706735949E-5	9.488307890277587E-7
3	5.095221337079064E-4	8.349710943444277E-5	0.0	8.349710943444277E-5	1.8976615780555173E-6
4	0.0018407317307138518	8.72924325905538E-5	9.488307890277587E-7	9.39342481137481E-5	5.692984734166552E-6
5	0.002060860473768292	9.108775574666484E-5	2.846492367083276E-6	9.488307890277587E-5	5.692984734166552E-6
6	0.0024792948517295336	9.39342481137481E-5	2.846492367083276E-6	9.867840205888691E-5	5.692984734166552E-6
7	0.0026130799929824475	1.3473397204194173E-4	2.846492367083276E-6	1.0057606363694243E-4	5.692984734166552E-6
8	0.0030144354167411895	1.4422227993221933E-4	2.846492367083276E-6	1.034225560040257E-4	5.692984734166552E-6
9	0.0034309721331243757	1.518129262444414E-4	2.846492367083276E-6	1.1006437152722001E-4	5.692984734166552E-6
10-11	0.005046830966838649	1.6462214189631613E-4	3.320907761597155E-6	1.1053878692173389E-4	6.64181552319431E-6
12-13	0.0066403922770107695	1.7648252675916314E-4	3.7953231561110346E-6	1.1765501783944208E-4	7.590646312222069E-6
14-15	0.008746322213257881	2.0399861964096811E-4	3.7953231561110346E-6	1.2998981809680293E-4	7.590646312222069E-6
16-17	0.01095140496695839	2.4384951278013398E-4	4.7441539451387935E-6	1.4706877229930262E-4	8.065061706735948E-6
18-19	0.013100506704106264	2.47644835936245E-4	4.7441539451387935E-6	1.655709726853439E-4	9.013892495763708E-6
20-21	0.01509210253027553	2.5428665145943934E-4	4.7441539451387935E-6	1.7221278820853822E-4	9.488307890277587E-6
22-23	0.017025819678314104	2.637749593497169E-4	4.7441539451387935E-6	1.817010960988158E-4	1.0437138679305346E-5
24-25	0.018780207807226428	2.855980674973554E-4	4.7441539451387935E-6	2.0067771187937095E-4	1.0437138679305346E-5
26-27	0.02034293211675515	2.9650962157117455E-4	4.7441539451387935E-6	2.1633341989832897E-4	1.0437138679305346E-5
28-29	0.021842559178813517	3.083700064340216E-4	4.7441539451387935E-6	2.2250082002700942E-4	1.1385969468333105E-5
30-31	0.023183731499104257	3.26397791425549E-4	4.7441539451387935E-6	2.2914263555020371E-4	1.3758046440902501E-5
32-33	0.024377360631701178	3.4205349944450706E-4	4.7441539451387935E-6	2.4100302041305072E-4	1.61301234134719E-5
34-35	0.02556672002574747	3.605556998305483E-4	5.218569339652673E-6	2.462215897527034E-4	1.8027784991527417E-5
36-37	0.026832460298310504	3.909182850794366E-4	5.692984734166552E-6	2.5096574369784215E-4	1.8027784991527417E-5
38-39	0.02818217209570249	4.0467633152033904E-4	5.692984734166552E-6	2.5618431303749486E-4	2.0874277358610692E-5
40-41	0.02959830204832642	4.1321580862158894E-4	5.692984734166552E-6	2.623517131661753E-4	2.1823108147638452E-5
42-43	0.030943269691773266	4.212808703283249E-4	5.692984734166552E-6	2.7705859039610554E-4	2.3246354331180086E-5
44-45	0.03236082289058074	4.440528092649911E-4	5.692984734166552E-6	2.855980674973554E-4	2.4195185120207847E-5
46-47	0.03398095146284563	4.7204331754131E-4	5.692984734166552E-6	2.9745845236020237E-4	2.5618431303749484E-5
48-49	0.03610680684566233	4.986105796340872E-4	5.692984734166552E-6	3.022026063053411E-4	2.656726209277724E-5
50-51	0.03884940224134707	5.194848569926979E-4	5.692984734166552E-6	3.1690948353527143E-4	3.0362585248888277E-5
52-53	0.04222629101949686	5.636054886824887E-4	5.692984734166552E-6	3.268722068200629E-4	3.0362585248888277E-5
54-55	0.045933847327622825	5.911215815642937E-4	5.692984734166552E-6	3.358860993158266E-4	3.083700064340216E-5
56-57	0.050813684075592586	6.067772895832517E-4	5.692984734166552E-6	3.453744072061042E-4	3.273466222145767E-5
58-59	0.05869941676320229	6.229074129967236E-4	5.692984734166552E-6	3.6862076153728425E-4	3.510673919402707E-5
60-61	0.07020731098792546	6.342933824650567E-4	5.692984734166552E-6	4.203320395392971E-4	3.6055569983054834E-5
62-63	0.08470639427505865	6.779395987603336E-4	5.692984734166552E-6	4.412063168979078E-4	3.6529985377568714E-5
64-65	0.10136738851499158	7.011859530915137E-4	5.692984734166552E-6	4.573364403113797E-4	3.700440077208259E-5
66-67	0.12087582395279681	7.301252921568603E-4	5.692984734166552E-6	4.6967124056874056E-4	3.747881616659647E-5
68-69	0.1477533537135861	7.405624308361656E-4	5.692984734166552E-6	5.009826566066566E-4	3.795323156111035E-5
70-71	0.18629580919468272	7.74720339241165E-4	5.692984734166552E-6	5.256522571213784E-4	3.795323156111035E-5
72-73	0.23813423052242527	8.065061706735949E-4	5.692984734166552E-6	5.455777036909612E-4	3.937647774465198E-5
74-75	0.3011413390678136	8.302269403992889E-4	5.692984734166552E-6	5.555404269757527E-4	4.12741393227075E-5
76-77	0.372885755933964	8.435105714456775E-4	5.692984734166552E-6	5.692984734166553E-4	4.1748554717221383E-5
78-79	0.4601867280016191	8.544221255194968E-4	5.692984734166552E-6	5.764147043343634E-4	4.2697385506249144E-5
80-81	0.5749729559504357	8.696034181439408E-4	5.692984734166552E-6	6.186376744460987E-4	4.36462162952769E-5
82-83	0.7273167530213382	8.871567877409543E-4	6.167400128680432E-6	6.286003977308901E-4	4.36462162952769E-5
84-85	0.9174055132951593	9.350727425868563E-4	6.641815523194311E-6	6.490002596949869E-4	4.412063168979078E-5
86-87	1.1295384592904625	9.668585740192861E-4	8.539477101249828E-6	7.177904918994995E-4	4.459504708430466E-5
88-89	1.3678634048014824	9.834631128272718E-4	9.013892495763708E-6	7.448321693867906E-4	4.696712405687405E-5
>>END_MODULE
