##FastQC	0.11.8
>>Basic Statistics	pass
#Measure	Value
Filename	SRR3184304_reverse.gz
File type	Conventional base calls
Encoding	Sanger / Illumina 1.9
Total Sequences	61696400
Sequences flagged as poor quality	0
Sequence length	35-100
%GC	49
>>END_MODULE
>>Per base sequence quality	pass
#Base	Mean	Median	Lower Quartile	Upper Quartile	10th Percentile	90th Percentile
1	32.02078975434547	33.0	33.0	33.0	33.0	33.0
2	31.965555251197802	33.0	33.0	33.0	27.0	33.0
3	31.96161618830272	33.0	33.0	33.0	27.0	33.0
4	35.735733592235526	37.0	37.0	37.0	33.0	37.0
5	35.73853407978423	37.0	37.0	37.0	33.0	37.0
6	35.718583904409336	37.0	37.0	37.0	33.0	37.0
7	35.70379388424608	37.0	37.0	37.0	33.0	37.0
8	35.67919288645691	37.0	37.0	37.0	33.0	37.0
9	35.66581633612334	37.0	37.0	37.0	33.0	37.0
10-11	35.61516901310287	37.0	37.0	37.0	33.0	37.0
12-13	35.56178345900247	37.0	37.0	37.0	33.0	37.0
14-15	37.50798286447832	40.0	37.0	40.0	33.0	40.0
16-17	37.48575781569103	40.0	37.0	40.0	33.0	40.0
18-19	37.47611517041513	40.0	37.0	40.0	33.0	40.0
20-21	37.4358954655377	40.0	37.0	40.0	33.0	40.0
22-23	37.37682355858689	40.0	37.0	40.0	33.0	40.0
24-25	37.31837782269306	40.0	37.0	40.0	33.0	40.0
26-27	37.22889555144222	40.0	37.0	40.0	33.0	40.0
28-29	37.175321874534006	40.0	37.0	40.0	33.0	40.0
30-31	37.08612543033305	40.0	37.0	40.0	33.0	40.0
32-33	36.99694970046875	40.0	37.0	40.0	33.0	40.0
34-35	36.871196382609035	40.0	37.0	40.0	33.0	40.0
36-37	36.79268719086957	40.0	37.0	40.0	33.0	40.0
38-39	36.70486475979172	40.0	37.0	40.0	33.0	40.0
40-41	36.626687412654064	40.0	37.0	40.0	33.0	40.0
42-43	36.49663587651175	40.0	37.0	40.0	33.0	40.0
44-45	36.40163610176065	40.0	37.0	40.0	30.0	40.0
46-47	36.277330661075034	40.0	37.0	40.0	27.0	40.0
48-49	36.12194345757341	38.5	37.0	40.0	27.0	40.0
50-51	34.90894921716108	37.0	35.0	38.5	27.0	40.0
52-53	35.090009996688266	37.0	33.0	40.0	27.0	40.0
54-55	35.5994793562769	37.0	37.0	40.0	27.0	40.0
56-57	35.54242012913916	37.0	37.0	40.0	27.0	40.0
58-59	35.38067863628176	37.0	35.0	40.0	27.0	40.0
60-61	35.175205818711476	37.0	33.0	40.0	27.0	40.0
62-63	34.95102765594949	37.0	33.0	40.0	27.0	40.0
64-65	34.7347584437011	37.0	33.0	40.0	27.0	40.0
66-67	34.51711390380735	37.0	33.0	37.0	27.0	40.0
68-69	34.279705434660364	37.0	33.0	37.0	27.0	40.0
70-71	34.064403123542355	37.0	33.0	37.0	27.0	40.0
72-73	33.82720806724116	37.0	33.0	37.0	27.0	40.0
74-75	33.584734146785884	37.0	33.0	37.0	27.0	37.0
76-77	33.3919578338339	37.0	33.0	37.0	27.0	37.0
78-79	33.194943287468206	37.0	33.0	37.0	22.0	37.0
80-81	32.9934705320743	37.0	33.0	37.0	22.0	37.0
82-83	32.88700831215364	37.0	33.0	37.0	22.0	37.0
84-85	32.76283580488161	37.0	33.0	37.0	22.0	37.0
86-87	32.65679795299869	37.0	33.0	37.0	22.0	37.0
88-89	32.539305756682836	37.0	33.0	37.0	22.0	37.0
90-91	32.433864846031284	37.0	33.0	37.0	22.0	37.0
92-93	32.34543293694571	37.0	33.0	37.0	22.0	37.0
94-95	32.27136877723315	37.0	33.0	37.0	22.0	37.0
96-97	32.16062339677814	37.0	33.0	37.0	22.0	37.0
98-99	32.01456037720799	37.0	33.0	37.0	22.0	37.0
100	29.1621364712053	33.0	27.0	37.0	15.0	37.0
>>END_MODULE
>>Per sequence quality scores	pass
#Quality	Count
2	478.0
3	138.0
4	862.0
5	2403.0
6	2855.0
7	7738.0
8	24059.0
9	54791.0
10	92662.0
11	113153.0
12	128373.0
13	150495.0
14	175749.0
15	201814.0
16	228749.0
17	258037.0
18	288462.0
19	316147.0
20	342168.0
21	368550.0
22	398796.0
23	435346.0
24	481304.0
25	534945.0
26	598289.0
27	679166.0
28	789384.0
29	932751.0
30	1124092.0
31	1384344.0
32	1762452.0
33	2276251.0
34	3000115.0
35	4180573.0
36	7147426.0
37	1.6720801E7
38	1.6351513E7
39	141169.0
>>END_MODULE
>>Per base sequence content	fail
#Base	G	A	T	C
1	33.53487518001814	15.108477173555404	13.169310553663541	38.18733709276291
2	23.235772707475984	27.23284938829334	28.499254703382583	21.032123200848098
3	24.722503900035882	26.94701491997765	21.492716220787177	26.83776495919929
4	26.80140679592773	30.965921019044508	18.75002127721453	23.48265090781323
5	27.13326694705088	31.165556818118635	20.45303717890645	21.248139055924035
6	23.07843517988961	34.436086198766894	20.022168848449702	22.463309772893794
7	22.30070938636126	19.55241488033902	32.6764523870967	25.47042334620302
8	23.554324084375835	23.4367469589521	24.702133896778566	28.306795059893503
9	23.929085302503033	22.15183832151513	27.01951783624225	26.899558539739584
10-11	25.71607252182374	29.65671658011692	19.98236801374667	24.644842884312673
12-13	25.789846939194373	23.680272958583934	23.748157959654552	26.781722142567144
14-15	24.7041885739641	26.156118138330527	24.71800582303564	24.421687464669734
16-17	25.3822604838021	25.727428070723047	24.003932337797124	24.88637910767773
18-19	24.90848919698741	26.083699928907762	24.295211340775253	24.712599533329573
20-21	24.809352405447356	26.2112098770961	24.307223243317914	24.672214474138627
22-23	25.015616919805527	26.18411437989141	24.126003308995674	24.674265391307383
24-25	24.81431075235304	26.168378326947984	24.271487774570964	24.74582314612801
26-27	24.740648534359693	26.36695395946559	24.277005354541465	24.615392151633255
28-29	25.08057833736182	25.948830680017075	24.17382878913112	24.796762193489982
30-31	24.707165537704128	26.024864884513736	24.4273759621896	24.84059361559253
32-33	24.65423487903122	26.172856705500102	24.37840892941907	24.794499486049602
34-35	25.012323613593672	26.030193376195715	24.02161419873553	24.935868811475085
36-37	24.713062086053636	26.00606377690936	24.347356841999503	24.933517295037504
38-39	24.56019525993089	26.244200932533534	24.282360992713894	24.91324281482168
40-41	24.961207777797068	25.894974071769024	24.112202682937774	25.031615467496138
42-43	24.70787687895923	25.993182761045368	24.233984457237646	25.064955902757756
44-45	24.622846446423864	26.109631129359617	24.381849361320278	24.88567306289624
46-47	24.95067745632582	25.865186194408267	24.10411758545058	25.080018763815325
48-49	24.71730698910503	25.990060190669872	24.297812518392746	24.994820301832345
50-51	24.622439975287676	26.104849055223323	24.303167881550145	24.969543087938856
52-53	24.833178835861208	25.96295874085845	24.10494523081517	25.098917192465176
54-55	24.55982036680556	26.02922114386662	24.321457302458917	25.0895011868689
56-57	24.540075786452896	26.182278478505662	24.366050046383677	24.911595688657766
58-59	24.851899963540536	25.971475075600015	24.08757367089175	25.089051289967706
60-61	24.55937856834866	26.08034799320057	24.338524634944587	25.021748803506178
62-63	24.565029451236274	26.3713974544867	24.259252094415487	24.804320999861538
64-65	24.76133644471225	26.150791982065158	24.067131277679092	25.020740295543504
66-67	24.59629495424537	26.27294617348201	24.12778886955625	25.002970002716374
68-69	24.60608638168781	26.482506024849407	24.126681466641177	24.784726126821603
70-71	24.762547463431765	26.188626638907213	24.02283622376117	25.025989673899847
72-73	24.65430861507064	26.33157295485154	24.167236985268126	24.846881444809696
74-75	24.66009978015035	26.519784951070953	24.10164438452556	24.71847088425314
76-77	24.852772120621395	26.252124554674044	23.95526115924502	24.939842165459535
78-79	24.569841230320787	26.25387074265968	24.23721077939059	24.939077247628948
80-81	24.563937138106276	26.48219039748718	24.22789898265812	24.725973481748422
82-83	24.786982248666572	26.27876570677164	24.061244869825106	24.87300717473668
84-85	24.641854598914286	26.328442680723864	24.131442527310572	24.898260193051282
86-87	24.558531082154023	26.529908646129314	24.109551093975874	24.802009177740786
88-89	24.77043856303456	26.3054919360308	23.996252721847558	24.927816779087088
90-91	24.559610955189747	26.38344847173763	24.169082391018783	24.88785818205384
92-93	24.56808007844623	26.596870514096427	24.082988511648946	24.752060895808395
94-95	24.8607465331362	26.278991522815232	23.919941880973166	24.9403200630754
96-97	24.595172848196707	26.220705987443687	24.119830336943952	25.064290827415647
98-99	24.928010515917663	22.846588696798797	25.681267228289684	26.544133558993856
100	26.739010105746942	0.0	35.05874375413657	38.202246140116486
>>END_MODULE
>>Per sequence GC content	pass
#GC Content	Count
0	7663.0
1	4952.5
2	2343.5
3	2800.0
4	3521.0
5	4378.0
6	5985.5
7	8045.5
8	10822.0
9	14191.0
10	17792.0
11	23099.0
12	27688.0
13	29473.5
14	29990.0
15	29800.5
16	29551.0
17	29848.5
18	30944.0
19	33706.0
20	39191.5
21	47436.0
22	59731.5
23	77997.5
24	102555.5
25	138284.0
26	183417.0
27	237437.0
28	301769.0
29	373577.5
30	455439.5
31	552472.5
32	661444.5
33	774879.5
34	892524.0
35	1028453.5
36	1175102.0
37	1330788.0
38	1451899.0
39	1551534.5
40	1659583.0
41	1724419.5
42	1794026.0
43	1906615.0
44	1968465.0
45	1994779.5
46	1989674.0
47	1960708.0
48	1962155.0
49	1947319.0
50	1938864.5
51	1934583.5
52	1919329.5
53	1898866.5
54	1862009.0
55	1810294.5
56	1731695.0
57	1636246.0
58	1583697.0
59	1551659.5
60	1501898.0
61	1425742.0
62	1308853.0
63	1185706.0
64	1075565.5
65	968997.5
66	862526.5
67	768151.0
68	678426.0
69	599277.0
70	516136.0
71	429326.0
72	365703.5
73	312166.0
74	264872.0
75	223101.0
76	187301.0
77	164938.5
78	150275.0
79	132107.5
80	112584.0
81	96055.5
82	83796.5
83	72777.5
84	62646.5
85	51749.5
86	43579.0
87	38193.0
88	32515.0
89	27237.0
90	23272.5
91	21874.5
92	19120.5
93	14157.5
94	11037.5
95	9479.0
96	8767.5
97	7238.0
98	5407.5
99	3661.0
100	1951.5
>>END_MODULE
>>Per base N content	pass
#Base	N-Count
1	0.029003312997192703
2	0.005694011319947355
3	0.01378686600838947
4	0.017333264177488476
5	0.01289054142543163
6	0.007175459184004253
7	0.002935341446178383
8	0.0011767299226535099
9	7.666573738500139E-4
10-11	9.263101250640231E-4
12-13	0.001436874760926083
14-15	0.002876991202079862
16-17	0.0037449510830453643
18-19	0.011063044197068226
20-21	0.036836022847362246
22-23	0.06177751051925234
24-25	0.07546550528069709
26-27	0.07399054077709558
28-29	0.052165118224077905
30-31	0.03075868284048988
32-33	0.025668434462950838
34-35	0.03256429872731634
36-37	0.031019542238667066
38-39	0.027514881929806348
40-41	0.04445251332544005
42-43	0.06644793808347119
44-45	0.09711208850512507
46-47	0.12263187522941747
48-49	0.12373575051231674
50-51	0.07728611294852512
52-53	0.06196449220042692
54-55	0.07155377118063844
56-57	0.07184874149971175
58-59	0.06899397672945218
60-61	0.08101230676532489
62-63	0.09181814406530941
64-65	0.08735252658195827
66-67	0.10774731666341911
68-69	0.11190959907030823
70-71	0.10158430830946985
72-73	0.0889386914368756
74-75	0.07670806337410484
76-77	0.09107859674358393
78-79	0.10161803526204594
80-81	0.1066367332497337
82-83	0.1155533417516428
84-85	0.11252626358268313
86-87	0.10043147167932229
88-89	0.11008780771998054
90-91	0.10501965694610807
92-93	0.10517749983929485
94-95	0.1062743856194259
96-97	0.099880409570843
98-99	0.13675942739621044
100	0.017177922652227617
>>END_MODULE
>>Sequence Length Distribution	warn
#Length	Count
34-35	4306.0
36-37	1412.0
38-39	1868.0
40-41	2240.0
42-43	2904.0
44-45	3403.0
46-47	4099.0
48-49	5097.0
50-51	6435.0
52-53	7982.0
54-55	9794.0
56-57	11884.0
58-59	14767.0
60-61	18147.0
62-63	22529.0
64-65	28025.0
66-67	33682.0
68-69	41019.0
70-71	50685.0
72-73	61866.0
74-75	75487.0
76-77	91129.0
78-79	109097.0
80-81	130406.0
82-83	156165.0
84-85	186132.0
86-87	217815.0
88-89	253926.0
90-91	291151.0
92-93	323258.0
94-95	439269.0
96-97	1979421.0
98-99	1.8613912E7
100-101	3.8497088E7
>>END_MODULE
>>Sequence Duplication Levels	fail
#Total Deduplicated Percentage	35.18278200758393
#Duplication Level	Percentage of deduplicated	Percentage of total
1	68.12957713716715	23.96988060685826
2	13.758953273850008	9.681565073727963
3	5.770285474409039	6.0904408790298366
4	3.2542203991096925	4.579701076260364
5	1.9999552660368236	3.5181995074946544
6	1.3986242707001495	2.952449569593565
7	0.9773421803939386	2.4069931815731698
8	0.7051517828196966	1.9847361165763644
9	0.5520820863621614	1.748140532529484
>10	3.0807916036313943	19.537896321196325
>50	0.212181112502362	5.152701110310156
>100	0.1392831202498318	9.646466615068002
>500	0.013933735304095914	3.3621811583405674
>1k	0.007337456704793432	4.402475701564143
>5k	1.981529940025891E-4	0.48770372647120497
>10k+	8.294776493131636E-5	0.4784688234058916
>>END_MODULE
>>Overrepresented sequences	pass
>>END_MODULE
>>Adapter Content	pass
#Position	Illumina Universal Adapter	Illumina Small RNA 3' Adapter	Illumina Small RNA 5' Adapter	Nextera Transposase Sequence	SOLID Small RNA Adapter
1	0.0	1.6208401138478096E-6	0.0	4.862520341543429E-6	0.0
2	0.0	6.4833604553912384E-6	0.0	4.862520341543429E-6	0.0
3	1.6208401138478096E-6	9.725040683086858E-6	0.0	4.862520341543429E-6	1.6208401138478096E-6
4	1.6208401138478096E-6	9.725040683086858E-6	0.0	4.862520341543429E-6	1.6208401138478096E-6
5	1.6208401138478096E-6	9.725040683086858E-6	0.0	8.104200569239047E-6	1.6208401138478096E-6
6	4.862520341543429E-6	9.725040683086858E-6	0.0	1.1345880796934666E-5	1.6208401138478096E-6
7	4.862520341543429E-6	1.6208401138478094E-5	0.0	1.2966720910782477E-5	1.6208401138478096E-6
8	4.862520341543429E-6	1.9450081366173715E-5	0.0	1.4587561024630286E-5	1.6208401138478096E-6
9	6.4833604553912384E-6	2.1070921480021526E-5	0.0	1.6208401138478094E-5	1.6208401138478096E-6
10-11	6.4833604553912384E-6	3.241680227695619E-5	0.0	1.9450081366173712E-5	1.6208401138478096E-6
12-13	8.104200569239047E-6	4.457310313081476E-5	0.0	2.3502181650793236E-5	1.6208401138478096E-6
14-15	8.914620626162952E-6	5.4298143813901625E-5	0.0	2.755428193541276E-5	1.6208401138478096E-6
16-17	1.1345880796934666E-5	6.159192432621676E-5	0.0	3.241680227695619E-5	1.6208401138478096E-6
18-19	1.7829241252325905E-5	6.159192432621676E-5	0.0	3.4848062447727906E-5	3.2416802276956192E-6
20-21	1.863966130924981E-5	6.321276444006457E-5	0.0	3.890016273234743E-5	3.2416802276956192E-6
22-23	1.9450081366173715E-5	7.131696500930362E-5	0.0	4.214184296004305E-5	9.725040683086858E-6
24-25	2.1070921480021526E-5	8.185242574931439E-5	0.0	4.2952263016966955E-5	9.725040683086858E-6
26-27	2.512302176464105E-5	8.42836859200861E-5	0.0	4.5383523187738666E-5	1.2966720910782477E-5
28-29	2.9985542106184478E-5	8.914620626162952E-5	0.0	4.6193943244662576E-5	1.7829241252325905E-5
30-31	3.646890256157572E-5	9.238788648932515E-5	0.0	5.02460435292821E-5	1.9450081366173715E-5
32-33	4.133142290311914E-5	1.0211292717241201E-4	0.0	5.510856387082553E-5	2.1070921480021526E-5
34-35	5.510856387082552E-5	1.0940670768472715E-4	0.0	5.835024409852114E-5	2.2691761593869333E-5
36-37	6.969612489545581E-5	1.345297294493682E-4	0.0	5.835024409852114E-5	2.2691761593869333E-5
38-39	1.0535460740010764E-4	1.4749645036015067E-4	0.0	5.835024409852114E-5	2.4312601707717143E-5
40-41	1.2642552888012914E-4	1.5397981081554193E-4	0.0	5.9971084212368956E-5	2.4312601707717143E-5
42-43	1.6046317127093316E-4	1.5965275121400925E-4	1.6208401138478096E-6	6.240234438314066E-5	2.4312601707717143E-5
44-45	1.9936333400328058E-4	1.7586115235248734E-4	1.6208401138478096E-6	6.321276444006457E-5	2.512302176464105E-5
46-47	2.536614778171822E-4	1.855861930355742E-4	1.6208401138478096E-6	6.321276444006457E-5	2.7554281935412764E-5
48-49	3.3389306345264877E-4	1.9287997354788935E-4	1.6208401138478096E-6	6.8075284781608E-5	3.1606382220032285E-5
50-51	4.238496897712022E-4	1.9774249388943276E-4	3.2416802276956192E-6	7.212738506622753E-5	3.241680227695619E-5
52-53	5.672940398467334E-4	2.009841741171284E-4	3.2416802276956192E-6	7.698990540777096E-5	3.322722233388009E-5
54-55	7.172217503776557E-4	2.0665711451559572E-4	3.2416802276956192E-6	8.347326586316219E-5	3.4037642390804E-5
56-57	9.165850843809363E-4	2.188134153694543E-4	3.2416802276956192E-6	8.671494609085781E-5	3.4037642390804E-5
58-59	0.0011386401799780863	2.2610719588176943E-4	3.2416802276956192E-6	8.995662631855343E-5	3.808974267542353E-5
60-61	0.0014368747609260833	2.358322365648563E-4	3.2416802276956192E-6	9.238788648932515E-5	4.052100284619524E-5
62-63	0.0017764407647771993	2.4474685719101923E-4	3.2416802276956192E-6	9.400872660317296E-5	4.133142290311914E-5
64-65	0.002158959031645282	2.47178117361791E-4	3.2416802276956192E-6	9.806082688779248E-5	4.376268307389086E-5
66-67	0.0026395381254011576	2.504197975894866E-4	3.2416802276956192E-6	1.0373376728625982E-4	4.6193943244662576E-5
68-69	0.0031962967045078804	2.544718978741061E-4	3.2416802276956192E-6	1.0859628762780325E-4	4.781478335851038E-5
70-71	0.003608800513482148	2.666281987279647E-4	3.2416802276956192E-6	1.1183796785549886E-4	4.862520341543429E-5
72-73	0.004138004810653458	2.7554281935412766E-4	3.2416802276956192E-6	1.1507964808319448E-4	4.862520341543429E-5
74-75	0.004847932780518798	2.941824806633774E-4	3.2416802276956192E-6	1.1670048819704229E-4	4.862520341543429E-5
76-77	0.005556239910270291	3.0228668123261646E-4	4.862520341543429E-6	1.175109082539662E-4	4.862520341543429E-5
78-79	0.006083823367327754	3.1282214197262727E-4	4.862520341543429E-6	1.2156300853858572E-4	4.943562347235819E-5
80-81	0.006782405456396159	3.225471826557141E-4	4.862520341543429E-6	1.2399426870935744E-4	5.02460435292821E-5
82-83	0.008117977710206755	3.3470348350957265E-4	4.862520341543429E-6	1.2642552888012914E-4	5.02460435292821E-5
84-85	0.009243651169274059	3.5010146459112687E-4	5.672940398467333E-6	1.2804636899397696E-4	5.02460435292821E-5
86-87	0.009898470575268572	3.6468902561575715E-4	9.725040683086858E-6	1.329088893355204E-4	5.1056463586206004E-5
88-89	0.009909006036008583	3.7360364624192013E-4	1.1345880796934666E-5	1.337193093924443E-4	5.267730370005381E-5
>>END_MODULE
