##FastQC	0.11.8
>>Basic Statistics	pass
#Measure	Value
Filename	SRR3184303_2.gz
File type	Conventional base calls
Encoding	Sanger / Illumina 1.9
Total Sequences	60080567
Sequences flagged as poor quality	0
Sequence length	27-100
%GC	48
>>END_MODULE
>>Per base sequence quality	pass
#Base	Mean	Median	Lower Quartile	Upper Quartile	10th Percentile	90th Percentile
1	32.07237067186799	33.0	33.0	33.0	33.0	33.0
2	32.021841305192744	33.0	33.0	33.0	27.0	33.0
3	32.02367158086241	33.0	33.0	33.0	27.0	33.0
4	35.81947645400883	37.0	37.0	37.0	33.0	37.0
5	35.82247361280728	37.0	37.0	37.0	33.0	37.0
6	35.80267499805719	37.0	37.0	37.0	33.0	37.0
7	35.78114960200026	37.0	37.0	37.0	33.0	37.0
8	35.75319061153334	37.0	37.0	37.0	33.0	37.0
9	35.72237445761788	37.0	37.0	37.0	33.0	37.0
10-11	35.625194632400856	37.0	37.0	37.0	33.0	37.0
12-13	35.54364745758808	37.0	37.0	37.0	33.0	37.0
14-15	37.49186282646101	40.0	37.0	40.0	33.0	40.0
16-17	37.48069504736864	40.0	37.0	40.0	33.0	40.0
18-19	37.47961830986049	40.0	37.0	40.0	33.0	40.0
20-21	37.44601791957123	40.0	37.0	40.0	33.0	40.0
22-23	37.382935467303426	40.0	37.0	40.0	33.0	40.0
24-25	37.3247281604383	40.0	37.0	40.0	33.0	40.0
26-27	37.238783199233126	40.0	37.0	40.0	33.0	40.0
28-29	37.17894712409999	40.0	37.0	40.0	33.0	40.0
30-31	37.07621031027254	40.0	37.0	40.0	33.0	40.0
32-33	36.98222107601299	40.0	37.0	40.0	33.0	40.0
34-35	36.85568651981718	40.0	37.0	40.0	33.0	40.0
36-37	36.77052481057059	40.0	37.0	40.0	33.0	40.0
38-39	36.674820373557694	40.0	37.0	40.0	33.0	40.0
40-41	36.590524518868904	40.0	37.0	40.0	33.0	40.0
42-43	36.46006903016827	40.0	37.0	40.0	30.0	40.0
44-45	36.36882517727892	40.0	37.0	40.0	27.0	40.0
46-47	36.23870740506677	40.0	37.0	40.0	27.0	40.0
48-49	36.07872208663771	38.5	37.0	40.0	27.0	40.0
50-51	34.86001865463358	37.0	35.0	38.5	24.5	40.0
52-53	35.02425979402635	37.0	33.0	40.0	27.0	40.0
54-55	35.52532527581735	37.0	37.0	40.0	27.0	40.0
56-57	35.45737923599966	37.0	37.0	40.0	27.0	40.0
58-59	35.284570205977005	37.0	33.0	40.0	27.0	40.0
60-61	35.06652363163166	37.0	33.0	40.0	27.0	40.0
62-63	34.82466859261817	37.0	33.0	40.0	27.0	40.0
64-65	34.59527627533595	37.0	33.0	40.0	27.0	40.0
66-67	34.372548636398065	37.0	33.0	37.0	27.0	40.0
68-69	34.12355570701058	37.0	33.0	37.0	27.0	40.0
70-71	33.891128426357284	37.0	33.0	37.0	27.0	40.0
72-73	33.64215204460652	37.0	33.0	37.0	24.5	40.0
74-75	33.386354663349266	37.0	33.0	37.0	22.0	37.0
76-77	33.18411620201162	37.0	33.0	37.0	22.0	37.0
78-79	32.979489617764756	37.0	33.0	37.0	22.0	37.0
80-81	32.77121482247915	37.0	33.0	37.0	22.0	37.0
82-83	32.65165634094434	37.0	33.0	37.0	22.0	37.0
84-85	32.51714107403662	37.0	33.0	37.0	22.0	37.0
86-87	32.39406453718807	37.0	33.0	37.0	22.0	37.0
88-89	32.2630760209648	37.0	33.0	37.0	22.0	37.0
90-91	32.14663176573323	37.0	33.0	37.0	22.0	37.0
92-93	32.04271088912043	37.0	33.0	37.0	22.0	37.0
94-95	31.948531628658607	37.0	33.0	37.0	22.0	37.0
96-97	31.81475939401425	35.0	33.0	37.0	18.5	37.0
98-99	31.654454096833152	33.0	33.0	37.0	15.0	37.0
100	28.7424782685319	33.0	27.0	37.0	15.0	37.0
>>END_MODULE
>>Per sequence quality scores	pass
#Quality	Count
6	361.0
7	4251.0
8	15010.0
9	31422.0
10	52414.0
11	78406.0
12	106487.0
13	138261.0
14	169759.0
15	202519.0
16	234167.0
17	269973.0
18	308298.0
19	342430.0
20	374177.0
21	405374.0
22	438158.0
23	478466.0
24	525627.0
25	578387.0
26	633143.0
27	701404.0
28	810197.0
29	955601.0
30	1137115.0
31	1394163.0
32	1768756.0
33	2249811.0
34	2945722.0
35	4070282.0
36	6886209.0
37	1.5984729E7
38	1.5650245E7
39	139243.0
>>END_MODULE
>>Per base sequence content	fail
#Base	G	A	T	C
1	33.90876484343382	16.490794025237975	12.8442894868078	36.75615164452041
2	22.674466437708553	28.827098119763082	28.17329270544334	20.325142737085024
3	24.234676413756215	28.81690846892307	21.054811283655162	25.89360383366555
4	26.17486615930239	33.288517400310155	18.318252555772318	22.218363884615137
5	26.5197247555936	33.322345310090036	19.829824508813306	20.328105425503058
6	22.589686944865218	36.368499984362664	19.565394580913324	21.47641848985879
7	21.67436269368097	21.065904720905845	32.50109806720033	24.75863451821285
8	23.019927558273544	24.895504065399383	24.714086003882088	27.370482372444986
9	23.425021937625857	23.575814455945466	26.756300419068946	26.24286318735973
10-11	24.947138065458006	31.70332846559188	19.79651756615413	23.55301590279599
12-13	25.16528264455294	25.502897634105214	23.811681903734364	25.52013781760748
14-15	24.074196070752794	28.030915553776314	24.892844303549932	23.00204407192096
16-17	24.55331272090025	27.598579420863324	24.176313948568428	23.671793909667997
18-19	24.14113868133102	28.032437676561873	24.41765404777222	23.40876959433489
20-21	24.249822742185508	28.05256564905588	24.447246811102833	23.250364797655788
22-23	24.35525117464354	28.241545223765947	24.245697448228142	23.157506153362366
24-25	24.137268045423074	28.09836997710092	24.419159526240822	23.34520245123519
26-27	24.035374865886336	28.199614860492243	24.44370157159136	23.32130870203006
28-29	24.704942859559612	27.78247212251629	24.4622212780086	23.0503637399155
30-31	24.23091643695428	28.00055641953434	24.551680730698855	23.21684641281253
32-33	24.151667075576007	27.979283213839178	24.548985312710457	23.320064397874358
34-35	24.45429442470825	27.905928887031052	24.234447099615025	23.40532958864567
36-37	24.26351746913408	27.962843828852428	24.389285194060644	23.38435350795285
38-39	24.185053737158302	27.981294017059078	24.4580483090771	23.37560393670552
40-41	24.7118668526965	27.587180175429687	24.288581264576305	23.41237170729751
42-43	24.196323069365366	27.95369110848047	24.285305637082537	23.56468018507162
44-45	24.288651092657158	27.970470592355305	24.40784851152064	23.333029803466896
46-47	24.445133790433168	27.823908007596536	24.27825699785398	23.452701204116313
48-49	24.275141801894137	27.98322857737807	24.364102183581256	23.37752743714653
50-51	24.210945686464783	27.92045955824832	24.426499338710897	23.442095416576
52-53	24.281443579271507	27.98156251731395	24.301974030399208	23.435019873015335
54-55	24.044692001482865	28.11142039082521	24.426344101551425	23.4175435061405
56-57	24.157667117159615	27.98657060315862	24.423330911126676	23.432431368555093
58-59	24.43715448651357	28.065963605846793	23.991427376123873	23.505454531515763
60-61	24.35696086631137	27.96489138207353	24.361290369259923	23.316857382355177
62-63	24.306424784509975	28.14341606751159	24.24115770256136	23.309001445417078
64-65	24.398434550193308	28.041481820282822	24.168522270491216	23.391561359032657
66-67	24.34910137846842	28.210227679904005	24.088907961208363	23.35176298041921
68-69	24.349812214161652	28.415591357219576	24.14346092441305	23.091135504205727
70-71	24.452665774294548	28.196431092276814	24.093207803327505	23.257695330101132
72-73	24.454585942000477	28.335864895415913	24.19989551286336	23.009653649720253
74-75	24.346130385821915	28.506868850041556	24.169313215540125	22.9776875485964
76-77	24.476235742705107	28.410686014420833	23.971236642972844	23.141841599901213
78-79	24.308302543213195	28.371150928172113	24.10524523237205	23.215301296242643
80-81	24.282046243278007	28.482499931140726	24.139543342133564	23.095910483447703
82-83	24.466443163976997	28.368155515111894	23.971828308829227	23.193573012081885
84-85	24.388945230109314	28.457071065553997	23.99715749267467	23.156826211662022
86-87	24.35967717127584	28.590743894722966	23.966047196658185	23.08353173734301
88-89	24.34103697226334	28.49194369518725	23.89818005358471	23.268839278964702
90-91	24.22417598887037	28.562547954979745	24.015913872620597	23.197362183529286
92-93	24.286998201741667	28.663424818723684	23.981041689781772	23.068535289752877
94-95	24.565920177818885	28.31267506826392	23.813917343891188	23.30748741002601
96-97	24.246365009297	27.91437916263193	24.21200645064115	23.627249377429912
98-99	24.30037608907984	24.615151440559547	25.87627560683408	25.208196863526528
100	27.283703364011235	0.0	36.08953892393377	36.62675771205499
>>END_MODULE
>>Per sequence GC content	pass
#GC Content	Count
0	26752.0
1	16673.5
2	6423.0
3	7218.0
4	8992.0
5	10795.0
6	14911.0
7	20358.5
8	28151.5
9	37190.0
10	43781.0
11	52358.5
12	59160.0
13	59902.5
14	58369.5
15	55908.5
16	53617.0
17	52711.0
18	54127.5
19	57855.5
20	64696.0
21	76097.5
22	93329.0
23	118024.0
24	151784.0
25	197783.0
26	260640.5
27	338730.0
28	425268.5
29	519104.5
30	629823.0
31	755466.0
32	892611.0
33	1025044.5
34	1147889.0
35	1290918.0
36	1440284.0
37	1566447.5
38	1639641.5
39	1704342.5
40	1758257.5
41	1788560.5
42	1833482.0
43	1890500.0
44	1896967.0
45	1898269.5
46	1886880.0
47	1848321.0
48	1848913.0
49	1837072.5
50	1807918.5
51	1778947.0
52	1734171.5
53	1678639.5
54	1633078.0
55	1579221.5
56	1523967.5
57	1460491.5
58	1409818.0
59	1359914.0
60	1285353.0
61	1198197.5
62	1098278.5
63	998520.5
64	903716.5
65	816055.0
66	733915.0
67	659566.5
68	573377.5
69	483144.0
70	406029.0
71	337418.5
72	285514.5
73	238669.5
74	199136.0
75	164701.0
76	135294.0
77	117759.5
78	104178.0
79	89448.5
80	76693.0
81	65383.0
82	56760.5
83	51898.0
84	48092.5
85	41831.5
86	35755.5
87	31647.5
88	27109.0
89	22611.0
90	18955.5
91	17796.5
92	15856.5
93	12081.0
94	9404.0
95	7736.0
96	6971.5
97	5942.0
98	4636.5
99	3248.0
100	1887.0
>>END_MODULE
>>Per base N content	pass
#Base	N-Count
1	0.009886724271427064
2	0.0
3	0.0
4	0.0
5	0.0
6	0.0
7	0.0
8	0.0
9	0.0
10-11	0.0
12-13	0.0
14-15	0.0
16-17	0.0
18-19	0.0
20-21	0.0
22-23	0.0
24-25	0.0
26-27	0.0
28-29	0.0
30-31	0.0
32-33	0.0
34-35	0.0018533456955180715
36-37	8.322649271042454E-6
38-39	8.322928424363616E-6
40-41	6.159226167475702E-5
42-43	3.7123793634857556E-4
44-45	8.074515020903754E-5
46-47	0.014775820238048628
48-49	0.0159868970386134
50-51	0.0
52-53	0.0
54-55	0.0
56-57	0.0
58-59	0.0
60-61	2.7507423565934855E-5
62-63	8.338816313529887E-7
64-65	0.0
66-67	8.013573189929772E-5
68-69	0.00105500068570868
70-71	8.360032001199297E-7
72-73	0.0
74-75	3.837425282690469E-4
76-77	0.0010530563079780393
78-79	0.0036118282980703623
80-81	0.003516542680110051
82-83	0.004080790430108219
84-85	0.0020891634996122303
86-87	3.169819753511077E-4
88-89	8.661090619549059E-4
90-91	4.115462383773555E-4
92-93	1.181078192833464E-4
94-95	0.0011448853445971984
96-97	9.706563930126803E-4
98-99	0.0029193429979390913
100	0.0
>>END_MODULE
>>Sequence Length Distribution	warn
#Length	Count
26-27	1.0
28-29	1.0
30-31	6.0
32-33	18.0
34-35	3055.0
36-37	1932.0
38-39	2399.0
40-41	2967.0
42-43	3637.0
44-45	4329.0
46-47	5256.0
48-49	6450.0
50-51	8033.0
52-53	9924.0
54-55	11632.0
56-57	14096.0
58-59	17598.0
60-61	22417.0
62-63	26648.0
64-65	32482.0
66-67	38829.0
68-69	46690.0
70-71	57813.0
72-73	68956.0
74-75	83376.0
76-77	98781.0
78-79	117342.0
80-81	139791.0
82-83	165974.0
84-85	197921.0
86-87	232022.0
88-89	268692.0
90-91	308433.0
92-93	372126.0
94-95	771231.0
96-97	2470942.0
98-99	1.8414369E7
100-101	3.6054398E7
>>END_MODULE
>>Sequence Duplication Levels	fail
#Total Deduplicated Percentage	42.6335196449936
#Duplication Level	Percentage of deduplicated	Percentage of total
1	73.07104532540012	31.152758463606638
2	13.750959804669657	11.725036299398026
3	4.863435315886684	6.220360952460319
4	2.3954392107989	4.085040186079316
5	1.3884552189179273	2.959736642596568
6	0.8914524203039191	2.280345256416254
7	0.613319744841185	1.8303585573244383
8	0.46268867527348123	1.5780837381430424
9	0.33818531767649074	1.2976227346328164
>10	1.9636065059826284	15.135520653563644
>50	0.14632315623389563	4.312897208328053
>100	0.09870161145290651	8.331078006861205
>500	0.01013818728829137	2.9682014291794885
>1k	0.005866798422117045	4.363918473438041
>5k	2.96793068806309E-4	0.8482561442268886
>10k+	8.59137830755105E-5	0.9107852537456804
>>END_MODULE
>>Overrepresented sequences	pass
>>END_MODULE
>>Adapter Content	pass
#Position	Illumina Universal Adapter	Illumina Small RNA 3' Adapter	Illumina Small RNA 5' Adapter	Nextera Transposase Sequence	SOLID Small RNA Adapter
1	0.0	1.664431695526442E-6	0.0	0.0	0.0
2	4.993295086579326E-6	6.657726782105768E-6	0.0	6.657726782105768E-6	1.664431695526442E-6
3	6.657726782105768E-6	6.657726782105768E-6	0.0	6.657726782105768E-6	3.328863391052884E-6
4	6.657726782105768E-6	6.657726782105768E-6	0.0	6.657726782105768E-6	6.657726782105768E-6
5	6.657726782105768E-6	6.657726782105768E-6	1.664431695526442E-6	6.657726782105768E-6	6.657726782105768E-6
6	6.657726782105768E-6	6.657726782105768E-6	1.664431695526442E-6	9.986590173158652E-6	6.657726782105768E-6
7	6.657726782105768E-6	8.32215847763221E-6	1.664431695526442E-6	9.986590173158652E-6	6.657726782105768E-6
8	6.657726782105768E-6	8.32215847763221E-6	1.664431695526442E-6	1.4979885259737979E-5	6.657726782105768E-6
9	6.657726782105768E-6	1.3315453564211536E-5	1.664431695526442E-6	1.664431695526442E-5	6.657726782105768E-6
10-11	6.657726782105768E-6	1.4147669411974757E-5	1.664431695526442E-6	1.664431695526442E-5	7.489942629868989E-6
12-13	7.489942629868989E-6	1.8308748650790864E-5	1.664431695526442E-6	1.8308748650790864E-5	9.154374325395432E-6
14-15	9.154374325395432E-6	1.9973180346317304E-5	1.664431695526442E-6	2.579869128065985E-5	1.2483237716448314E-5
16-17	1.2483237716448314E-5	3.744971314934494E-5	1.664431695526442E-6	3.4120849758292064E-5	1.4979885259737979E-5
18-19	1.664431695526442E-5	3.994636069263461E-5	1.664431695526442E-6	3.4953065606055286E-5	1.58121011075012E-5
20-21	1.8308748650790864E-5	4.077857654039783E-5	1.664431695526442E-6	3.4953065606055286E-5	1.7476532803027643E-5
22-23	2.1637612041843747E-5	4.4107439931450715E-5	1.664431695526442E-6	3.828192899710817E-5	1.830874865079086E-5
24-25	2.1637612041843747E-5	4.577187162697716E-5	1.664431695526442E-6	4.577187162697716E-5	1.9140964498554082E-5
26-27	2.1637612041843747E-5	4.660408747474038E-5	1.664431695526442E-6	5.076516671355648E-5	2.0805396194080525E-5
28-29	2.1637612041843747E-5	5.242959840908292E-5	1.664431695526442E-6	5.908732519118869E-5	2.2469827889606968E-5
30-31	2.2469827889606968E-5	5.326181425684614E-5	3.328863391052884E-6	6.990613121211057E-5	2.7463122976186293E-5
32-33	3.57852814538185E-5	5.326181425684614E-5	3.328863391052884E-6	7.406721045092666E-5	3.4953065606055286E-5
34-35	5.575846180013581E-5	5.575846180013581E-5	3.328863391052884E-6	8.32215847763221E-5	3.661749730158172E-5
36-37	7.9060505537506E-5	7.1570562907637E-5	3.328863391052884E-6	8.987931155842787E-5	3.9114144844871386E-5
38-39	1.1151692360027162E-4	7.822828968974277E-5	3.328863391052884E-6	9.570482249277043E-5	4.161079238816105E-5
40-41	1.697720329436971E-4	8.821487986290143E-5	3.328863391052884E-6	9.736925418829686E-5	4.327522408368749E-5
42-43	2.5549026526330886E-4	9.48726066450072E-5	3.328863391052884E-6	9.820147003606007E-5	4.993295086579326E-5
44-45	3.5369173529936897E-4	1.0069811757934974E-4	3.328863391052884E-6	1.0153033342711296E-4	5.4926245952372586E-5
46-47	4.7186638568174634E-4	1.0236254927487617E-4	3.328863391052884E-6	1.0652362851369229E-4	5.825510934342547E-5
48-49	6.183363748880732E-4	1.0818806020921873E-4	3.328863391052884E-6	1.1318135529579806E-4	5.825510934342547E-5
50-51	7.972627821571657E-4	1.106847077525084E-4	3.328863391052884E-6	1.2400016131671994E-4	5.9919541038951915E-5
52-53	0.0010594107742025803	1.1401357114356129E-4	3.328863391052884E-6	1.3731561488093149E-4	6.0751756886715136E-5
54-55	0.0014189280204362918	1.1734243453461417E-4	3.328863391052884E-6	1.3981226242422114E-4	6.408062027776803E-5
56-57	0.0018425258869477713	1.2150351377343027E-4	3.328863391052884E-6	1.4064447827198434E-4	6.574505197329446E-5
58-59	0.0022977479556742534	1.2483237716448314E-4	3.328863391052884E-6	1.4397334166303723E-4	6.657726782105769E-5
60-61	0.002786258658311264	1.264968088600096E-4	3.328863391052884E-6	1.464699892063269E-4	6.657726782105769E-5
62-63	0.0034869844021278964	1.2899345640329926E-4	3.328863391052884E-6	1.4979885259737977E-4	6.824169951658413E-5
64-65	0.004399925187124149	1.3149010394658892E-4	3.328863391052884E-6	1.589532269227752E-4	6.824169951658413E-5
66-67	0.005540893114407525	1.3149010394658892E-4	3.328863391052884E-6	1.6061765861830166E-4	7.1570562907637E-5
68-69	0.006720975186535773	1.3149010394658892E-4	3.328863391052884E-6	1.6561095370488097E-4	7.406721045092666E-5
70-71	0.007588976315752812	1.3398675148987857E-4	3.328863391052884E-6	1.739331121825132E-4	7.656385799421633E-5
72-73	0.008549353404071569	1.3565118318540503E-4	3.328863391052884E-6	1.8475191820343509E-4	7.822828968974277E-5
74-75	0.009803502686650744	1.4147669411974757E-4	3.328863391052884E-6	1.9224186083330406E-4	7.822828968974277E-5
76-77	0.011152524575874925	1.4397334166303723E-4	3.328863391052884E-6	1.9889958761540983E-4	7.822828968974277E-5
78-79	0.01236090198682712	1.4563777335856366E-4	3.328863391052884E-6	2.022284510064627E-4	7.822828968974277E-5
80-81	0.01386721267127855	1.4813442090185334E-4	3.328863391052884E-6	2.0805396194080526E-4	8.238936892855889E-5
82-83	0.015950248938229893	1.4896663674961657E-4	3.328863391052884E-6	2.138794728751478E-4	8.488601647184854E-5
84-85	0.01749983484676501	1.5229550014066943E-4	3.328863391052884E-6	2.1887276796172714E-4	8.488601647184854E-5
86-87	0.018369500407677576	1.589532269227752E-4	3.328863391052884E-6	2.338526532214651E-4	8.488601647184854E-5
88-89	0.018371164839373105	1.6144987446606486E-4	4.161079238816105E-6	2.3884594830804443E-4	8.655044816737499E-5
>>END_MODULE
