##FastQC	0.11.8
>>Basic Statistics	pass
#Measure	Value
Filename	SRR3184283_2.gz
File type	Conventional base calls
Encoding	Sanger / Illumina 1.9
Total Sequences	107261056
Sequences flagged as poor quality	0
Sequence length	20-100
%GC	49
>>END_MODULE
>>Per base sequence quality	pass
#Base	Mean	Median	Lower Quartile	Upper Quartile	10th Percentile	90th Percentile
1	32.08954433564406	33.0	33.0	33.0	33.0	33.0
2	32.11252114653803	33.0	33.0	33.0	33.0	33.0
3	32.13515021705548	33.0	33.0	33.0	33.0	33.0
4	35.95559598070711	37.0	37.0	37.0	33.0	37.0
5	35.9442999610222	37.0	37.0	37.0	33.0	37.0
6	35.92555379093042	37.0	37.0	37.0	33.0	37.0
7	35.82278766675577	37.0	37.0	37.0	33.0	37.0
8	35.860005629629455	37.0	37.0	37.0	33.0	37.0
9	35.84472550783017	37.0	37.0	37.0	33.0	37.0
10-11	35.85014566237349	37.0	37.0	37.0	33.0	37.0
12-13	35.8004485104081	37.0	37.0	37.0	33.0	37.0
14-15	37.79337278760336	40.0	37.0	40.0	33.0	40.0
16-17	37.637886536377195	40.0	37.0	40.0	33.0	40.0
18-19	37.68916364668272	40.0	37.0	40.0	33.0	40.0
20-21	37.69226233933958	40.0	37.0	40.0	33.0	40.0
22-23	37.645435229299665	40.0	37.0	40.0	33.0	40.0
24-25	37.60457529170654	40.0	37.0	40.0	33.0	40.0
26-27	37.49929767263001	40.0	37.0	40.0	33.0	40.0
28-29	37.4255808985769	40.0	37.0	40.0	33.0	40.0
30-31	37.333224402227216	40.0	37.0	40.0	33.0	40.0
32-33	37.221629720335244	40.0	37.0	40.0	33.0	40.0
34-35	37.12255738755384	40.0	37.0	40.0	33.0	40.0
36-37	37.003045842519214	40.0	37.0	40.0	33.0	40.0
38-39	36.89412072117456	40.0	37.0	40.0	33.0	40.0
40-41	36.78451010534589	40.0	37.0	40.0	33.0	40.0
42-43	36.642423921352105	40.0	37.0	40.0	33.0	40.0
44-45	36.45328548691253	38.5	37.0	40.0	33.0	40.0
46-47	36.31417424000283	37.0	37.0	40.0	33.0	40.0
48-49	36.13977218645163	37.0	37.0	40.0	33.0	40.0
50-51	35.46215997506953	37.0	35.0	38.5	30.0	40.0
52-53	35.48142692641588	37.0	35.0	40.0	30.0	40.0
54-55	36.03986689544253	37.0	37.0	40.0	33.0	40.0
56-57	36.04995477108832	37.0	37.0	40.0	33.0	40.0
58-59	35.89052496428771	37.0	37.0	40.0	33.0	40.0
60-61	35.6814424821388	37.0	37.0	40.0	33.0	40.0
62-63	35.44696952867788	37.0	37.0	40.0	33.0	40.0
64-65	35.21172326280147	37.0	35.0	40.0	30.0	40.0
66-67	34.97625293493095	37.0	33.0	37.0	27.0	40.0
68-69	34.72799543747698	37.0	33.0	37.0	27.0	40.0
70-71	34.50365702567217	37.0	33.0	37.0	27.0	40.0
72-73	34.29296108320272	37.0	33.0	37.0	27.0	38.5
74-75	34.07787740743251	37.0	33.0	37.0	27.0	37.0
76-77	33.879706288497744	37.0	33.0	37.0	27.0	37.0
78-79	33.68010733272607	37.0	33.0	37.0	27.0	37.0
80-81	33.50961600112021	37.0	33.0	37.0	27.0	37.0
82-83	33.35224348145695	37.0	33.0	37.0	27.0	37.0
84-85	33.2216643140045	37.0	33.0	37.0	27.0	37.0
86-87	33.08665801184004	37.0	33.0	37.0	27.0	37.0
88-89	32.96333620527142	37.0	33.0	37.0	27.0	37.0
90-91	32.82822945866379	37.0	33.0	37.0	27.0	37.0
92-93	32.67592375155732	37.0	33.0	37.0	27.0	37.0
94-95	32.52544615043651	37.0	33.0	37.0	27.0	37.0
96-97	32.3549046849702	37.0	33.0	37.0	27.0	37.0
98-99	32.16633462777132	37.0	33.0	37.0	22.0	37.0
100	31.030792115070927	33.0	33.0	37.0	22.0	37.0
>>END_MODULE
>>Per sequence quality scores	pass
#Quality	Count
2	778862.0
3	155131.0
4	121629.0
5	117418.0
6	119820.0
7	125348.0
8	129983.0
9	137448.0
10	147313.0
11	150428.0
12	150992.0
13	152615.0
14	156002.0
15	162570.0
16	170927.0
17	178636.0
18	187003.0
19	197410.0
20	214728.0
21	246929.0
22	291375.0
23	352124.0
24	430677.0
25	526250.0
26	645464.0
27	795957.0
28	990255.0
29	1247994.0
30	1608185.0
31	2117809.0
32	2844462.0
33	3926846.0
34	5539121.0
35	8321522.0
36	1.5203724E7
37	3.2975545E7
38	2.5570608E7
39	71946.0
>>END_MODULE
>>Per base sequence content	warn
#Base	G	A	T	C
1	33.0411086014294	10.718833497220091	11.409690018341792	44.83036788300872
2	24.060315050413077	17.273926521849646	32.189738090961924	26.476020336775353
3	27.97980937275128	20.253939137052686	21.726013027505527	30.040238462690503
4	30.511182921786634	26.6477648700382	18.099113251318354	24.74193895685681
5	31.207010492233078	28.9267681645797	20.04268818684761	19.82353315633961
6	25.292984249567706	32.9823817882233	20.48574927324974	21.238884688959246
7	22.355324377936387	19.330971345275586	36.60918180779425	21.70452246899378
8	22.417487666725936	22.24580839480081	28.29680792999092	27.039896008482334
9	23.193432852273986	20.839281127345977	30.67900991017653	25.2882761102035
10-11	26.01669239579368	29.468585037984337	21.755896194048287	22.758826372173697
12-13	24.729101119422133	23.642032761639044	26.668565056827337	24.96030106211149
14-15	24.710000058175822	24.910169633235757	26.165328355521687	24.21450195306673
16-17	25.56226651357973	24.769220992938948	25.238579601528443	24.429932891952884
18-19	25.17878996082231	24.832893683239515	25.21498203411311	24.77333432182506
20-21	25.06490080337162	24.781116928308634	25.374572884801267	24.77940938351848
22-23	25.205723718859335	25.09865569904261	25.107387011794437	24.58823357030362
24-25	25.051968079101133	25.022843613770746	25.145151449271065	24.780036857857056
26-27	24.829636158695347	25.102796341151933	25.4381637365084	24.629403763644316
28-29	25.040935832840155	24.737541386349637	25.273626767686867	24.947896013123337
30-31	24.658085059423545	24.8940549736663	25.474725447450464	24.973134519459688
32-33	24.745889673469694	24.999536509449115	25.395609701862547	24.85896411521864
34-35	25.20538432192429	24.999095017830562	25.065758967802076	24.729761692443073
36-37	24.900813301618285	25.019460969828945	25.260866016899637	24.818859711653133
38-39	24.87863938559625	25.133041083006596	25.135417561946195	24.85290196945096
40-41	24.99386773847115	25.004773060340508	25.064218350398725	24.937140850789614
42-43	24.83770152515729	24.995759264968363	25.308847980007272	24.857691229867072
44-45	24.951696899972934	25.06972225136247	25.397652534143443	24.58092831452115
46-47	25.036761625870884	25.17681759732765	25.01857355628746	24.767847220514
48-49	24.922833024040727	25.1612880506226	25.176745956630686	24.739132968705984
50-51	24.920179660877555	25.084366228895522	25.270769165669055	24.724684944557872
52-53	24.945162789113034	25.263451092701	24.914946861799482	24.876439256386487
54-55	24.706221532425257	25.243183595437312	25.127421755510472	24.923173116626955
56-57	24.715675650076754	25.216461339495922	25.383356315399595	24.68450669502773
58-59	24.68054156217671	25.242095218294835	25.259090592904105	24.818272626624346
60-61	24.675545520521094	25.030674108761534	25.40526080075565	24.888519569961726
62-63	24.568150277745957	25.253029367913715	25.51598682376091	24.662833530579416
64-65	24.872785752732163	25.15439084286415	25.262300781678338	24.710522622725353
66-67	24.578293225036006	25.03452330100365	25.424053791109046	24.9631296828513
68-69	24.72886449224749	25.238972469930033	25.518664652768468	24.513498385054007
70-71	24.796791256538715	25.18287463939445	25.26212183310002	24.758212270966816
72-73	24.578397941462534	25.29373917835481	25.342135229384517	24.78572765079814
74-75	24.706707681578266	25.358222731472672	25.33363844674274	24.601431140206316
76-77	24.825993791063905	25.429179591058638	25.082688412942233	24.66213820493522
78-79	24.752073249634638	25.176208146499345	25.373393283789774	24.698325320076243
80-81	24.761433191019215	25.333066536865477	25.219277276812512	24.6862229953028
82-83	25.05269861974763	25.32115015325721	25.04101861107647	24.585132615918692
84-85	24.880102672325368	25.429616092191942	24.956597201948195	24.7336840335345
86-87	24.841777053680293	25.627027920779483	25.063265675409486	24.467929350130742
88-89	24.915460623857367	25.455750806507886	25.05246332321184	24.576325246422908
90-91	24.776510647364862	25.307872797372188	25.19540456413415	24.720211991128796
92-93	24.644844314743878	25.678468533678096	25.11050510236758	24.566182049210447
94-95	24.901981427746346	25.56547136519652	25.037064740358666	24.49548246669847
96-97	24.88955970315639	25.081806159339337	25.166876595770464	24.86175754173381
98-99	24.239901233660987	24.857185561367746	25.91432629147656	24.988586913494714
100	26.083769612050794	23.974946200941872	24.85333745702908	25.08794672997825
>>END_MODULE
>>Per sequence GC content	warn
#GC Content	Count
0	316.0
1	317.5
2	340.0
3	405.0
4	486.5
5	584.0
6	701.0
7	838.5
8	1009.5
9	1180.0
10	1323.5
11	1470.5
12	1705.0
13	2042.0
14	2492.5
15	3127.0
16	4067.0
17	5646.5
18	8413.0
19	12863.0
20	19972.0
21	30942.5
22	47509.0
23	70487.0
24	102093.5
25	144469.5
26	198833.0
27	263591.5
28	347711.5
29	437912.5
30	527259.5
31	648940.0
32	830877.5
33	1026666.5
34	1208820.5
35	1434161.5
36	1711830.0
37	1995672.0
38	2327859.5
39	2626769.0
40	2785363.5
41	2968544.0
42	3312236.0
43	3612225.0
44	3791039.5
45	3941711.0
46	3999190.0
47	4017934.5
48	4018478.5
49	3985192.5
50	3975254.0
51	3784372.0
52	3555717.0
53	3514475.0
54	3471180.0
55	3430972.0
56	3221928.0
57	2960897.0
58	2765720.5
59	2609826.0
60	2520372.5
61	2369748.0
62	2191120.5
63	2021922.0
64	1858485.0
65	1669286.5
66	1480255.0
67	1307915.5
68	1148172.0
69	978142.5
70	801322.5
71	659222.5
72	561121.0
73	468781.5
74	395727.5
75	343324.5
76	278507.5
77	216337.5
78	168314.0
79	123202.5
80	81435.0
81	51851.0
82	32044.0
83	19876.5
84	12142.5
85	8257.5
86	6178.0
87	4708.5
88	3782.0
89	3193.0
90	2657.5
91	2217.5
92	1831.0
93	1470.5
94	1220.0
95	1023.5
96	838.0
97	642.5
98	468.5
99	339.0
100	232.5
>>END_MODULE
>>Per base N content	pass
#Base	N-Count
1	0.0
2	0.0
3	0.0
4	0.0
5	0.0
6	0.0
7	0.0
8	0.0
9	0.0
10-11	0.0
12-13	0.0
14-15	0.0
16-17	0.0
18-19	0.0
20-21	0.0
22-23	7.752715326773221E-4
24-25	6.219272469879444E-4
26-27	2.331167751535413E-6
28-29	0.0
30-31	0.0
32-33	0.0
34-35	0.0
36-37	0.0
38-39	2.005270288680063E-5
40-41	0.0
42-43	0.0
44-45	0.0
46-47	9.384052876731314E-4
48-49	0.00192071555768361
50-51	0.0
52-53	0.0
54-55	0.0
56-57	1.1195744094622847E-5
58-59	1.6794306584517192E-5
60-61	5.742972129995398E-4
62-63	0.0
64-65	1.9689427370984047E-4
66-67	9.336651009539972E-4
68-69	3.975655122519869E-4
70-71	0.0
72-73	0.0
74-75	0.0
76-77	0.0
78-79	0.0
80-81	0.0
82-83	0.0
84-85	9.342272704957435E-7
86-87	1.8690352252302858E-6
88-89	1.8697377545557388E-6
90-91	6.725169939502421E-4
92-93	1.600545668137891E-4
94-95	0.011958458951882295
96-97	0.010140282579951308
98-99	0.003960013074151752
100	0.005852719432318538
>>END_MODULE
>>Sequence Length Distribution	warn
#Length	Count
20-21	6927.0
22-23	5641.0
24-25	4904.0
26-27	4557.0
28-29	4230.0
30-31	3925.0
32-33	4007.0
34-35	3825.0
36-37	4654.0
38-39	3820.0
40-41	3489.0
42-43	3552.0
44-45	3538.0
46-47	3377.0
48-49	3887.0
50-51	3938.0
52-53	4005.0
54-55	4132.0
56-57	4389.0
58-59	4555.0
60-61	4942.0
62-63	5237.0
64-65	5676.0
66-67	6097.0
68-69	6715.0
70-71	8008.0
72-73	9135.0
74-75	10389.0
76-77	12340.0
78-79	14915.0
80-81	18802.0
82-83	25391.0
84-85	31961.0
86-87	37759.0
88-89	50303.0
90-91	68915.0
92-93	90744.0
94-95	227892.0
96-97	2588806.0
98-99	0.0
100-101	1.03951677E8
>>END_MODULE
>>Sequence Duplication Levels	fail
#Total Deduplicated Percentage	31.23364074658081
#Duplication Level	Percentage of deduplicated	Percentage of total
1	70.14219283767311	21.90796052269275
2	13.360844376340172	8.34615626643167
3	5.537988397487206	5.189146201975444
4	2.8768774403129505	3.594214257707107
5	1.742568019369348	2.7213371746731543
6	1.2413676855548716	2.3263459395021213
7	0.8147827188954938	1.7814041509952936
8	0.617742564818972	1.543547947474175
9	0.4861779337207883	1.366659622867507
>10	2.7573985877120384	15.875635368326794
>50	0.23014054998440298	4.9522811742457025
>100	0.15617071678193784	9.698363649578289
>500	0.018218754029404965	3.9590662345018393
>1k	0.01535011402733603	9.420785562375647
>5k	0.0014889006026739707	3.1433813287059054
>10k+	6.904026892119317E-4	4.173714597946576
>>END_MODULE
>>Overrepresented sequences	pass
>>END_MODULE
>>Adapter Content	pass
#Position	Illumina Universal Adapter	Illumina Small RNA 3' Adapter	Illumina Small RNA 5' Adapter	Nextera Transposase Sequence	SOLID Small RNA Adapter
1	0.0	4.661524122977122E-6	9.323048245954244E-7	0.0	3.7292192983816977E-6
2	5.593828947572547E-6	2.7969144737862733E-5	9.323048245954244E-7	8.39074342135882E-6	3.7292192983816977E-6
3	1.4916877193526791E-5	3.4495278510030706E-5	9.323048245954244E-7	1.0255353070549669E-5	3.7292192983816977E-6
4	3.635988815922155E-5	3.8224497808412404E-5	9.323048245954244E-7	1.3052267544335942E-5	5.593828947572547E-6
5	4.381832675598495E-5	4.475063158058037E-5	9.323048245954244E-7	1.3052267544335942E-5	5.593828947572547E-6
6	5.034446052815292E-5	4.475063158058037E-5	9.323048245954244E-7	1.4916877193526791E-5	5.593828947572547E-6
7	5.500598465113004E-5	5.500598465113004E-5	9.323048245954244E-7	1.5849182018122217E-5	5.593828947572547E-6
8	6.432903289708428E-5	6.059981359870259E-5	9.323048245954244E-7	1.7713791667313066E-5	5.593828947572547E-6
9	7.178747149384768E-5	6.246442324789344E-5	9.323048245954244E-7	1.7713791667313066E-5	6.526133772167971E-6
10-11	8.856895833656532E-5	7.038901425695455E-5	9.323048245954244E-7	1.9578401316503915E-5	6.992286184465683E-6
12-13	1.1094427412685552E-4	7.831360526601566E-5	1.8646096491908489E-6	2.097685855339705E-5	7.4584385967633955E-6
14-15	1.333195899171457E-4	9.742585417022185E-5	2.7969144737862733E-6	2.3773773027183326E-5	7.924591009061109E-6
16-17	1.5802566776892444E-4	1.1374118860064178E-4	7.4584385967633955E-6	2.890144956245816E-5	9.323048245954244E-6
18-19	1.869271173313826E-4	1.1700425548672578E-4	1.2119962719740518E-5	3.309682127313757E-5	1.0255353070549669E-5
20-21	2.0603936623558882E-4	1.1980116996051204E-4	1.7247639255015353E-5	3.5427583334626125E-5	1.0255353070549669E-5
22-23	2.28414682025879E-4	1.2632730373268E-4	2.0044553728801628E-5	4.055525986990097E-5	1.1187657895145093E-5
24-25	2.582484364129326E-4	1.3518419956633655E-4	2.563838267637417E-5	4.754754605436665E-5	1.2586115132038229E-5
26-27	2.829545142647113E-4	1.4450724781229078E-4	2.936760197475587E-5	5.081061294045063E-5	1.5383029605824504E-5
28-29	3.1232211623946724E-4	1.4777031469837476E-4	3.402912609773299E-5	5.360752741423691E-5	1.7247639255015353E-5
30-31	3.570727478200476E-4	1.5103338158445876E-4	4.19537171067941E-5	5.780289912491631E-5	1.864609649190849E-5
32-33	3.994926173391394E-4	1.5802566776892444E-4	5.0344460528152916E-5	5.873520394951174E-5	1.9578401316503915E-5
34-35	4.3305559102457467E-4	1.7061178290096268E-4	5.5938289475725466E-5	6.10659660110003E-5	1.9578401316503915E-5
36-37	4.563632116394603E-4	2.0044553728801627E-4	5.920135636180945E-5	6.293057566019116E-5	2.1443010965694764E-5
38-39	4.806031370789413E-4	2.1629471930613848E-4	6.619364254627513E-5	6.665979495857285E-5	2.3773773027183326E-5
40-41	5.113691962905904E-4	2.21888548253711E-4	7.411823355533624E-5	7.225362390614539E-5	2.6104535088671884E-5
42-43	5.481952368621096E-4	2.2981313926277215E-4	8.157667215209964E-5	7.691514802912252E-5	2.8435297150160446E-5
44-45	5.840889726090334E-4	2.4239925439481036E-4	9.089972039805389E-5	8.064436732750421E-5	2.9833754387053582E-5
46-47	6.190504035313619E-4	2.587145888252303E-4	1.0395198794238982E-4	8.530589145048134E-5	2.9833754387053582E-5
48-49	6.484180055061177E-4	2.7596222808024565E-4	1.1933501754821433E-4	8.903511074886303E-5	3.2630668860839854E-5
50-51	6.782517598931713E-4	2.871498859753907E-4	1.3145498026795484E-4	9.323048245954245E-5	3.2630668860839854E-5
52-53	7.178747149384768E-4	3.0020215351972667E-4	1.4683800987377936E-4	9.416278728413788E-5	3.2630668860839854E-5
54-55	7.509715362116144E-4	3.118559638271695E-4	1.6035642983041302E-4	9.602739693332873E-5	3.402912609773299E-5
56-57	7.831360526601565E-4	3.2537438378380315E-4	1.720102401378558E-4	9.975661623171042E-5	3.6826040571519264E-5
58-59	8.08308282924233E-4	3.4541893751260477E-4	1.8832557456827575E-4	1.0348583553009211E-4	3.915680263300783E-5
60-61	8.395404945481797E-4	3.528773761093682E-4	2.0930243312167277E-4	1.1187657895145093E-4	3.915680263300783E-5
62-63	8.754342302951035E-4	3.7198962501357435E-4	2.3074544408736755E-4	1.1700425548672578E-4	4.008910745760325E-5
64-65	9.183202522264931E-4	3.785157587857423E-4	2.479930833423829E-4	1.1980116996051204E-4	4.288602193138952E-5
66-67	9.68664712754646E-4	3.883049594439943E-4	2.703683991326731E-4	1.221319320220006E-4	4.381832675598495E-5
68-69	9.998969243785927E-4	3.985603125145439E-4	2.9227756251066556E-4	1.2819191338187086E-4	4.475063158058037E-5
70-71	0.001022272240168883	4.111464276465822E-4	3.1744979277474204E-4	1.3425189474174112E-4	4.475063158058037E-5
72-73	0.0010549029090297227	4.2466484760321586E-4	3.4168971821422307E-4	1.4450724781229078E-4	4.5216783992878086E-5
74-75	0.0010828720537675856	4.3678481032295637E-4	3.780496063734446E-4	1.491687719352679E-4	4.56829364051758E-5
76-77	0.001111307350917746	4.437770965074221E-4	4.0695105593590273E-4	1.5383029605824504E-4	4.56829364051758E-5
78-79	0.0011364795811818224	4.475063158058038E-4	4.2979252413849066E-4	1.5522875329513817E-4	4.7547546054366645E-5
80-81	0.0011625841162704942	4.5496475440256714E-4	4.577616688763534E-4	1.60356429830413E-4	4.94121557035575E-5
82-83	0.0012138608816232425	4.56829364051758E-4	4.866631184388115E-4	1.6595025877798555E-4	4.987830811585521E-5
84-85	0.0012483561601332733	4.614908881747351E-4	5.24887616247224E-4	1.7387484978704666E-4	5.034446052815292E-5
86-87	0.0012660699518005864	4.680170219469031E-4	5.547213706342776E-4	2.055732138232911E-4	5.127676535274834E-5
88-89	0.001266536104212884	4.7454315571907106E-4	5.985396973902624E-4	2.1676087171843618E-4	5.267522258964148E-5
>>END_MODULE
