##FastQC	0.11.8
>>Basic Statistics	pass
#Measure	Value
Filename	SRR3184280_2.gz
File type	Conventional base calls
Encoding	Sanger / Illumina 1.9
Total Sequences	49980250
Sequences flagged as poor quality	0
Sequence length	20-100
%GC	49
>>END_MODULE
>>Per base sequence quality	pass
#Base	Mean	Median	Lower Quartile	Upper Quartile	10th Percentile	90th Percentile
1	32.15361199673871	33.0	33.0	33.0	33.0	33.0
2	32.132034493624985	33.0	33.0	33.0	33.0	33.0
3	32.13546636921584	33.0	33.0	33.0	33.0	33.0
4	35.9203679253305	37.0	37.0	37.0	33.0	37.0
5	35.92397072843773	37.0	37.0	37.0	33.0	37.0
6	35.882837540828625	37.0	37.0	37.0	33.0	37.0
7	35.86823273192911	37.0	37.0	37.0	33.0	37.0
8	35.864520925765675	37.0	37.0	37.0	33.0	37.0
9	35.853354935199405	37.0	37.0	37.0	33.0	37.0
10-11	35.87633574261834	37.0	37.0	37.0	33.0	37.0
12-13	35.82603629433626	37.0	37.0	37.0	33.0	37.0
14-15	37.760979546921035	40.0	37.0	40.0	33.0	40.0
16-17	37.73829700731789	40.0	37.0	40.0	33.0	40.0
18-19	37.707591078476	40.0	37.0	40.0	33.0	40.0
20-21	37.670511800397335	40.0	37.0	40.0	33.0	40.0
22-23	37.61126417236166	40.0	37.0	40.0	33.0	40.0
24-25	37.539876790320896	40.0	37.0	40.0	33.0	40.0
26-27	37.48372596260464	40.0	37.0	40.0	33.0	40.0
28-29	37.41629364694399	40.0	37.0	40.0	33.0	40.0
30-31	37.3433419395068	40.0	37.0	40.0	33.0	40.0
32-33	37.266915996234054	40.0	37.0	40.0	33.0	40.0
34-35	37.16898380714342	40.0	37.0	40.0	33.0	40.0
36-37	37.06993208160216	40.0	37.0	40.0	33.0	40.0
38-39	36.973584013939785	40.0	37.0	40.0	33.0	40.0
40-41	36.85868462442375	40.0	37.0	40.0	33.0	40.0
42-43	36.70455819348296	40.0	37.0	40.0	33.0	40.0
44-45	36.56520743725625	40.0	37.0	40.0	33.0	40.0
46-47	36.39786122247715	38.5	37.0	40.0	33.0	40.0
48-49	36.22951223760596	37.0	37.0	40.0	33.0	40.0
50-51	35.68109943152551	37.0	35.0	40.0	30.0	40.0
52-53	35.57643016797596	37.0	37.0	40.0	27.0	40.0
54-55	35.67322005449532	37.0	37.0	40.0	27.0	40.0
56-57	35.60265218635777	37.0	37.0	40.0	27.0	40.0
58-59	35.60196868671715	37.0	37.0	40.0	27.0	40.0
60-61	35.55602752963931	37.0	37.0	40.0	27.0	40.0
62-63	35.37514157832722	37.0	37.0	40.0	27.0	40.0
64-65	35.15582222825533	37.0	33.0	40.0	27.0	40.0
66-67	34.919375860242624	37.0	33.0	38.5	27.0	40.0
68-69	34.67338566148345	37.0	33.0	37.0	27.0	40.0
70-71	34.42372511395497	37.0	33.0	37.0	27.0	40.0
72-73	34.16775882233543	37.0	33.0	37.0	27.0	40.0
74-75	33.93664452648324	37.0	33.0	37.0	27.0	38.5
76-77	33.71337734973442	37.0	33.0	37.0	27.0	37.0
78-79	33.544099425882436	37.0	33.0	37.0	27.0	37.0
80-81	33.44768636761394	37.0	33.0	37.0	27.0	37.0
82-83	33.30077206596208	37.0	33.0	37.0	27.0	37.0
84-85	33.163738904472105	37.0	33.0	37.0	27.0	37.0
86-87	33.03512896948983	37.0	33.0	37.0	27.0	37.0
88-89	32.92025766017336	37.0	33.0	37.0	27.0	37.0
90-91	32.79143317628873	37.0	33.0	37.0	27.0	37.0
92-93	32.669990710853874	37.0	33.0	37.0	27.0	37.0
94-95	32.53032032922607	37.0	33.0	37.0	27.0	37.0
96-97	32.37742144594977	37.0	33.0	37.0	27.0	37.0
98-99	32.21619970764825	37.0	33.0	37.0	22.0	37.0
100	31.398411828338656	33.0	33.0	37.0	22.0	37.0
>>END_MODULE
>>Per sequence quality scores	pass
#Quality	Count
2	273879.0
3	71462.0
4	61351.0
5	57828.0
6	58561.0
7	62632.0
8	67326.0
9	73493.0
10	80356.0
11	83704.0
12	86253.0
13	88204.0
14	89179.0
15	92588.0
16	95344.0
17	97475.0
18	101699.0
19	104940.0
20	114217.0
21	128568.0
22	150031.0
23	179674.0
24	219875.0
25	269482.0
26	329900.0
27	404583.0
28	497280.0
29	620147.0
30	787241.0
31	1019001.0
32	1348340.0
33	1829353.0
34	2505148.0
35	3624049.0
36	6374321.0
37	1.4331368E7
38	1.3555491E7
39	45907.0
>>END_MODULE
>>Per base sequence content	fail
#Base	G	A	T	C
1	20.9659457591138	12.840377092156686	13.696206419290183	52.497470729439335
2	22.195407849549515	19.060433158349525	37.646258789773015	21.097900202327942
3	27.786111514048052	22.020954276939392	23.985182146948045	26.207752062064515
4	27.90494445305896	28.702969673020846	19.12454819653763	24.267537677382567
5	29.5831992803556	30.46555398693564	21.254903938036314	18.696342794672454
6	23.340207381915857	33.420519105046495	21.063606124419145	22.175667388618503
7	20.518474797545032	16.91419310627698	39.602182862230585	22.96514923394741
8	21.292612581969877	20.991795759324933	28.147320191475632	29.568271467229557
9	21.68856892099772	20.30047009789813	30.920032737085013	27.090928244019135
10-11	25.712497864781053	28.870469052893156	21.076072317583524	24.340960764742263
12-13	23.624588712541453	23.30177220001901	27.371944918242708	25.70169416919683
14-15	24.378893662996884	24.62587321992187	26.28997153875781	24.705261578323437
16-17	25.21378064467852	24.760145440096046	25.199276851138187	24.82679706408725
18-19	24.910479639457588	25.04725466559291	25.125940746594903	24.9163249483546
20-21	24.846634650778523	25.322911394670523	25.33727111543968	24.493182839111274
22-23	24.67933170817494	25.40557288544074	25.442573178771983	24.47252222761234
24-25	24.521989800733685	25.37926512003825	25.39680459430982	24.701940484918243
26-27	24.349503465428484	25.566675806004675	25.525069574986368	24.558751153580477
28-29	24.656454376197335	25.16429531597139	25.38993703751588	24.78931327031539
30-31	24.305761817647316	25.382723062997865	25.48855002278254	24.82296509657228
32-33	24.394638082665658	25.43979844687188	25.568976672183545	24.596586798278913
34-35	24.805826741016663	25.35355592410065	25.1342187319991	24.706398602883585
36-37	24.654456926288624	25.325324549164723	25.209690216506246	24.810528308040407
38-39	24.44110711077519	25.426598927313048	25.48210202075883	24.650191941152936
40-41	24.56960488636454	25.243892256934547	25.381284240502854	24.805218616198058
42-43	24.392247472960165	25.269781003721786	25.542600112231284	24.795371411086762
44-45	24.42478407897606	25.489667754100175	25.59719378159618	24.488354385327586
46-47	24.58028725743684	25.34527318542542	25.359743166343396	24.714696390794344
48-49	24.496033275903248	25.37066597982563	25.35261879272993	24.780681951541187
50-51	24.599378247491284	25.372491032053997	25.477161386026797	24.550969334427926
52-53	24.585538909582954	25.41352053195105	25.276519186031898	24.724421372434097
54-55	24.437945667785208	25.39684286771397	25.365768065283262	24.799443399217562
56-57	24.47286162666668	25.40900222607776	25.53349583663952	24.58464031061604
58-59	24.55661562141688	25.348299265691743	25.379776324158627	24.715308788732752
60-61	24.412544016639448	25.42500840278887	25.495259710343266	24.667187870228418
62-63	24.37677237419486	25.442881466972132	25.57535856862328	24.604987590209728
64-65	24.521579590747592	25.366619301273474	25.471659094858495	24.640142013120442
66-67	24.402589749375228	25.498416834878036	25.349526670640422	24.749466745106314
68-69	24.50061440333384	25.566820450638232	25.39273016567254	24.539834980355383
70-71	24.57041279300361	25.47744318827949	25.29959289415063	24.652551124566273
72-73	24.45984909948712	25.478346395107152	25.390556655087405	24.671247850318323
74-75	24.547394618254884	25.62949357221285	25.357568382766644	24.465543426765624
76-77	24.674973526826456	25.46192869033817	25.307738350069574	24.555359432765798
78-79	24.53654283789389	25.24638120913013	25.50760285081644	24.709473102159542
80-81	24.633302352632217	25.48716719534677	25.48682482291061	24.392705629110402
82-83	24.69790430079995	25.424043262043366	25.3640568727876	24.513995564369083
84-85	24.568057175561066	25.389310778384466	25.3995522814162	24.643079764638266
86-87	24.488314813472815	25.58830429625069	25.39651895068144	24.526861939595058
88-89	24.63682378863136	25.490466468277578	25.22041953350378	24.652290209587278
90-91	24.545674539106788	25.4908147541047	25.20349462921963	24.76001607756888
92-93	24.46788979167526	25.56460125772761	25.470393148813113	24.497115801784012
94-95	24.71434702173323	25.547538452411096	25.126398643558005	24.611715882297673
96-97	24.603814629509017	25.206581548310226	25.37284697513555	24.81675684704521
98-99	23.98792373878652	24.88396905891056	26.00841541978985	25.11969178251307
100	25.301854981937115	23.95154682997629	25.316605665285095	25.4299925228015
>>END_MODULE
>>Per sequence GC content	pass
#GC Content	Count
0	91.0
1	62.5
2	52.5
3	81.5
4	105.5
5	147.0
6	192.5
7	221.5
8	266.5
9	315.0
10	359.5
11	430.5
12	572.0
13	736.0
14	951.5
15	1241.0
16	1887.5
17	2912.0
18	4688.5
19	7829.5
20	12822.0
21	20430.5
22	32216.0
23	48021.5
24	69921.0
25	99467.0
26	134152.5
27	173570.0
28	223247.5
29	278532.0
30	332616.5
31	386880.5
32	450216.5
33	523421.5
34	594587.0
35	680923.0
36	780760.0
37	897374.0
38	1019165.5
39	1126821.0
40	1223884.0
41	1350282.0
42	1538809.0
43	1684304.0
44	1773534.5
45	1866692.5
46	1901740.0
47	1856167.5
48	1824655.0
49	1797019.5
50	1772557.5
51	1791909.5
52	1793503.0
53	1749654.5
54	1684521.0
55	1642727.0
56	1567820.5
57	1442613.5
58	1350713.5
59	1287307.0
60	1209295.5
61	1112302.0
62	1001906.5
63	908358.5
64	827591.5
65	727094.5
66	622617.0
67	534863.0
68	454574.5
69	374803.5
70	302864.5
71	242239.0
72	198897.5
73	163106.0
74	131507.5
75	107601.5
76	87244.5
77	69139.5
78	52925.5
79	38286.5
80	26426.5
81	16962.0
82	10560.0
83	6687.0
84	4183.0
85	2764.5
86	1967.5
87	1424.5
88	1067.0
89	850.5
90	657.0
91	503.5
92	412.5
93	334.5
94	267.5
95	207.5
96	157.0
97	123.5
98	108.0
99	93.0
100	200.0
>>END_MODULE
>>Per base N content	pass
#Base	N-Count
1	8.503358826736561E-4
2	1.2004741873039851E-5
3	0.0
4	0.0
5	2.0007903121733085E-5
6	0.0
7	0.0
8	0.0
9	4.701857233607275E-4
10-11	2.5009878902166355E-5
12-13	0.0
14-15	0.0
16-17	4.4517584445856115E-4
18-19	0.0
20-21	0.0
22-23	0.0
24-25	4.001705126554425E-6
26-27	0.0
28-29	0.0
30-31	0.0
32-33	0.0
34-35	0.0
36-37	0.0
38-39	0.0
40-41	0.0
42-43	0.0
44-45	0.0
46-47	0.0
48-49	7.304117623268942E-5
50-51	2.001153845295659E-6
52-53	3.7221962446722063E-4
54-55	5.003026931354008E-6
56-57	1.9111878032197012E-4
58-59	0.002919868219282744
60-61	9.005935632056375E-6
62-63	3.0020416885523847E-6
64-65	9.136422173874459E-4
66-67	0.0
68-69	1.6612500241932045E-4
70-71	6.304934115339983E-5
72-73	1.0008178383129341E-6
74-75	0.0
76-77	3.383045789955155E-4
78-79	3.293136317165742E-4
80-81	0.007048170808981057
82-83	0.005383938322451514
84-85	6.187515603953186E-4
86-87	3.6649425782104005E-4
88-89	8.012132210957799E-6
90-91	3.606452014783488E-5
92-93	3.7079805381931314E-4
94-95	0.0
96-97	2.013666512983638E-6
98-99	3.2989830163199657E-5
100	7.154669416643926E-4
>>END_MODULE
>>Sequence Length Distribution	warn
#Length	Count
20-21	754.0
22-23	646.0
24-25	595.0
26-27	632.0
28-29	609.0
30-31	588.0
32-33	493.0
34-35	576.0
36-37	537.0
38-39	522.0
40-41	556.0
42-43	590.0
44-45	569.0
46-47	620.0
48-49	631.0
50-51	655.0
52-53	746.0
54-55	779.0
56-57	921.0
58-59	949.0
60-61	1008.0
62-63	1128.0
64-65	1178.0
66-67	1244.0
68-69	1451.0
70-71	1673.0
72-73	1955.0
74-75	2083.0
76-77	2453.0
78-79	3038.0
80-81	3989.0
82-83	5229.0
84-85	6481.0
86-87	7680.0
88-89	11618.0
90-91	17979.0
92-93	21245.0
94-95	89206.0
96-97	1286849.0
98-99	0.0
100-101	4.8499795E7
>>END_MODULE
>>Sequence Duplication Levels	fail
#Total Deduplicated Percentage	37.733963155171054
#Duplication Level	Percentage of deduplicated	Percentage of total
1	73.76068922791076	27.832831296260075
2	12.841768004006587	9.691416014208782
3	4.7388843188907055	5.364506588569194
4	2.372287083851775	3.580631736622043
5	1.4050560985305596	2.650916752645027
6	0.879040729472012	1.9901814298674954
7	0.6235808122422744	1.6471122775395135
8	0.44967026018373957	1.3574272823799531
9	0.3559867386726021	1.2089511432721327
>10	2.147299771016708	15.331671735544447
>50	0.2220036812273073	5.83158553777843
>100	0.17819164003366883	13.342196468371121
>500	0.017374446722385428	4.482430524745784
>1k	0.007934006038379526	5.111242557613625
>5k	2.1198290965426976E-4	0.49102187045553897
>10k+	2.1198290965426977E-5	0.08587678412678294
>>END_MODULE
>>Overrepresented sequences	pass
>>END_MODULE
>>Adapter Content	pass
#Position	Illumina Universal Adapter	Illumina Small RNA 3' Adapter	Illumina Small RNA 5' Adapter	Nextera Transposase Sequence	SOLID Small RNA Adapter
1	0.0	1.4005532185213159E-5	0.0	1.6006322497386467E-5	2.0007903121733084E-6
2	0.0	5.6022128740852634E-5	0.0	6.202449967737256E-5	2.0007903121733084E-6
3	0.0	6.202449967737256E-5	0.0	6.202449967737256E-5	4.001580624346617E-6
4	4.001580624346617E-6	6.402528998954587E-5	0.0	7.402924155041241E-5	4.001580624346617E-6
5	8.003161248693234E-6	6.602608030171918E-5	0.0	7.402924155041241E-5	6.002370936519926E-6
6	1.2004741873039851E-5	6.602608030171918E-5	0.0	7.603003186258572E-5	6.002370936519926E-6
7	1.2004741873039851E-5	8.403319311127896E-5	0.0	8.003161248693234E-5	6.002370936519926E-6
8	1.6006322497386467E-5	8.803477373562557E-5	2.0007903121733084E-6	8.003161248693234E-5	8.003161248693234E-6
9	1.8007112809559775E-5	9.40371446721455E-5	2.0007903121733084E-6	8.603398342345226E-5	8.003161248693234E-6
10-11	2.3009088589993048E-5	1.07042281701272E-4	2.0007903121733084E-6	8.603398342345226E-5	8.003161248693234E-6
12-13	3.101224983868628E-5	1.1404504779387859E-4	2.0007903121733084E-6	9.303674951605885E-5	8.003161248693234E-6
14-15	3.9015411087379515E-5	1.3105176544735172E-4	2.0007903121733084E-6	9.703833014040547E-5	8.003161248693234E-6
16-17	4.7018572336072744E-5	1.5005927341299813E-4	2.0007903121733084E-6	1.0003951560866542E-4	8.003161248693234E-6
18-19	5.8022919053025945E-5	1.5606164434951806E-4	2.0007903121733084E-6	1.1104386232561861E-4	8.003161248693234E-6
20-21	7.803082217475903E-5	1.62064015286038E-4	2.0007903121733084E-6	1.2004741873039851E-4	8.003161248693234E-6
22-23	9.203635435997219E-5	1.7106757169081788E-4	2.0007903121733084E-6	1.2404899935474512E-4	8.003161248693234E-6
24-25	1.200474187303985E-4	1.770699426273378E-4	2.0007903121733084E-6	1.3405295091561167E-4	8.003161248693234E-6
26-27	1.5005927341299813E-4	1.8707389418820433E-4	2.0007903121733084E-6	1.3705413638387165E-4	1.0003951560866543E-5
28-29	1.700671765347312E-4	1.9407666028081093E-4	2.0007903121733084E-6	1.380545315399583E-4	1.0003951560866543E-5
30-31	1.8407270871994438E-4	2.0207982152950415E-4	2.0007903121733084E-6	1.380545315399583E-4	1.0003951560866543E-5
32-33	2.0207982152950415E-4	2.0608140215385077E-4	2.0007903121733084E-6	1.380545315399583E-4	1.3005137029126505E-5
34-35	2.180861440268906E-4	2.180861440268906E-4	2.0007903121733084E-6	1.400553218521316E-4	1.4005532185213159E-5
36-37	2.4009483746079702E-4	2.4409641808514362E-4	2.0007903121733084E-6	1.420561121643049E-4	1.4005532185213159E-5
38-39	2.5510076480209684E-4	2.510991841777502E-4	2.0007903121733084E-6	1.4705808794473818E-4	1.6006322497386467E-5
40-41	2.641043212068767E-4	2.6110313573861674E-4	2.0007903121733084E-6	1.5306045888125808E-4	1.900750796564643E-5
42-43	2.741082727677433E-4	2.6910629698731E-4	4.001580624346617E-6	1.6106362012995132E-4	2.0007903121733085E-5
44-45	2.821114340164365E-4	2.9011459526512973E-4	4.001580624346617E-6	1.6506520075429794E-4	2.40094837460797E-5
46-47	2.8711340979686975E-4	3.1012249838686284E-4	4.001580624346617E-6	1.7306836200299119E-4	2.7010669214339665E-5
48-49	3.051205226064296E-4	3.301304015085959E-4	4.001580624346617E-6	1.7807033778342445E-4	2.8011064370426317E-5
50-51	3.161248693233827E-4	3.431355385377224E-4	4.001580624346617E-6	1.9207586996863762E-4	3.0011854682599628E-5
52-53	3.301304015085959E-4	3.7714897384466864E-4	4.001580624346617E-6	1.9607745059298422E-4	3.101224983868628E-5
54-55	3.541398852546756E-4	3.981572721224884E-4	4.001580624346617E-6	1.9707784574907086E-4	3.4013435306946245E-5
56-57	3.6814541743988876E-4	4.141635946198749E-4	4.001580624346617E-6	2.0608140215385077E-4	3.4013435306946245E-5
58-59	3.9015411087379515E-4	4.351718928976946E-4	4.001580624346617E-6	2.180861440268906E-4	3.4013435306946245E-5
60-61	4.0616043337118163E-4	4.4517584445856115E-4	4.001580624346617E-6	2.470976035534036E-4	3.601422561911955E-5
62-63	4.201659655563948E-4	4.7418730398507414E-4	4.001580624346617E-6	2.6510471636296336E-4	3.7014620775206204E-5
64-65	4.391734735220412E-4	4.891932313263739E-4	4.001580624346617E-6	2.7810985339208987E-4	3.9015411087379515E-5
66-67	4.5618019117551437E-4	5.051995538237603E-4	4.001580624346617E-6	2.9711736135773633E-4	4.1016201399552825E-5
68-69	4.8419125554594066E-4	5.162039005407136E-4	4.001580624346617E-6	3.0912210323077614E-4	4.201659655563948E-5
70-71	5.041991586676737E-4	5.392129891307067E-4	4.001580624346617E-6	3.21126845103816E-4	4.6018177179986095E-5
72-73	5.09201134448107E-4	5.702252389693929E-4	4.001580624346617E-6	3.341319821329425E-4	4.9019362648246054E-5
74-75	5.252074569454935E-4	5.842307711546061E-4	4.001580624346617E-6	3.401343530694624E-4	5.001975780433271E-5
76-77	5.3821259397462E-4	5.90233142091126E-4	4.001580624346617E-6	3.401343530694624E-4	5.001975780433271E-5
78-79	5.492169406915732E-4	5.962355130276459E-4	4.001580624346617E-6	3.431355385377224E-4	5.202054811650602E-5
80-81	5.642228680328731E-4	6.002370936519925E-4	4.001580624346617E-6	3.531394900985889E-4	5.6022128740852634E-5
82-83	5.972359081837326E-4	6.042386742763392E-4	4.001580624346617E-6	3.561406755668489E-4	5.6022128740852634E-5
84-85	6.122418355250324E-4	6.242465773980722E-4	4.001580624346617E-6	3.8115055446901527E-4	5.6022128740852634E-5
86-87	6.212453919298123E-4	6.442544805198053E-4	4.001580624346617E-6	4.3217070742943464E-4	5.6022128740852634E-5
88-89	6.232461822419857E-4	6.572596175489318E-4	5.001975780433271E-6	4.7318690882898744E-4	5.702252389693929E-5
>>END_MODULE
