##FastQC	0.11.8
>>Basic Statistics	pass
#Measure	Value
Filename	SRR3184294_2.gz
File type	Conventional base calls
Encoding	Sanger / Illumina 1.9
Total Sequences	47806682
Sequences flagged as poor quality	0
Sequence length	20-100
%GC	49
>>END_MODULE
>>Per base sequence quality	pass
#Base	Mean	Median	Lower Quartile	Upper Quartile	10th Percentile	90th Percentile
1	32.1236484682204	33.0	33.0	33.0	33.0	33.0
2	32.0991888748941	33.0	33.0	33.0	33.0	33.0
3	32.10380331352006	33.0	33.0	33.0	33.0	33.0
4	35.89557265237525	37.0	37.0	37.0	33.0	37.0
5	35.89414130434737	37.0	37.0	37.0	33.0	37.0
6	35.849608240956776	37.0	37.0	37.0	33.0	37.0
7	35.834349683586076	37.0	37.0	37.0	33.0	37.0
8	35.82904757958312	37.0	37.0	37.0	33.0	37.0
9	35.81069627463374	37.0	37.0	37.0	33.0	37.0
10-11	35.84121588902572	37.0	37.0	37.0	33.0	37.0
12-13	35.78642328702084	37.0	37.0	37.0	33.0	37.0
14-15	37.70287258170312	40.0	37.0	40.0	33.0	40.0
16-17	37.66942335592334	40.0	37.0	40.0	33.0	40.0
18-19	37.63618749989803	40.0	37.0	40.0	33.0	40.0
20-21	37.59574545111102	40.0	37.0	40.0	33.0	40.0
22-23	37.5322116518499	40.0	37.0	40.0	33.0	40.0
24-25	37.45549494543476	40.0	37.0	40.0	33.0	40.0
26-27	37.38863391347567	40.0	37.0	40.0	33.0	40.0
28-29	37.31747952832634	40.0	37.0	40.0	33.0	40.0
30-31	37.235871637179294	40.0	37.0	40.0	33.0	40.0
32-33	37.13639560420788	40.0	37.0	40.0	33.0	40.0
34-35	37.04666522091732	40.0	37.0	40.0	33.0	40.0
36-37	36.94114022341556	40.0	37.0	40.0	33.0	40.0
38-39	36.82760928701804	40.0	37.0	40.0	33.0	40.0
40-41	36.70240281819149	40.0	37.0	40.0	33.0	40.0
42-43	36.55555850982	40.0	37.0	40.0	33.0	40.0
44-45	36.405183207838476	40.0	37.0	40.0	33.0	40.0
46-47	36.22988940045582	37.0	37.0	40.0	33.0	40.0
48-49	36.04459326506495	37.0	37.0	40.0	33.0	40.0
50-51	35.4693988444593	37.0	35.0	40.0	30.0	40.0
52-53	35.36653814390789	37.0	35.0	40.0	27.0	40.0
54-55	35.465218112714865	37.0	37.0	40.0	27.0	40.0
56-57	35.38811334589951	37.0	35.0	40.0	27.0	40.0
58-59	35.37887129300495	37.0	37.0	40.0	27.0	40.0
60-61	35.32977143541894	37.0	37.0	40.0	27.0	40.0
62-63	35.154333434955134	37.0	33.0	40.0	27.0	40.0
64-65	34.93185261904473	37.0	33.0	40.0	27.0	40.0
66-67	34.70101359560019	37.0	33.0	37.0	27.0	40.0
68-69	34.465323690865034	37.0	33.0	37.0	27.0	40.0
70-71	34.22908045957221	37.0	33.0	37.0	27.0	40.0
72-73	33.980983587919454	37.0	33.0	37.0	27.0	40.0
74-75	33.758708639982956	37.0	33.0	37.0	27.0	38.5
76-77	33.536290610851964	37.0	33.0	37.0	27.0	37.0
78-79	33.36661457877685	37.0	33.0	37.0	27.0	37.0
80-81	33.266046985879726	37.0	33.0	37.0	27.0	37.0
82-83	33.111372976305525	37.0	33.0	37.0	27.0	37.0
84-85	32.963292004227426	37.0	33.0	37.0	27.0	37.0
86-87	32.82944251478271	37.0	33.0	37.0	27.0	37.0
88-89	32.70290772370456	37.0	33.0	37.0	27.0	37.0
90-91	32.56539928816254	37.0	33.0	37.0	27.0	37.0
92-93	32.43673447065262	37.0	33.0	37.0	27.0	37.0
94-95	32.2875213438798	37.0	33.0	37.0	22.0	37.0
96-97	32.121464922433844	37.0	33.0	37.0	22.0	37.0
98-99	31.94933621089521	37.0	33.0	37.0	22.0	37.0
100	31.115934228009973	33.0	33.0	37.0	15.0	37.0
>>END_MODULE
>>Per sequence quality scores	pass
#Quality	Count
2	267995.0
3	73738.0
4	63692.0
5	60303.0
6	61172.0
7	65567.0
8	70968.0
9	76712.0
10	84088.0
11	87775.0
12	90616.0
13	92542.0
14	93686.0
15	95476.0
16	98300.0
17	100540.0
18	103337.0
19	108852.0
20	117470.0
21	131054.0
22	152745.0
23	184561.0
24	224217.0
25	274205.0
26	334302.0
27	410080.0
28	502311.0
29	625031.0
30	787935.0
31	1017906.0
32	1344514.0
33	1809712.0
34	2476291.0
35	3601569.0
36	6359680.0
37	1.3534618E7
38	1.2154458E7
39	68664.0
>>END_MODULE
>>Per base sequence content	fail
#Base	G	A	T	C
1	23.747393947020722	12.695677271720552	13.656727944594083	49.900200836664645
2	22.81081669034711	18.83338048504733	37.63809342523821	20.717709399367347
3	28.277940309683068	21.90910467285724	23.878404696648893	25.9345503208108
4	28.31075998957635	29.261438808909602	18.885596369143542	23.5422048323705
5	29.708784390464306	30.613074429459903	20.723516119872382	18.954625060203412
6	23.432609274159624	33.540562384145375	20.816715537798668	22.210112803896326
7	20.407502867486183	17.007440508002624	39.22140842152568	23.363648202985516
8	21.097084294618064	20.953874188549626	28.02685616207374	29.922185354758568
9	21.910266045801787	20.562476637556916	30.489925727564266	27.037331589077034
10-11	25.716609687522073	29.476929925661217	20.767552680354896	24.038907706461814
12-13	23.777984634030865	23.394482804725918	27.241348813958684	25.58618374728453
14-15	24.31131907460133	24.667794347242086	26.321456485936423	24.69943009222016
16-17	25.18957468701738	24.95368829435871	25.158061181988522	24.698675836635395
18-19	25.03067876578425	25.258865486628	24.957075038171443	24.753380709416312
20-21	24.93165474849257	25.334993915058483	25.05042824684656	24.682923089602387
22-23	24.752593775399237	25.45857610606832	25.30224407357399	24.48658604495845
24-25	24.747995102888233	25.549616119092683	25.21171858672385	24.490670191295234
26-27	24.44378056326173	25.533701794711188	25.474099963185658	24.54841767884142
28-29	24.531879673883026	25.225442054066637	25.374409291430446	24.868268980619888
30-31	24.599848548925436	25.52939444997152	25.2343180784049	24.636438922698147
32-33	24.745230985155388	25.368831923062917	25.307017820029603	24.57891927175209
34-35	24.89272164419623	25.36667696147828	25.0285746657074	24.712026728618095
36-37	24.758690348686084	25.305465698132856	25.165351749512823	24.77049220366824
38-39	24.596332444764585	25.448964520065765	25.3881062356238	24.566596799545852
40-41	24.69813137894766	25.338259380698936	25.1522616998332	24.811347540520206
42-43	24.565892872192567	25.26766386979678	25.293976673414555	24.872466584596104
44-45	24.479578790365416	25.49995803807657	25.43667466668148	24.583788504876534
46-47	24.612743724064	25.462042544284426	25.20635276626345	24.718860965388124
48-49	24.62615481843814	25.410428957257526	25.19981059808628	24.763605626218055
50-51	24.642631236254196	25.471223494843827	25.20137548536818	24.684769783533795
52-53	24.73147002636891	25.514971830000803	25.04050595299056	24.713052190639726
54-55	24.4705109622436	25.36664900038123	25.31331224523814	24.849527792137025
56-57	24.446957808030504	25.30775089450265	25.401252636912442	24.844038660554403
58-59	24.67226741861717	25.325863543765838	25.21658787676605	24.785281160850946
60-61	24.42713161325059	25.420281267747463	25.263057393530076	24.889529725471867
62-63	24.586225241639713	25.472114591392568	25.251934608582115	24.689725558385607
64-65	24.71877374704782	25.415660373390565	25.149713316928523	24.715852562633092
66-67	24.455540231911257	25.486096029247463	25.20189067899341	24.856473059847872
68-69	24.625245610135398	25.454790219532047	25.37405125649724	24.545912913835316
70-71	24.794041936242017	25.342401229578453	25.20293980550865	24.660617028670877
72-73	24.612503897919506	25.475241671009314	25.08061002178649	24.831644409284685
74-75	24.72872049427315	25.593134666310558	25.19117805784588	24.486966781570413
76-77	24.786094046638464	25.35730599028765	25.247276971201337	24.609322991872553
78-79	24.725038668371038	25.277233001942985	25.297955910128934	24.699772419557046
80-81	24.6463358846115	25.498776518253223	25.35505004623503	24.499837550900246
82-83	24.786425286283816	25.321211740149774	25.228237762426197	24.664125211140206
84-85	24.681949235253853	25.443187997747735	25.289564512545653	24.585298254452756
86-87	24.582813641478193	25.578235508257276	25.321273131357593	24.517677718906945
88-89	24.802693035702262	25.39060998866202	25.1707653803899	24.635931595245815
90-91	24.549632766545805	25.421893485141634	25.375834042256486	24.652639706056075
92-93	24.617399340438787	25.520006275745338	25.360850640216796	24.501743743599075
94-95	24.82354830219732	25.45432130544338	25.046150252949946	24.675980139409358
96-97	24.807883588335574	25.029451355868847	25.26753098018178	24.895134075613797
98-99	24.03155853792192	24.823703841419857	25.937517938974874	25.207219681683345
100	25.392799230992313	24.046484655464823	25.134403795902266	25.426312317640598
>>END_MODULE
>>Per sequence GC content	warn
#GC Content	Count
0	153.0
1	108.0
2	69.0
3	90.5
4	125.0
5	175.5
6	239.5
7	309.5
8	381.0
9	463.0
10	554.0
11	666.0
12	811.0
13	1031.0
14	1430.0
15	1940.5
16	2918.0
17	4576.5
18	7302.0
19	12213.0
20	21899.0
21	36173.5
22	56080.0
23	80554.5
24	115900.5
25	160889.0
26	214602.5
27	274781.5
28	336154.5
29	408437.0
30	469775.0
31	520152.5
32	590185.5
33	648973.5
34	689418.0
35	764690.0
36	844117.0
37	908853.5
38	969626.5
39	1028886.5
40	1090558.0
41	1145637.0
42	1213797.0
43	1287296.5
44	1332505.5
45	1383248.5
46	1439851.5
47	1447633.5
48	1453651.0
49	1486005.0
50	1527650.5
51	1547663.5
52	1528848.5
53	1472174.0
54	1418531.5
55	1443355.0
56	1504520.0
57	1503897.5
58	1499297.5
59	1498204.0
60	1485091.0
61	1422911.0
62	1262025.0
63	1053974.5
64	864624.5
65	737068.0
66	646575.0
67	575344.5
68	500929.0
69	420319.5
70	329245.0
71	245719.0
72	193895.0
73	156283.0
74	122976.0
75	98790.5
76	81038.0
77	68939.0
78	56532.5
79	44652.0
80	34365.0
81	25322.0
82	17545.0
83	11949.0
84	7722.5
85	5447.5
86	4120.5
87	2932.0
88	2043.0
89	1536.5
90	1188.5
91	953.5
92	772.0
93	571.0
94	418.0
95	343.0
96	277.0
97	208.0
98	149.0
99	123.5
100	211.0
>>END_MODULE
>>Per base N content	pass
#Base	N-Count
1	0.0014014777264818336
2	1.4642304605034084E-5
3	0.0
4	0.0
5	1.4642304605034084E-5
6	0.0
7	0.0
8	0.0
9	5.27122965781227E-4
10-11	1.8825820206472392E-5
12-13	0.0
14-15	0.0
16-17	4.0580101333951603E-4
18-19	0.0
20-21	0.0
22-23	0.0
24-25	3.1377259299945103E-6
26-27	0.0
28-29	0.0
30-31	0.0
32-33	0.0
34-35	0.0
36-37	0.0
38-39	0.0
40-41	0.0
42-43	0.0
44-45	0.0
46-47	0.0
48-49	7.427110287336485E-5
50-51	1.0460887453153008E-6
52-53	3.7136813600928035E-4
54-55	5.230631789078916E-6
56-57	1.8621434101292087E-4
58-59	0.002688663603522091
60-61	5.2309961336765996E-6
62-63	1.0462291959024517E-6
64-65	8.91413658813431E-4
66-67	0.0
68-69	1.6218079641045977E-4
70-71	3.7669355536656005E-5
72-73	0.0
74-75	0.0
76-77	3.1396098473821004E-4
78-79	3.1398247150988466E-4
80-81	0.0071552457423932755
82-83	0.005288530643627683
84-85	6.2294966456778E-4
86-87	3.790732546917593E-4
88-89	5.236988717242976E-6
90-91	4.190935018033331E-5
92-93	3.4275816615827873E-4
94-95	0.0
96-97	1.1580617415353582E-5
98-99	2.9062947286831788E-5
100	8.331378222225112E-4
>>END_MODULE
>>Sequence Length Distribution	warn
#Length	Count
20-21	571.0
22-23	635.0
24-25	571.0
26-27	619.0
28-29	600.0
30-31	543.0
32-33	584.0
34-35	608.0
36-37	597.0
38-39	599.0
40-41	667.0
42-43	619.0
44-45	734.0
46-47	689.0
48-49	735.0
50-51	863.0
52-53	841.0
54-55	958.0
56-57	1097.0
58-59	1180.0
60-61	1344.0
62-63	1416.0
64-65	1420.0
66-67	1557.0
68-69	1897.0
70-71	2249.0
72-73	2427.0
74-75	2713.0
76-77	3079.0
78-79	3930.0
80-81	5081.0
82-83	6610.0
84-85	8185.0
86-87	10089.0
88-89	13567.0
90-91	19771.0
92-93	25939.0
94-95	79402.0
96-97	1150798.0
98-99	0.0
100-101	4.6450898E7
>>END_MODULE
>>Sequence Duplication Levels	fail
#Total Deduplicated Percentage	38.154560981665156
#Duplication Level	Percentage of deduplicated	Percentage of total
1	74.25282467108964	28.330839269739805
2	12.551187948695405	9.577701319616793
3	4.756693922304655	5.444687049890671
4	2.3349581814899882	3.56357217301191
5	1.344096751767022	2.5641710740276453
6	0.9108950767317442	2.0852881051835936
7	0.6090548637711248	1.6266754658654605
8	0.4636391807976638	1.4151959517786994
9	0.3282649046806906	1.1272322991401917
>10	2.042821003771602	14.820117254144083
>50	0.21293018711386072	5.673085991690829
>100	0.16683563653490974	12.647994245329045
>500	0.01685738396971306	4.391228773521401
>1k	0.008628277276717883	5.837373214878441
>5k	2.627452673917473E-4	0.6388073572026177
>10k+	4.926473763595262E-5	0.25603045497886884
>>END_MODULE
>>Overrepresented sequences	pass
>>END_MODULE
>>Adapter Content	pass
#Position	Illumina Universal Adapter	Illumina Small RNA 3' Adapter	Illumina Small RNA 5' Adapter	Nextera Transposase Sequence	SOLID Small RNA Adapter
1	2.0917578007191545E-6	1.4642304605034082E-5	0.0	6.275273402157464E-6	2.0917578007191545E-6
2	2.0917578007191545E-6	5.2293945017978864E-5	0.0	5.6477460619417176E-5	2.0917578007191545E-6
3	2.0917578007191545E-6	5.2293945017978864E-5	0.0	6.484449182229379E-5	2.0917578007191545E-6
4	6.275273402157464E-6	5.2293945017978864E-5	0.0	6.902800742373211E-5	6.275273402157464E-6
5	6.275273402157464E-6	5.4385702818698024E-5	0.0	6.902800742373211E-5	6.275273402157464E-6
6	8.367031202876618E-6	6.066097622085549E-5	0.0	7.111976522445126E-5	6.275273402157464E-6
7	8.367031202876618E-6	9.20373432316428E-5	0.0	7.739503862660872E-5	6.275273402157464E-6
8	8.367031202876618E-6	9.412910103236197E-5	0.0	7.739503862660872E-5	6.275273402157464E-6
9	8.367031202876618E-6	1.0249613223523858E-4	0.0	8.157855422804704E-5	6.275273402157464E-6
10-11	1.568818350539366E-5	1.150466790395535E-4	0.0	8.157855422804704E-5	6.275273402157464E-6
12-13	2.1963456907551124E-5	1.2132195244171098E-4	0.0	8.157855422804704E-5	6.275273402157464E-6
14-15	3.451400371186605E-5	1.2968898364458758E-4	1.0458789003595773E-6	8.785382763020451E-5	6.275273402157464E-6
16-17	3.9743398213663936E-5	1.3596425704674506E-4	2.0917578007191545E-6	9.831261663380027E-5	6.275273402157464E-6
18-19	5.856921842013633E-5	1.526983194524983E-4	2.0917578007191545E-6	1.0981728453775562E-4	9.412910103236196E-6
20-21	7.739503862660872E-5	1.6420298735645363E-4	2.0917578007191545E-6	1.2027607354135139E-4	1.0458789003595774E-5
22-23	9.099146433128323E-5	1.7257001855933027E-4	2.0917578007191545E-6	1.2132195244171098E-4	1.0458789003595774E-5
24-25	1.1190904233847478E-4	1.7361589745968985E-4	2.0917578007191545E-6	1.3491837814638547E-4	1.2550546804314928E-5
26-27	1.2968898364458758E-4	1.798911708618473E-4	2.0917578007191545E-6	1.443312882496217E-4	1.2550546804314928E-5
28-29	1.4537716714998125E-4	1.8616644426400477E-4	2.0917578007191545E-6	1.5060656165177914E-4	1.2550546804314928E-5
30-31	1.6838650295789194E-4	1.9244171766616224E-4	2.0917578007191545E-6	1.526983194524983E-4	1.2550546804314928E-5
32-33	1.9976286996867927E-4	1.9662523326760054E-4	2.0917578007191545E-6	1.5897359285465575E-4	1.2550546804314928E-5
34-35	2.3532275258090492E-4	1.9871699106831968E-4	2.0917578007191545E-6	1.5897359285465575E-4	1.2550546804314928E-5
36-37	2.5310269388701767E-4	2.1126753787263462E-4	2.0917578007191545E-6	1.5897359285465575E-4	1.4642304605034082E-5
38-39	2.719285140934901E-4	2.123134167729942E-4	2.0917578007191545E-6	1.621112295557345E-4	1.4642304605034082E-5
40-41	2.8343318199744547E-4	2.164969323744325E-4	2.0917578007191545E-6	1.6420298735645366E-4	1.6734062405753236E-5
42-43	3.0853427560607535E-4	2.2381808467694957E-4	2.0917578007191545E-6	1.7779941306112816E-4	1.8825820206472392E-5
44-45	3.325894903143456E-4	2.3532275258090492E-4	2.0917578007191545E-6	1.7884529196148771E-4	2.0917578007191548E-5
46-47	3.6187409952441376E-4	2.457815415845007E-4	2.0917578007191545E-6	1.8407468646328563E-4	2.0917578007191548E-5
48-49	3.890669509337628E-4	2.5937796728917517E-4	2.0917578007191545E-6	1.8825820206472393E-4	2.0917578007191548E-5
50-51	3.9743398213663936E-4	2.7088263519313053E-4	2.0917578007191545E-6	1.9557935436724096E-4	2.0917578007191548E-5
52-53	4.3194798584850544E-4	2.9702960770211994E-4	2.0917578007191545E-6	2.0290050666975801E-4	2.30093358079107E-5
54-55	4.549573216564161E-4	3.1480954900823274E-4	2.0917578007191545E-6	2.0603814337083674E-4	2.30093358079107E-5
56-57	4.622784739589332E-4	3.2736009581254774E-4	2.0917578007191545E-6	2.133592956733538E-4	2.30093358079107E-5
58-59	4.884254464679225E-4	3.367730059157839E-4	2.0917578007191545E-6	2.2381808467694957E-4	2.7192851409349012E-5
60-61	5.124806611761928E-4	3.461859160190201E-4	2.0917578007191545E-6	2.6146972508989434E-4	2.7192851409349012E-5
62-63	5.354899969841037E-4	3.58736462823335E-4	2.0917578007191545E-6	2.6774499849205183E-4	2.9284609210068164E-5
64-65	5.61636969493093E-4	3.6187409952441376E-4	2.0917578007191545E-6	2.8343318199744547E-4	2.9284609210068164E-5
66-67	5.940592154042399E-4	3.7128700962764995E-4	2.0917578007191545E-6	2.9389197100104125E-4	3.137636701078732E-5
68-69	6.296190980164655E-4	3.8069991973088615E-4	2.0917578007191545E-6	3.0958015450643494E-4	3.137636701078732E-5
70-71	6.620413439276124E-4	3.922045876348415E-4	2.0917578007191545E-6	3.2003894351003066E-4	3.346812481150647E-5
72-73	6.819130430344444E-4	4.1521392344275217E-4	2.0917578007191545E-6	3.346812481150647E-4	3.346812481150647E-5
74-75	7.038764999419956E-4	4.3194798584850544E-4	2.0917578007191545E-6	3.5036943162045846E-4	3.346812481150647E-5
76-77	7.258399568495467E-4	4.434526537524608E-4	2.0917578007191545E-6	3.671034940262117E-4	3.346812481150647E-5
78-79	7.446657770560191E-4	4.4554441155317996E-4	2.0917578007191545E-6	3.691952518269308E-4	3.660576151258521E-5
80-81	7.561704449599745E-4	4.486820482542587E-4	2.0917578007191545E-6	3.848834353323245E-4	3.869751931330436E-5
82-83	7.938220853729193E-4	4.5704907945713527E-4	2.0917578007191545E-6	3.9011282983412234E-4	3.9743398213663936E-5
84-85	8.231066945829874E-4	4.852878097668439E-4	2.0917578007191545E-6	4.068468922398756E-4	4.392691381510225E-5
86-87	8.408866358891002E-4	5.07251266674395E-4	2.0917578007191545E-6	4.8633368866720343E-4	4.392691381510225E-5
88-89	8.419325147894597E-4	5.135265400765525E-4	3.137636701078732E-6	5.229394501797887E-4	4.706455051618098E-5
>>END_MODULE
