##FastQC	0.11.8
>>Basic Statistics	pass
#Measure	Value
Filename	forward.gz
File type	Conventional base calls
Encoding	Sanger / Illumina 1.9
Total Sequences	80651371
Sequences flagged as poor quality	0
Sequence length	100
%GC	49
>>END_MODULE
>>Per base sequence quality	pass
#Base	Mean	Median	Lower Quartile	Upper Quartile	10th Percentile	90th Percentile
1	32.662164490669355	33.0	33.0	33.0	33.0	33.0
2	32.702045288231986	33.0	33.0	33.0	33.0	33.0
3	32.59635011040296	33.0	33.0	33.0	33.0	33.0
4	34.0696866393009	37.0	37.0	37.0	33.0	37.0
5	34.945585376347786	37.0	37.0	37.0	33.0	37.0
6	36.034727903137565	37.0	37.0	37.0	33.0	37.0
7	36.32672403051896	37.0	37.0	37.0	33.0	37.0
8	36.342886669589284	37.0	37.0	37.0	37.0	37.0
9	36.36049539691024	37.0	37.0	37.0	37.0	37.0
10-11	36.357895193126964	37.0	37.0	37.0	37.0	37.0
12-13	36.32826130134849	37.0	37.0	37.0	37.0	37.0
14-15	38.18649107651251	40.0	37.0	40.0	35.0	40.0
16-17	38.20440103863827	40.0	37.0	40.0	35.0	40.0
18-19	38.17698443092802	40.0	37.0	40.0	33.0	40.0
20-21	38.16918770667891	40.0	37.0	40.0	33.0	40.0
22-23	38.08056750826964	40.0	37.0	40.0	33.0	40.0
24-25	38.04499087808439	40.0	37.0	40.0	33.0	40.0
26-27	36.529109784134974	40.0	37.0	40.0	27.5	40.0
28-29	36.47183410558514	40.0	37.0	40.0	27.5	40.0
30-31	37.4307306753657	40.0	37.0	40.0	33.0	40.0
32-33	37.442051381866776	40.0	37.0	40.0	33.0	40.0
34-35	37.41460075117632	40.0	37.0	40.0	33.0	40.0
36-37	37.3104852923083	40.0	37.0	40.0	33.0	40.0
38-39	37.23893317325009	40.0	37.0	40.0	33.0	40.0
40-41	37.19081376186401	40.0	37.0	40.0	33.0	40.0
42-43	37.19950862955572	40.0	37.0	40.0	33.0	40.0
44-45	37.22589371729342	40.0	37.0	40.0	33.0	40.0
46-47	37.08838819367374	40.0	37.0	40.0	33.0	40.0
48-49	36.929219833101165	38.5	37.0	40.0	33.0	40.0
50-51	36.80781771211304	37.0	37.0	40.0	33.0	40.0
52-53	36.64880174820587	37.0	37.0	40.0	33.0	40.0
54-55	36.47635242307288	37.0	37.0	40.0	33.0	40.0
56-57	36.30523522036594	37.0	37.0	40.0	33.0	40.0
58-59	36.07285321907299	37.0	37.0	40.0	33.0	40.0
60-61	35.86010732539191	37.0	37.0	40.0	33.0	40.0
62-63	35.61691845263238	37.0	35.0	40.0	33.0	40.0
64-65	35.34139792862294	37.0	33.0	38.5	30.0	40.0
66-67	35.087100788404456	37.0	33.0	37.0	27.0	40.0
68-69	34.85862456076537	37.0	33.0	37.0	27.0	40.0
70-71	34.60492161999329	37.0	33.0	37.0	27.0	40.0
72-73	34.34333996628526	37.0	33.0	37.0	27.0	38.5
74-75	34.1333248879303	37.0	33.0	37.0	27.0	37.0
76-77	33.30104199344609	35.0	33.0	37.0	27.0	37.0
78-79	33.67615782997663	37.0	33.0	37.0	27.0	37.0
80-81	33.57273491978208	37.0	33.0	37.0	27.0	37.0
82-83	33.41431119007264	37.0	33.0	37.0	27.0	37.0
84-85	33.37285609813131	37.0	33.0	37.0	27.0	37.0
86-87	33.214025995912706	37.0	33.0	37.0	27.0	37.0
88-89	33.06328018900014	37.0	33.0	37.0	27.0	37.0
90-91	32.89273757044998	37.0	33.0	37.0	27.0	37.0
92-93	32.71089377389505	37.0	33.0	37.0	27.0	37.0
94-95	32.524131865036736	37.0	33.0	37.0	27.0	37.0
96-97	32.34897794235884	37.0	33.0	37.0	27.0	37.0
98-99	32.1269778104578	33.0	33.0	37.0	24.5	37.0
100	30.75225060960216	33.0	33.0	37.0	22.0	37.0
>>END_MODULE
>>Per sequence quality scores	pass
#Quality	Count
2	329.0
3	294.0
4	538.0
5	1189.0
6	2860.0
7	7843.0
8	19461.0
9	35649.0
10	53629.0
11	66085.0
12	80762.0
13	89551.0
14	98861.0
15	108421.0
16	120281.0
17	133536.0
18	147676.0
19	161724.0
20	180508.0
21	206130.0
22	243639.0
23	297728.0
24	372382.0
25	473310.0
26	596519.0
27	751516.0
28	942644.0
29	1192172.0
30	1508497.0
31	1930632.0
32	2517109.0
33	3362674.0
34	4665333.0
35	7183202.0
36	1.3707084E7
37	2.523255E7
38	1.4128126E7
39	30927.0
>>END_MODULE
>>Per base sequence content	warn
#Base	G	A	T	C
1	28.226018227578255	12.899483793897742	12.707809381804447	46.16668859671956
2	20.936746382153874	18.87254836622678	32.80518566758152	27.38551958403782
3	24.38007780425704	21.20366930898174	23.348049470851524	31.068203415909696
4	26.54380353272395	27.986509570952737	19.841503923856333	25.628182972466977
5	31.49570265829703	28.625044700108077	20.304776964051857	19.574475677543038
6	25.60044515548285	33.170425583961865	20.407883704791576	20.821245555763706
7	22.145469789967983	19.754305230595524	36.615238691974625	21.484986287461872
8	22.686543047110757	22.401063709133968	28.071324416791377	26.841068826963898
9	22.954803830923098	20.90215676556819	30.54734432226825	25.595695081240464
10-11	25.88977935663363	29.365588837913243	21.746433175946876	22.99819862950625
12-13	24.467019289727883	23.904439888566802	26.51482452790542	25.113716293799893
14-15	24.728012993108326	24.838804662105495	26.001695619036656	24.431486725749522
16-17	25.450946379622515	24.73538598978125	25.128293559485325	24.68537407111091
18-19	25.192878339750635	24.86079243511631	25.018966604108627	24.92736262102443
20-21	25.022156163966514	24.800068804782004	25.181509933662504	24.996265097588978
22-23	25.103670587323307	25.008090687013862	25.10727746959193	24.7809612560709
24-25	25.076785837834002	24.98557549360243	25.142078319235956	24.79556034932761
26-27	25.002351644604655	25.36905370488693	24.979507551155464	24.649087099352958
28-29	25.074593586264022	24.79215325428256	25.068700320047878	25.064552839405547
30-31	24.81568232954176	24.809052020207947	25.170113097614365	25.205152552635923
32-33	24.90479922665726	24.947000723613677	25.18275430804364	24.965445741685418
34-35	25.15645420796092	24.894781587065097	24.98031283439027	24.96845137058371
36-37	24.936379735482397	24.908482881735384	25.104216557208947	25.050920825573268
38-39	24.869538707197393	24.995883628939154	25.086218403329436	25.04835926053402
40-41	24.99514004690413	24.928553231656696	25.068126792727913	25.00817992871126
42-43	24.87536907346967	24.913475821813886	25.216808639264325	24.99434646545212
44-45	24.8906962360016	24.97244593264238	25.28542382364345	24.851434007712573
46-47	24.97489732493993	25.101475752411456	24.957014990465133	24.96661193218348
48-49	24.84931557059568	25.121374975785287	25.094727086122077	24.934582367496954
50-51	24.919275431428023	24.98951980510341	25.190201538355318	24.901003225113246
52-53	24.968404071077085	25.044130763182682	25.05797190349574	24.929493262244492
54-55	24.7145241429564	24.977141140931924	25.17377789454963	25.134556821562043
56-57	24.772752890699365	24.9858949257698	25.26473034085769	24.976621842673147
58-59	24.935942909852294	24.990996185551957	25.120528235684365	24.952532668911385
60-61	24.753764754218967	24.982302116834227	25.26081825190968	25.00311487703713
62-63	24.690834919196412	25.07766798729672	25.29254782186896	24.938949271637902
64-65	24.814234750951275	25.059259933268237	25.16777783550076	24.95872748027973
66-67	24.72195554472577	25.025026396312484	25.234423260921034	25.01859479804071
68-69	24.849869840966264	25.127596271868097	25.261413647786103	24.76112023937954
70-71	24.935798015714074	25.10206132942252	25.103126881345734	24.85901377351767
72-73	24.722599424075042	25.21296041988909	25.12690457817165	24.93753557786422
74-75	24.71732629738914	25.274245056419346	25.168550757051904	24.839877889139608
76-77	24.824067581837696	25.213036577274224	25.061444792541664	24.901451048346416
78-79	24.79626460491017	25.13072862963359	25.207864706870474	24.86514205858576
80-81	24.77702613697763	25.175282078790147	25.13902141773481	24.90867036649742
82-83	24.848922730413328	25.213235880245737	25.025217367882696	24.91262402145824
84-85	24.705901290856296	25.302508828610186	25.115870896859406	24.875718983674112
86-87	24.75405407866903	25.396466171167248	25.14668209397731	24.70279765618641
88-89	24.829539663233355	25.263838115743976	25.07542769185444	24.831194529168226
90-91	24.708787225958773	25.252020308618917	25.099320941748292	24.93987152367402
92-93	24.641485711439966	25.39069270878506	25.13211987200325	24.83570170777172
94-95	24.81042674835583	25.37806628908695	25.028595911536833	24.78291105102039
96-97	24.76341916441323	25.24440517177678	25.10028075654104	24.891894907268952
98-99	24.740552710053546	25.338293309797912	25.13332701497096	24.787826965177587
100	24.849244218488437	25.22878913757827	24.802139004278008	25.119827639655277
>>END_MODULE
>>Per sequence GC content	pass
#GC Content	Count
0	205.0
1	156.0
2	97.5
3	91.5
4	98.5
5	147.5
6	195.5
7	212.5
8	278.0
9	402.0
10	493.5
11	588.5
12	766.5
13	1071.0
14	1550.5
15	2290.0
16	3543.0
17	5520.0
18	8991.0
19	14737.5
20	23973.0
21	37793.5
22	59142.5
23	89299.5
24	130027.5
25	183133.5
26	249127.0
27	325837.0
28	410501.0
29	505086.5
30	603089.5
31	706985.0
32	821991.5
33	935813.5
34	1051635.5
35	1200163.5
36	1362069.5
37	1530867.5
38	1690876.0
39	1834286.5
40	1970915.0
41	2084069.5
42	2215791.0
43	2358988.0
44	2465867.5
45	2545488.0
46	2595494.0
47	2628284.5
48	2636243.5
49	2623485.5
50	2622144.0
51	2595306.5
52	2599491.0
53	2610135.0
54	2578030.5
55	2573361.0
56	2515790.0
57	2402369.0
58	2312051.0
59	2220992.0
60	2135942.5
61	2044265.5
62	1923085.5
63	1768075.5
64	1594890.5
65	1401306.0
66	1203572.5
67	1048269.5
68	905397.5
69	758224.0
70	625274.5
71	507673.0
72	405599.0
73	327516.0
74	269528.0
75	214128.5
76	164530.0
77	128171.0
78	98379.5
79	70241.5
80	45738.5
81	27203.0
82	15332.0
83	8630.0
84	4662.0
85	2680.5
86	1731.0
87	1162.0
88	820.5
89	604.0
90	441.5
91	331.5
92	241.5
93	148.5
94	95.0
95	60.5
96	44.0
97	27.5
98	11.0
99	5.0
100	2.0
>>END_MODULE
>>Per base N content	warn
#Base	N-Count
1	0.0860617732090382
2	0.0
3	0.0
4	7.149269663376212
5	0.0
6	0.0
7	0.0
8	0.0
9	0.0
10-11	0.0
12-13	0.0
14-15	0.0
16-17	7.389830980058603E-4
18-19	4.98441619795899E-4
20-21	0.0
22-23	0.0
24-25	5.343988510747077E-4
26-27	2.4917102773119626
28-29	0.0
30-31	0.008141833075596445
32-33	0.01788066318178274
34-35	0.004528131332076178
36-37	0.007533659905173838
38-39	0.01610573985158913
40-41	0.041299979885028856
42-43	0.028031141590885045
44-45	0.02692328689613968
46-47	0.02668026560887601
48-49	0.03903033464861992
50-51	0.025683382369284212
52-53	0.005100967223483405
54-55	0.016859601803917258
56-57	0.004929240446513923
58-59	0.0027513481450922887
60-61	0.0076043344632046
62-63	0.03579418383352714
64-65	0.021338756907182645
66-67	0.0322368977459788
68-69	0.025525294542110142
70-71	0.04447785518735943
72-73	0.05218076206044904
74-75	0.015721369448263935
76-77	0.011739416060267592
78-79	0.002899516736051517
80-81	0.009301763760469739
82-83	0.015502526299273945
84-85	0.020295997200097192
86-87	0.00485608607942945
88-89	0.012891907317979753
90-91	0.027715585888800326
92-93	0.03694109552086845
94-95	0.02382476548352786
96-97	0.01876905477527468
98-99	0.010058105521851575
100	0.0078994317405962
>>END_MODULE
>>Sequence Length Distribution	pass
#Length	Count
100	8.0651371E7
>>END_MODULE
>>Sequence Duplication Levels	pass
#Total Deduplicated Percentage	70.76442509653853
#Duplication Level	Percentage of deduplicated	Percentage of total
1	88.47472482621399	62.60863037901478
2	6.5340722008092555	9.247597256590824
3	2.020183286570893	4.28871326591475
4	0.9546367193522242	2.7021727448402295
5	0.5507855945755327	1.9488012975796363
6	0.32759774561444976	1.390935967879717
7	0.21621252670407906	1.0710108605618898
8	0.16147270512362077	0.9141218517484734
9	0.11871194544410253	0.7560524314299205
>10	0.5824243006649001	7.308442091685291
>50	0.03456917155814764	1.678030733593866
>100	0.021478755238909127	2.902997768486438
>500	0.0018515939166300845	0.9011059099758351
>1k	0.0011694448761720418	1.5883735769495682
>5k	8.276801340772277E-5	0.37220309716213834
>10k+	2.6415323427996635E-5	0.3208107665866432
>>END_MODULE
>>Overrepresented sequences	pass
>>END_MODULE
>>Adapter Content	pass
#Position	Illumina Universal Adapter	Illumina Small RNA 3' Adapter	Illumina Small RNA 5' Adapter	Nextera Transposase Sequence	SOLID Small RNA Adapter
1	2.132635786191409E-4	1.1159140741699232E-5	0.0	2.4798090537109407E-6	0.0
2	3.1493574982128944E-4	4.339665843994146E-5	0.0	1.9838472429687525E-5	2.4798090537109407E-6
3	6.435104494379891E-4	4.5876467493652404E-5	0.0	2.6037995063964876E-5	2.4798090537109407E-6
4	0.0023768969779819366	4.711637202050787E-5	0.0	3.223751769824223E-5	4.959618107421881E-6
5	0.002979490578033695	4.9596181074218815E-5	0.0	3.595723127880864E-5	4.959618107421881E-6
6	0.004647162166654303	4.9596181074218815E-5	0.0	3.719713580566411E-5	7.439427161132822E-6
7	0.005231157198803229	7.563417613818368E-5	0.0	3.843704033251958E-5	8.679331687988293E-6
8	0.00648470067545411	8.183369877246104E-5	0.0	4.2156753913085993E-5	8.679331687988293E-6
9	0.008174690545558116	9.547264856787121E-5	0.0	4.339665843994146E-5	1.1159140741699232E-5
10-11	0.012157883838081314	1.1345126420727553E-4	1.8598567902832054E-6	4.5876467493652404E-5	1.1779093005126968E-5
12-13	0.018079047906079615	1.2585030947583024E-4	2.4798090537109407E-6	4.8976228810791074E-5	1.3638949795410173E-5
14-15	0.02504979115606107	1.4816859095922872E-4	2.4798090537109407E-6	5.207599012792975E-5	1.4878854322265643E-5
16-17	0.03148427569817753	1.7482653828662133E-4	2.4798090537109407E-6	5.6415655971923896E-5	1.5498806585693377E-5
18-19	0.03762056320158525	1.8474577450146507E-4	3.719713580566411E-6	6.261517860620125E-5	1.8598567902832054E-5
20-21	0.04316355638889263	1.9528496297973658E-4	3.719713580566411E-6	6.323513086962899E-5	1.9218520166259788E-5
22-23	0.04840277296712042	2.008645333505862E-4	3.719713580566411E-6	6.757479671362313E-5	1.9838472429687525E-5
24-25	0.053270638139555	2.1264362635571316E-4	3.719713580566411E-6	7.501422387475596E-5	2.0458424693115263E-5
26-27	0.05751607123950813	2.207030057802737E-4	4.959618107421881E-6	7.93538897187501E-5	2.1078376956542997E-5
28-29	0.0614831457731822	2.3000228973168974E-4	4.959618107421881E-6	8.30736032993165E-5	2.169832921997073E-5
30-31	0.0652047192105389	2.3744171689282258E-4	4.959618107421881E-6	9.361279177758802E-5	2.3558186010253936E-5
32-33	0.06865723336556796	2.4426119179052764E-4	4.959618107421881E-6	9.547264856787121E-5	2.7277899590820347E-5
34-35	0.07214446484734896	2.7277899590820345E-4	4.959618107421881E-6	9.857240988500989E-5	2.851780411767582E-5
36-37	0.07597267007401523	3.0997613171386757E-4	4.959618107421881E-6	1.0105221893872083E-4	3.719713580566411E-5
38-39	0.07971470193606503	3.2919465188012734E-4	4.959618107421881E-6	1.0601183704614271E-4	3.8437040332519576E-5
40-41	0.08350447012239878	3.3725403130468795E-4	4.959618107421881E-6	1.1717097778784195E-4	4.0296897122802785E-5
42-43	0.08700162084039464	3.490331243098149E-4	4.959618107421881E-6	1.2027073910498063E-4	4.153680164965825E-5
44-45	0.0903847003419198	3.632920263686528E-4	4.959618107421881E-6	1.2275054815869156E-4	4.339665843994146E-5
46-47	0.09381613611999232	3.837504510617681E-4	4.959618107421881E-6	1.2895007079296892E-4	4.4016610703369195E-5
48-49	0.09724075242316713	4.0482882801831107E-4	4.959618107421881E-6	1.376294024809572E-4	4.463656296679693E-5
50-51	0.10089785082512732	4.1846777781372126E-4	4.959618107421881E-6	1.4382892511523456E-4	4.711637202050787E-5
52-53	0.10467150025261196	4.4202596382397514E-4	4.959618107421881E-6	1.5622797038378927E-4	5.207599012792975E-5
54-55	0.10868445125377968	4.711637202050787E-4	4.959618107421881E-6	1.6180754075463888E-4	5.207599012792975E-5
56-57	0.11288400788623915	4.928620494250495E-4	4.959618107421881E-6	1.692469679157717E-4	5.393584691821296E-5
58-59	0.11760680422903164	5.31299089757569E-4	7.439427161132822E-6	1.7544649055004904E-4	5.4555799181640694E-5
60-61	0.12263833679901114	5.424582304992683E-4	8.059379424560557E-6	1.8970539260888694E-4	5.4555799181640694E-5
62-63	0.12807283834021865	5.877147457294929E-4	8.679331687988293E-6	1.9528496297973658E-4	5.6415655971923896E-5
64-65	0.13380181720655437	6.112729317397468E-4	9.299283951416027E-6	2.0520419919458033E-4	5.8895465025634845E-5
66-67	0.14008937306223845	6.354510700134286E-4	9.919236214843763E-6	2.1450348314599636E-4	6.199522634277352E-5
68-69	0.14682515440438082	6.497099720722665E-4	9.919236214843763E-6	2.2876238520483426E-4	6.261517860620125E-5
70-71	0.15439911120667743	6.850472510876474E-4	9.919236214843763E-6	2.430212872636722E-4	6.323513086962899E-5
72-73	0.16321979201072725	7.290638617910165E-4	9.919236214843763E-6	2.535604757419437E-4	6.385508313305673E-5
74-75	0.17324875977619775	7.588215704355478E-4	9.919236214843763E-6	2.6037995063964874E-4	6.509498765991219E-5
76-77	0.18409854433844652	7.761802338115244E-4	9.919236214843763E-6	2.665794732739261E-4	6.571493992333993E-5
78-79	0.19664327838890674	7.842396132360849E-4	9.919236214843763E-6	2.758787572253421E-4	6.571493992333993E-5
80-81	0.21151531323627468	7.953987539777842E-4	9.919236214843763E-6	3.025367045527348E-4	6.819474897705086E-5
82-83	0.23088014213670344	8.065578947194835E-4	9.919236214843763E-6	3.1307589303100625E-4	6.88147012404786E-5
84-85	0.25592249386560334	8.288761762028819E-4	1.0539188478271498E-5	3.310545086704106E-4	6.943465350390634E-5
86-87	0.28555435220065883	8.561540757937023E-4	1.1159140741699232E-5	4.3768629797998103E-4	6.943465350390634E-5
88-89	0.32054011828267615	8.654533597451182E-4	1.1779093005126968E-5	4.7674329057592835E-4	7.005460576733408E-5
>>END_MODULE
