##FastQC	0.11.8
>>Basic Statistics	pass
#Measure	Value
Filename	SRR3184279_1.gz
File type	Conventional base calls
Encoding	Sanger / Illumina 1.9
Total Sequences	82427768
Sequences flagged as poor quality	0
Sequence length	0-100
%GC	50
>>END_MODULE
>>Per base sequence quality	pass
#Base	Mean	Median	Lower Quartile	Upper Quartile	10th Percentile	90th Percentile
1	32.62183727839154	33.0	33.0	33.0	33.0	33.0
2	32.67760879509071	33.0	33.0	33.0	33.0	33.0
3	32.302772883294175	33.0	33.0	33.0	33.0	33.0
4	36.4084690410624	37.0	37.0	37.0	37.0	37.0
5	36.453266876240214	37.0	37.0	37.0	37.0	37.0
6	36.439614663628745	37.0	37.0	37.0	37.0	37.0
7	36.41769387578239	37.0	37.0	37.0	37.0	37.0
8	36.39921711941625	37.0	37.0	37.0	37.0	37.0
9	36.39538815228758	37.0	37.0	37.0	37.0	37.0
10-11	36.401204527768	37.0	37.0	37.0	37.0	37.0
12-13	36.36374828268927	37.0	37.0	37.0	37.0	37.0
14-15	38.35437418777957	40.0	37.0	40.0	37.0	40.0
16-17	38.33729430483855	40.0	37.0	40.0	37.0	40.0
18-19	38.29377469948107	40.0	37.0	40.0	37.0	40.0
20-21	38.23876404455025	40.0	37.0	40.0	35.0	40.0
22-23	38.17663152101969	40.0	37.0	40.0	33.0	40.0
24-25	38.116541857534735	40.0	37.0	40.0	33.0	40.0
26-27	37.971572248307126	40.0	37.0	40.0	33.0	40.0
28-29	37.8614033048878	40.0	37.0	40.0	33.0	40.0
30-31	37.654005603732315	40.0	37.0	40.0	33.0	40.0
32-33	37.58954791579921	40.0	37.0	40.0	33.0	40.0
34-35	37.51432507992509	40.0	37.0	40.0	33.0	40.0
36-37	37.53956708228975	40.0	37.0	40.0	33.0	40.0
38-39	37.62830864597019	40.0	37.0	40.0	33.0	40.0
40-41	37.5760756730088	40.0	37.0	40.0	33.0	40.0
42-43	37.46751166428138	40.0	37.0	40.0	33.0	40.0
44-45	37.33760646008847	40.0	37.0	40.0	33.0	40.0
46-47	37.184791234030186	40.0	37.0	40.0	33.0	40.0
48-49	37.02238202035369	40.0	37.0	40.0	33.0	40.0
50-51	36.85730561680728	37.0	37.0	40.0	33.0	40.0
52-53	36.686598805972224	37.0	37.0	40.0	33.0	40.0
54-55	36.48821232972875	37.0	37.0	40.0	33.0	40.0
56-57	36.22155999125455	37.0	37.0	40.0	33.0	40.0
58-59	36.04599850622134	37.0	37.0	40.0	33.0	40.0
60-61	35.8147347112717	37.0	37.0	40.0	33.0	40.0
62-63	35.564369739716284	37.0	35.0	40.0	33.0	40.0
64-65	35.31433792622056	37.0	33.0	38.5	27.0	40.0
66-67	35.051354310824514	37.0	33.0	37.0	27.0	40.0
68-69	34.791493116387684	37.0	33.0	37.0	27.0	40.0
70-71	34.53463152736231	37.0	33.0	37.0	27.0	40.0
72-73	34.27645289784317	37.0	33.0	37.0	27.0	38.5
74-75	34.012588465199386	37.0	33.0	37.0	27.0	37.0
76-77	33.04371801013139	35.0	33.0	37.0	27.0	37.0
78-79	33.47163674968858	37.0	33.0	37.0	27.0	37.0
80-81	33.39662051269758	37.0	33.0	37.0	27.0	37.0
82-83	33.252756833996045	37.0	33.0	37.0	27.0	37.0
84-85	33.04350795980924	37.0	33.0	37.0	27.0	37.0
86-87	32.89037008710769	37.0	33.0	37.0	27.0	37.0
88-89	32.73710823567919	37.0	33.0	37.0	27.0	37.0
90-91	32.557411646839164	37.0	33.0	37.0	27.0	37.0
92-93	32.35569802953849	35.0	33.0	37.0	27.0	37.0
94-95	32.1328246612224	33.0	33.0	37.0	24.5	37.0
96-97	31.875190810202508	33.0	33.0	37.0	22.0	37.0
98-99	31.56221944268342	33.0	33.0	37.0	22.0	37.0
100	29.186371379764626	33.0	27.0	37.0	15.0	37.0
>>END_MODULE
>>Per sequence quality scores	pass
#Quality	Count
2	305.0
3	232.0
4	482.0
5	1202.0
6	3130.0
7	8227.0
8	20676.0
9	39632.0
10	57835.0
11	70182.0
12	82541.0
13	95410.0
14	108231.0
15	122667.0
16	138350.0
17	155069.0
18	171692.0
19	188531.0
20	208610.0
21	234993.0
22	268935.0
23	317871.0
24	388709.0
25	480775.0
26	603652.0
27	757875.0
28	946446.0
29	1192878.0
30	1501328.0
31	1912617.0
32	2473065.0
33	3276580.0
34	4491865.0
35	6737865.0
36	1.2427557E7
37	2.5642373E7
38	1.7172254E7
39	42165.0
>>END_MODULE
>>Per base sequence content	warn
#Base	G	A	T	C
1	28.414879845353113	12.724429529584338	13.391529321816858	45.46916130324569
2	21.61251010107266	18.980757745005814	31.75871364008533	27.648018513836192
3	24.264487434045765	20.783557531025885	23.400623508243985	31.55133152668436
4	27.09085106720438	26.069080079913025	20.045233737193524	26.794835115689075
5	31.329567402243498	27.13756568725935	21.29104559577604	20.24182131472111
6	26.17320999517478	31.639142374127744	20.672704859855006	21.514942770842474
7	22.319607946388807	18.83505115626727	36.90810671484544	21.937234182498482
8	23.008066594399025	21.941161054265585	28.27928764473466	26.771484706600734
9	22.627836190511026	20.698160539635698	31.0613460183908	25.612657251462473
10-11	25.80865081263483	28.76151229435409	22.09833139376948	23.331505499241597
12-13	24.707232582307288	23.76746529954107	26.37636925798808	25.148932860163566
14-15	25.030465512003257	24.773022189478034	25.81764901825888	24.37886328025983
16-17	25.65845885193338	24.6365186175737	24.957601201464357	24.74742132902856
18-19	25.357266677842322	24.747181744675895	24.90201049231632	24.99354108516546
20-21	25.27065126976671	24.765206473378633	24.969145641692016	24.99499661516264
22-23	25.41149658395026	24.754437144053888	24.916139267630694	24.917927004365158
24-25	25.286677904124655	24.92521251923148	24.927220090117707	24.86088948652616
26-27	25.212456971899606	25.01769248872398	24.913277641892954	24.85657289748346
28-29	25.288221083451077	24.698587476946102	24.75396443962439	25.25922699997843
30-31	25.089760509961646	24.744647199411787	24.830606108136138	25.334986182490425
32-33	25.154457848794014	24.85058547698767	24.938184493322353	25.056772180895965
34-35	25.41675325541982	24.743257780816624	24.70173708075915	25.138251883004404
36-37	25.209807735304846	24.74806523616101	24.809830816478545	25.232296212055598
38-39	25.206404760301844	24.85478918204684	24.824820741063938	25.113985316587378
40-41	25.40823589348129	24.65783978314187	24.67746038343981	25.256463939937024
42-43	25.120944233191967	24.733441232298556	24.899524878077433	25.246089656432048
44-45	25.17099613224516	24.836570065609546	24.94569542006062	25.046738382084673
46-47	25.301139890243498	24.82017550558507	24.71313177694296	25.165552827228478
48-49	25.151053488327406	24.82341029732585	24.840636872420614	25.184899341926126
50-51	25.18356299708127	24.851541757915	24.922265049353932	25.042630195649796
52-53	25.338712950698035	24.813550380026577	24.668381895778566	25.17935477349682
54-55	25.047589690179965	24.81034526516463	24.854176152493107	25.287888892162297
56-57	25.08951762792766	24.81141512221266	24.888028302919178	25.211038946940505
58-59	25.337239069976945	24.723360811364948	24.71217022579943	25.227229892858677
60-61	25.090116114135853	24.81263674382939	24.85407948544995	25.24316765658481
62-63	24.999155028629755	25.012659386881243	24.88564067891447	25.102544905574533
64-65	25.160839695911548	24.859423388743433	24.770663030420064	25.209073884924955
66-67	25.059014284429942	24.92227667655505	24.871008576882367	25.14770046213264
68-69	25.204640186085005	24.950545447804455	24.882215128556325	24.962599237554215
70-71	25.248825910770833	24.84104279749175	24.764578072880717	25.145553218856698
72-73	25.027658196855413	24.996134133562016	24.8317600925417	25.144447577040875
74-75	25.066650735347856	25.129631204428236	24.80745697502043	24.996261085203482
76-77	25.261475915414504	24.934315540101117	24.686829545819087	25.11737899866529
78-79	25.09077502408546	24.91698189420244	24.919599637650347	25.072643444061754
80-81	25.116437232675914	24.97913287933007	24.95278413569326	24.951645752300756
82-83	25.19905097145127	24.77353780602182	24.86700441520624	25.16040680732067
84-85	24.99327742966056	24.926613954936432	24.942170265792708	25.137938349610305
86-87	25.001650422152128	25.103487401331375	24.97305202879018	24.92181014772632
88-89	25.14279216063172	24.947179588765007	24.71453074925299	25.19549750135028
90-91	24.965601906162068	24.947315283878346	24.826915100018848	25.26016770994074
92-93	24.931793506027695	25.077584558957128	24.87010364155919	25.120518293455984
94-95	25.201052407250824	24.9132021568551	24.68619469341008	25.199550742483996
96-97	25.039686895439367	24.722548191844762	24.951522065422196	25.28624284729368
98-99	24.39578765312497	24.400183089168426	25.42565540061295	25.77837385709365
100	25.20337102019993	23.701188361258524	24.71212856564069	26.383312052900855
>>END_MODULE
>>Per sequence GC content	pass
#GC Content	Count
0	128.0
1	102.5
2	77.5
3	77.5
4	85.5
5	101.0
6	122.0
7	147.0
8	187.0
9	247.0
10	311.5
11	408.0
12	554.5
13	758.0
14	1037.0
15	1503.0
16	2355.0
17	3777.5
18	6141.0
19	10090.0
20	16588.0
21	27210.0
22	44029.0
23	67795.0
24	100500.5
25	144065.0
26	200425.5
27	272028.5
28	356306.5
29	453848.5
30	556750.5
31	666873.5
32	782656.5
33	898930.0
34	1023586.0
35	1168240.5
36	1314341.5
37	1467326.0
38	1620583.0
39	1769310.0
40	1911107.5
41	2019568.0
42	2128860.5
43	2248411.0
44	2366495.5
45	2512831.5
46	2605566.5
47	2622474.0
48	2652823.5
49	2670582.5
50	2686816.5
51	2740006.5
52	2781636.5
53	2773235.5
54	2748512.0
55	2747206.0
56	2704992.0
57	2602313.5
58	2543367.0
59	2498726.0
60	2396291.0
61	2261387.5
62	2093431.5
63	1895309.0
64	1698561.5
65	1491926.5
66	1287871.0
67	1118777.5
68	951000.5
69	782657.5
70	631182.0
71	495153.5
72	400296.0
73	327444.0
74	267890.0
75	218183.0
76	174826.0
77	140404.5
78	105520.5
79	76358.5
80	55236.0
81	38391.0
82	25737.0
83	17635.0
84	11847.5
85	8296.0
86	6336.0
87	4713.0
88	3372.0
89	2565.0
90	2018.0
91	1619.0
92	1292.5
93	987.5
94	734.0
95	563.5
96	427.0
97	316.5
98	240.5
99	212.5
100	202.0
>>END_MODULE
>>Per base N content	pass
#Base	N-Count
1	0.1330207263884021
2	1.8216538904971056E-5
3	6.873711854557698E-4
4	0.0
5	0.0
6	0.0
7	0.0
8	0.0
9	0.0
10-11	0.0
12-13	0.0
14-15	0.0
16-17	0.0
18-19	0.0
20-21	0.0
22-23	6.740443062803404E-5
24-25	5.586703519315949E-5
26-27	6.072537087048653E-7
28-29	0.0
30-31	0.0
32-33	0.0
34-35	0.0
36-37	0.0
38-39	0.0
40-41	7.894635666116594E-6
42-43	5.951378717648654E-5
44-45	4.1295548732154384E-5
46-47	1.287457521417023E-4
48-49	1.9251264867313085E-4
50-51	0.001067633734728799
52-53	0.0
54-55	6.073115205659366E-7
56-57	0.0
58-59	0.0
60-61	0.0
62-63	0.0
64-65	0.0
66-67	0.0
68-69	0.0
70-71	0.0
72-73	0.0
74-75	0.0
76-77	0.0
78-79	6.076470362119109E-7
80-81	0.005677007793290064
82-83	0.0
84-85	0.0
86-87	0.0
88-89	0.0
90-91	0.0
92-93	0.0
94-95	0.0
96-97	0.0
98-99	0.0
100	0.0
>>END_MODULE
>>Sequence Length Distribution	fail
#Length	Count
0-1	85013.0
2-3	233.0
4-5	230.0
6-7	232.0
8-9	435.0
10-11	367.0
12-13	478.0
14-15	465.0
16-17	507.0
18-19	451.0
20-21	443.0
22-23	451.0
24-25	451.0
26-27	408.0
28-29	464.0
30-31	465.0
32-33	505.0
34-35	541.0
36-37	540.0
38-39	570.0
40-41	524.0
42-43	531.0
44-45	533.0
46-47	524.0
48-49	624.0
50-51	702.0
52-53	798.0
54-55	861.0
56-57	1007.0
58-59	1215.0
60-61	1496.0
62-63	1826.0
64-65	2112.0
66-67	2503.0
68-69	3172.0
70-71	4447.0
72-73	6415.0
74-75	8004.0
76-77	9695.0
78-79	12788.0
80-81	19051.0
82-83	28945.0
84-85	39168.0
86-87	49174.0
88-89	65044.0
90-91	92228.0
92-93	127607.0
94-95	269529.0
96-97	2263083.0
98-99	0.0
100-101	7.9320913E7
>>END_MODULE
>>Sequence Duplication Levels	fail
#Total Deduplicated Percentage	34.546517409553985
#Duplication Level	Percentage of deduplicated	Percentage of total
1	66.16135404886799	22.856443694888835
2	14.535986378595004	10.043354129863438
3	6.432147123328617	6.66624847730654
4	3.407556928828438	4.708768990632717
5	2.097537411815851	3.623130635724355
6	1.3674355827926008	2.834408230043291
7	1.0288950876949792	2.4881319441761427
8	0.7068068383471606	1.9534171796921593
9	0.5586513459975327	1.7369512605337079
>10	3.2694699902976256	20.662798554096437
>50	0.25804735999360084	6.173755632894882
>100	0.16006969982953045	10.41602619158928
>500	0.011270337737473613	2.632056175381523
>1k	0.0046204240626008496	2.6414797863128014
>5k	1.1270088254645532E-4	0.24516519628659042
>10k+	3.874092837534401E-5	0.31786392057738827
>>END_MODULE
>>Overrepresented sequences	warn
#Sequence	Count	Percentage	Possible Source
	84961	0.10307327501576896	No Hit
>>END_MODULE
>>Adapter Content	pass
#Position	Illumina Universal Adapter	Illumina Small RNA 3' Adapter	Illumina Small RNA 5' Adapter	Nextera Transposase Sequence	SOLID Small RNA Adapter
1	0.0	1.0918650617835485E-5	0.0	7.279100411890323E-6	0.0
2	0.0	8.613602154070215E-5	0.0	4.610096927530538E-5	0.0
3	1.2131834019817206E-6	9.220193855061076E-5	0.0	4.852733607926882E-5	1.2131834019817206E-6
4	4.8527336079268825E-6	9.948103896250108E-5	0.0	5.7019619893140865E-5	2.4263668039634413E-6
5	4.8527336079268825E-6	1.0797332277637313E-4	0.0	5.7019619893140865E-5	3.6395502059451617E-6
6	4.8527336079268825E-6	1.1161287298231828E-4	1.2131834019817206E-6	6.0659170099086024E-5	4.8527336079268825E-6
7	4.8527336079268825E-6	1.710588596794226E-4	1.2131834019817206E-6	6.0659170099086024E-5	4.8527336079268825E-6
8	4.8527336079268825E-6	1.880434273071667E-4	1.2131834019817206E-6	6.672508710899463E-5	4.8527336079268825E-6
9	4.8527336079268825E-6	2.1958619575869142E-4	1.2131834019817206E-6	6.915145391295807E-5	6.065917009908603E-6
10-11	6.672508710899463E-6	2.4688282230328013E-4	1.2131834019817206E-6	7.218441241791237E-5	6.065917009908603E-6
12-13	7.279100411890323E-6	2.6508057333300597E-4	1.2131834019817206E-6	7.885692112881184E-5	6.672508710899463E-6
14-15	7.279100411890323E-6	3.142145011132656E-4	1.2131834019817206E-6	7.946351282980269E-5	7.279100411890323E-6
16-17	7.885692112881184E-6	3.724473044083882E-4	1.2131834019817206E-6	8.492283813872043E-5	9.098875514862904E-6
18-19	8.492283813872043E-6	3.8093958822226024E-4	1.2131834019817206E-6	9.280853025160163E-5	1.4558200823780647E-5
20-21	8.492283813872043E-6	3.90645055438114E-4	1.2131834019817206E-6	9.948103896250109E-5	1.6377975926753225E-5
22-23	8.492283813872043E-6	4.0399007285991294E-4	1.2131834019817206E-6	1.0433377257042797E-4	1.6984567627744086E-5
24-25	9.098875514862904E-6	4.16728498580721E-4	1.2131834019817206E-6	1.1464583148727259E-4	1.6984567627744086E-5
26-27	1.0918650617835485E-5	4.246141906936022E-4	1.2131834019817206E-6	1.2738425720808065E-4	1.8197751029725808E-5
28-29	1.1525242318826346E-5	4.349262496104468E-4	1.2131834019817206E-6	1.4618859993879732E-4	2.062411783368925E-5
30-31	1.3345017421798926E-5	4.446317168263006E-4	1.2131834019817206E-6	1.6014020906158713E-4	2.183730123567097E-5
32-33	1.4558200823780647E-5	4.6161628445404466E-4	2.4263668039634413E-6	1.680259011744683E-4	2.305048463765269E-5
34-35	1.6377975926753225E-5	4.955854197095329E-4	2.4263668039634413E-6	1.7651818498834034E-4	2.4870259740625273E-5
36-37	1.7591159328734947E-5	5.410797972838473E-4	2.4263668039634413E-6	1.7955114349329463E-4	2.608344314260699E-5
38-39	1.8197751029725808E-5	5.659500570244727E-4	2.4263668039634413E-6	1.8076432689527637E-4	2.7903218245579575E-5
40-41	2.123070953468011E-5	5.847543997551893E-4	2.4263668039634413E-6	1.8743683560617583E-4	2.9116401647561293E-5
42-43	2.547685144161613E-5	5.938532752700523E-4	2.4263668039634413E-6	1.9592911942004787E-4	3.0936176750533876E-5
44-45	3.0329585049543012E-5	6.059851092898694E-4	2.4263668039634413E-6	2.0320821983193819E-4	3.3362543554497314E-5
46-47	3.6395502059451616E-5	6.223630852166226E-4	2.4263668039634413E-6	2.0684777003788336E-4	3.6395502059451616E-5
48-49	4.246141906936022E-5	6.448069781532844E-4	2.4263668039634413E-6	2.1412687044977368E-4	3.8215277162424196E-5
50-51	4.3068010770351084E-5	6.611849540800376E-4	2.4263668039634413E-6	2.226191542636457E-4	4.0035052265396775E-5
52-53	4.73141526772871E-5	7.169913905711969E-4	2.4263668039634413E-6	2.3111143807751777E-4	4.12482356673785E-5
54-55	4.9740519481250545E-5	7.976680868029812E-4	2.4263668039634413E-6	2.3596417168544463E-4	4.246141906936022E-5
56-57	5.277347798620485E-5	8.59540440304049E-4	2.4263668039634413E-6	2.4688282230328013E-4	4.42811941723328E-5
58-59	5.5199844790168285E-5	9.535621539576324E-4	2.4263668039634413E-6	2.565882895191339E-4	4.6707560976296244E-5
60-61	5.8839394996113444E-5	9.978433481299652E-4	2.4263668039634413E-6	2.9965630028948493E-4	4.73141526772871E-5
62-63	6.187235350106775E-5	0.001088832103278594	2.4263668039634413E-6	3.330188438439823E-4	4.8527336079268817E-5
64-65	6.854486221196721E-5	0.0011519176401816435	2.4263668039634413E-6	3.669879790994705E-4	4.974051948125054E-5
66-67	7.400418752088496E-5	0.0011792142667262323	2.4263668039634413E-6	3.8700550523216887E-4	5.095370288323226E-5
68-69	7.885692112881184E-5	0.0011974120177559583	2.4263668039634413E-6	4.118757649727941E-4	5.095370288323226E-5
70-71	8.492283813872043E-5	0.0012234954608985652	2.4263668039634413E-6	4.3674602471341936E-4	5.095370288323226E-5
72-73	9.826785556051936E-5	0.0012841546309976513	2.4263668039634413E-6	4.640426512580081E-4	5.277347798620485E-5
74-75	1.1282605638430001E-4	0.0013320753753759292	3.0329585049543015E-6	4.8224040228773393E-4	5.5199844790168285E-5
76-77	1.3830290782591614E-4	0.0013763565695482619	3.6395502059451617E-6	4.937656446065603E-4	6.0052578398095166E-5
78-79	1.5286110864969678E-4	0.0013854554450631247	3.6395502059451617E-6	4.99224969915478E-4	6.369212860404033E-5
80-81	1.668127177724866E-4	0.0013945543205779879	3.6395502059451617E-6	5.095370288323226E-4	6.793827051097634E-5
82-83	2.001752613269839E-4	0.001406686154597805	3.6395502059451617E-6	5.204556794501581E-4	6.793827051097634E-5
84-85	2.323246214794995E-4	0.0014697716915008543	3.6395502059451617E-6	5.410797972838473E-4	6.915145391295807E-5
86-87	2.493091891072436E-4	0.001528004494795977	3.6395502059451617E-6	5.877873582601435E-4	6.915145391295807E-5
88-89	2.505223725092253E-4	0.0015504483877326388	4.246141906936022E-6	6.193301267116683E-4	7.097122901593065E-5
>>END_MODULE
