##FastQC	0.11.8
>>Basic Statistics	pass
#Measure	Value
Filename	SRR3184287_reverse.gz
File type	Conventional base calls
Encoding	Sanger / Illumina 1.9
Total Sequences	92701616
Sequences flagged as poor quality	0
Sequence length	100
%GC	50
>>END_MODULE
>>Per base sequence quality	pass
#Base	Mean	Median	Lower Quartile	Upper Quartile	10th Percentile	90th Percentile
1	31.71090705689532	33.0	33.0	33.0	27.0	33.0
2	31.72964291151084	33.0	33.0	33.0	27.0	33.0
3	31.783366106584378	33.0	33.0	33.0	27.0	33.0
4	35.55652917636301	37.0	37.0	37.0	33.0	37.0
5	35.55622533052714	37.0	37.0	37.0	33.0	37.0
6	35.5413124189766	37.0	37.0	37.0	33.0	37.0
7	35.486143995591185	37.0	37.0	37.0	33.0	37.0
8	35.47033610503618	37.0	37.0	37.0	33.0	37.0
9	35.47540054749423	37.0	37.0	37.0	33.0	37.0
10-11	35.503616269213694	37.0	37.0	37.0	33.0	37.0
12-13	35.46018098541022	37.0	37.0	37.0	33.0	37.0
14-15	37.32476037958173	40.0	37.0	40.0	33.0	40.0
16-17	37.29739349959121	40.0	37.0	40.0	33.0	40.0
18-19	37.24594665642074	40.0	37.0	40.0	33.0	40.0
20-21	37.17987563992412	40.0	37.0	40.0	33.0	40.0
22-23	37.0684490225068	40.0	37.0	40.0	33.0	40.0
24-25	37.02276274234529	40.0	37.0	40.0	33.0	40.0
26-27	36.95010323228885	40.0	37.0	40.0	33.0	40.0
28-29	36.857685528373096	40.0	37.0	40.0	33.0	40.0
30-31	36.772886224550824	40.0	37.0	40.0	33.0	40.0
32-33	36.66950173770434	40.0	37.0	40.0	33.0	40.0
34-35	36.53398258451072	40.0	37.0	40.0	33.0	40.0
36-37	36.40431346417952	40.0	37.0	40.0	33.0	40.0
38-39	36.27211984632501	40.0	37.0	40.0	33.0	40.0
40-41	36.102711256942925	38.5	37.0	40.0	33.0	40.0
42-43	36.17149351528025	40.0	37.0	40.0	33.0	40.0
44-45	36.064290691545224	38.5	37.0	40.0	33.0	40.0
46-47	35.86181103358543	37.0	37.0	40.0	30.0	40.0
48-49	35.7072941910743	37.0	37.0	40.0	27.0	40.0
50-51	35.05502402460816	37.0	35.0	38.5	27.0	40.0
52-53	35.20406486225656	37.0	35.0	40.0	27.0	40.0
54-55	35.51249777565906	37.0	37.0	40.0	27.0	40.0
56-57	35.42828584023821	37.0	37.0	40.0	27.0	40.0
58-59	35.26542395981532	37.0	37.0	40.0	27.0	40.0
60-61	35.05441312371512	37.0	35.0	40.0	27.0	40.0
62-63	34.80355402865901	37.0	33.0	40.0	27.0	40.0
64-65	34.550768521662015	37.0	33.0	38.5	27.0	40.0
66-67	34.301538109109124	37.0	33.0	37.0	27.0	40.0
68-69	34.06408137480581	37.0	33.0	37.0	27.0	40.0
70-71	33.83115819685387	37.0	33.0	37.0	27.0	40.0
72-73	33.579729963930724	37.0	33.0	37.0	27.0	40.0
74-75	33.33500331321085	37.0	33.0	37.0	27.0	37.0
76-77	33.1302928688967	37.0	33.0	37.0	27.0	37.0
78-79	32.93529259511506	37.0	33.0	37.0	27.0	37.0
80-81	32.758164836090884	37.0	33.0	37.0	27.0	37.0
82-83	32.58973901814182	37.0	33.0	37.0	27.0	37.0
84-85	32.42361460559652	37.0	33.0	37.0	22.0	37.0
86-87	32.24151502385891	37.0	33.0	37.0	22.0	37.0
88-89	32.07354615047919	37.0	33.0	37.0	22.0	37.0
90-91	31.9080675950676	37.0	33.0	37.0	22.0	37.0
92-93	31.740921884252806	37.0	33.0	37.0	22.0	37.0
94-95	31.541430259425034	37.0	33.0	37.0	18.5	37.0
96-97	31.310450780059757	33.0	33.0	37.0	15.0	37.0
98-99	31.103368909987502	33.0	33.0	37.0	15.0	37.0
100	29.32317418285351	33.0	27.0	37.0	2.0	37.0
>>END_MODULE
>>Per sequence quality scores	pass
#Quality	Count
2	1155468.0
3	191227.0
4	142782.0
5	137485.0
6	139521.0
7	146048.0
8	152984.0
9	162985.0
10	175181.0
11	178043.0
12	179099.0
13	183663.0
14	190781.0
15	201235.0
16	210900.0
17	218667.0
18	225245.0
19	235490.0
20	252908.0
21	284342.0
22	329966.0
23	392853.0
24	473919.0
25	571120.0
26	692127.0
27	842181.0
28	1025066.0
29	1264710.0
30	1583039.0
31	2028644.0
32	2662678.0
33	3579382.0
34	4906824.0
35	7193608.0
36	1.2841041E7
37	2.6967334E7
38	2.0529358E7
39	53712.0
>>END_MODULE
>>Per base sequence content	warn
#Base	G	A	T	C
1	31.304816650295813	11.416675098382395	14.069288730458116	43.20921952086367
2	24.549049712332415	17.992254569873467	30.424973349448553	27.033722368345565
3	27.665421438921694	19.72663529169264	22.363970417659722	30.243972851725943
4	30.1936062043874	24.49387586168092	18.77190528623051	26.540612647701163
5	31.490829876812253	27.207274438334878	21.098734120957364	20.203161563895506
6	26.31508682183879	31.440741496092738	20.268899581134907	21.97527210093357
7	22.46068472597633	18.82231874235136	36.82317839441611	21.893818137256197
8	23.099409751026567	22.12451399737086	27.941252188920533	26.834824062682035
9	22.781736875639222	20.817230708076963	30.6868297969775	25.71420261930632
10-11	25.888128224488433	28.79595338896716	22.043732855688578	23.27218553085583
12-13	24.97535360550835	23.583482524161017	26.355698404980494	25.085465465350143
14-15	25.12499983414369	24.66777092989879	25.874819768126294	24.332409467831226
16-17	25.690204158142656	24.56428103026341	25.019753508129888	24.725761303464044
18-19	25.44227030559114	24.674838058189152	24.938362691775193	24.944528944444514
20-21	25.285266971409616	24.745684509758217	25.0231086030399	24.945939915792266
22-23	25.59646677607298	24.70459681117004	24.90833176327875	24.790604649478237
24-25	25.330327520564005	24.864974091897814	24.91958581480069	24.88511257273749
26-27	25.185747076915753	24.997865633398387	24.96247771106825	24.853909578617607
28-29	25.403165052733662	24.617789939809295	24.80307871666465	25.175966290792395
30-31	25.18240894437979	24.65902499423512	24.94946517098054	25.209100890404546
32-33	25.139746405606967	24.81655918633176	25.066367113619965	24.977327294441316
34-35	25.435973460210775	24.688093011353594	24.815311548632646	25.06062197980298
36-37	25.199386522425453	24.769287601200006	24.85506617652064	25.176259699853897
38-39	25.16446368364272	24.890350307658295	24.842476690899755	25.10270931779924
40-41	25.479408663627527	24.64264032418902	24.750353705654994	25.12759730652846
42-43	25.140540118897032	24.762446221450883	24.96725903948453	25.12975462016756
44-45	25.180396107880043	24.929450040948797	25.00630364269124	24.88385020847992
46-47	25.320602033171614	24.795254110411445	24.802873744041136	25.081270112375808
48-49	25.11887957420643	24.710671835226904	24.959708220021653	25.21074037054501
50-51	25.153876406910175	24.710833951552495	25.088163023698417	25.04712661783891
52-53	25.216555167255482	24.77604265488339	24.79062316801357	25.216779009847556
54-55	25.031633658686403	24.763831617324538	24.946918737174865	25.25761598681419
56-57	25.020750180352692	24.786543972774663	25.074928667302476	25.117777179570165
58-59	25.167890108061464	24.775358412469675	24.903518763246872	25.15323271622199
60-61	25.032607298855897	24.845339675263304	24.987260719637533	25.134792306243263
62-63	24.909509077247684	25.07061142305454	25.007980737384266	25.011898762313507
64-65	25.122964505248195	24.892644444058227	24.848889004970236	25.13550204572334
66-67	25.007090303370262	24.94914395017687	24.894499338923406	25.14926640752946
68-69	25.087174585820314	25.139606805016868	24.95345271064146	24.81976589852136
70-71	25.240471676214764	24.922621639206096	24.804291527892016	25.032615156687125
72-73	25.028849856073208	24.984680228323146	24.894713273214837	25.091756642388802
74-75	25.055256319645203	25.10988171740321	24.886579885953388	24.9482820769982
76-77	25.235677242348913	24.94357350521528	24.755441308946207	25.0653079434896
78-79	24.986909765600203	24.936477693741104	24.961689414534767	25.114923126123923
80-81	25.061360305692403	25.072774909635825	24.930725845781403	24.93513893889037
82-83	25.203416385776062	24.844156455407308	24.811169547979205	25.141257610837425
84-85	25.096783972796118	24.834558083657974	24.94793762463397	25.12072031891194
86-87	25.024768529085613	25.076502853120193	24.983013195715607	24.91571542207859
88-89	25.23899452538865	24.977753985160714	24.714272053240318	25.068979436210313
90-91	25.072460679281726	24.963658335091747	24.818824634219155	25.145056351407373
92-93	25.081766463959465	25.14743176450637	24.794429595686644	24.976372175847523
94-95	25.311388968456182	25.013853466465214	24.678029460855715	24.996728104222885
96-97	25.17807779124813	24.947621719484363	24.786931059869985	25.087369429397526
98-99	25.210097470656205	25.040145676757948	24.816692928018806	24.93306392456704
100	25.568840037428135	24.803616466806066	24.35145886120234	25.276084634563457
>>END_MODULE
>>Per sequence GC content	pass
#GC Content	Count
0	265.0
1	295.5
2	407.5
3	549.0
4	660.5
5	811.5
6	1023.0
7	1197.0
8	1354.5
9	1583.0
10	1818.0
11	2070.0
12	2399.0
13	2738.5
14	3159.5
15	3751.5
16	4758.0
17	6409.5
18	8917.0
19	12747.0
20	18951.0
21	29205.5
22	46078.0
23	67435.5
24	97245.0
25	138057.5
26	189542.5
27	256931.5
28	333598.0
29	422268.0
30	523791.0
31	642916.5
32	770877.5
33	905106.5
34	1064417.0
35	1255794.5
36	1450518.5
37	1650425.0
38	1838656.0
39	2037564.0
40	2230682.0
41	2375037.5
42	2588185.5
43	2820235.0
44	2892868.5
45	2972373.0
46	3079374.0
47	3074924.5
48	3075919.0
49	3101491.5
50	3153862.5
51	3164373.0
52	3127120.0
53	3110150.0
54	3051442.5
55	3003752.5
56	2913019.0
57	2757757.5
58	2645572.5
59	2559329.0
60	2457089.5
61	2319936.0
62	2191930.0
63	2054660.5
64	1881932.0
65	1681300.0
66	1472313.5
67	1293658.5
68	1118988.0
69	941921.5
70	777368.0
71	630790.5
72	516897.5
73	422273.5
74	346973.0
75	277960.0
76	214642.0
77	169098.5
78	128980.0
79	91138.0
80	61706.0
81	40900.0
82	26703.5
83	18228.0
84	12555.5
85	9504.0
86	7827.5
87	6631.5
88	5564.0
89	4776.0
90	4171.5
91	3628.0
92	3169.5
93	2754.0
94	2332.5
95	1960.0
96	1654.5
97	1362.0
98	1115.5
99	834.0
100	545.0
>>END_MODULE
>>Per base N content	pass
#Base	N-Count
1	0.02776327005993078
2	0.008062426872903705
3	8.295432519752406E-4
4	2.675250019373988E-4
5	2.8046976009566002E-5
6	1.8338407390870078E-4
7	0.0014250021272552572
8	0.0013408611992265593
9	0.0023591821743431094
10-11	0.0025010351491607224
12-13	4.638538340043608E-4
14-15	9.633057529439401E-4
16-17	0.007897920571309135
18-19	0.012523514153194481
20-21	0.032319285566715476
22-23	0.04346634043574817
24-25	0.030517267358100855
26-27	0.017301748008362657
28-29	0.019905262492942947
30-31	0.00955916453495266
32-33	4.25558924452838E-4
34-35	5.426011128004501E-4
36-37	0.002044193059158753
38-39	0.001388864677396778
40-41	0.002549038627330941
42-43	0.008317546481606103
44-45	0.007763079340493913
46-47	0.028647289169155366
48-49	0.03281334383642244
50-51	0.019482400393106416
52-53	0.0027469855541676857
54-55	1.2890821665935144E-4
56-57	6.628794906876273E-4
58-59	0.001023714624349159
60-61	0.0012173466317998167
62-63	0.0019940321212954908
64-65	0.008626602582634589
66-67	0.008760365083603288
68-69	0.012374110069451216
70-71	0.014973848999568681
72-73	0.02676382685712836
74-75	0.042707453988720105
76-77	0.027285392737921632
78-79	0.005017172516172749
80-81	2.1089168499500592E-4
82-83	0.002930908992999647
84-85	0.003964332185967503
86-87	0.007411413410527817
88-89	0.014742461447489762
90-91	0.012424271007314478
92-93	0.011983609865010335
94-95	0.01566909038565196
96-97	0.02808634964896405
98-99	0.020666306399664058
100	0.011787281032943374
>>END_MODULE
>>Sequence Length Distribution	pass
#Length	Count
100	9.2701616E7
>>END_MODULE
>>Sequence Duplication Levels	fail
#Total Deduplicated Percentage	35.21385701776357
#Duplication Level	Percentage of deduplicated	Percentage of total
1	69.71699550898353	24.550043115614113
2	13.151613835162527	9.262380982885087
3	5.578379096754317	5.893087317119629
4	2.973214997001446	4.18793471149917
5	1.7935210677913098	3.1578397219774916
6	1.2735284342316864	2.690750891465455
7	0.885419643960989	2.1825328520212977
8	0.6497886025602377	1.830525035386289
9	0.5045625881799544	1.5990835353013475
>10	3.0440613308259583	19.883184462251698
>50	0.2501005320885389	6.077263792357917
>100	0.1585480291353527	10.603740294763343
>500	0.013248200797034216	3.187258347457295
>1k	0.006766771364346368	4.194135601226788
>5k	2.0844584239011394E-4	0.48707829190581653
>10k+	4.291532049208229E-5	0.21316104676699002
>>END_MODULE
>>Overrepresented sequences	pass
>>END_MODULE
>>Adapter Content	pass
#Position	Illumina Universal Adapter	Illumina Small RNA 3' Adapter	Illumina Small RNA 5' Adapter	Nextera Transposase Sequence	SOLID Small RNA Adapter
1	2.0495867083913617E-5	1.725967754434831E-5	0.0	4.314919386087077E-6	1.0787298465217693E-6
2	2.9125705856087772E-5	1.4023488004783E-4	0.0	6.580252063782793E-5	1.0787298465217693E-6
3	7.551108925652386E-5	1.585732874387001E-4	0.0	7.0117440023915E-5	1.0787298465217693E-6
4	2.686037317839206E-4	1.6396693667130894E-4	0.0	8.09047384891327E-5	3.236189539565308E-6
5	3.354849822682703E-4	1.7151804559696133E-4	0.0	8.198346833565447E-5	3.236189539565308E-6
6	5.026881084791446E-4	1.7691169482957018E-4	0.0	8.414092802869801E-5	4.314919386087077E-6
7	5.814353872752337E-4	2.686037317839206E-4	0.0	8.414092802869801E-5	4.314919386087077E-6
8	7.195128076300202E-4	3.18225304723922E-4	0.0	8.521965787521978E-5	5.393649232608847E-6
9	8.985819621526339E-4	3.74319256743054E-4	0.0	8.629838772174155E-5	5.393649232608847E-6
10-11	0.0013947976915526477	4.072205170619679E-4	0.0	8.899521233804597E-5	5.933014155869731E-6
12-13	0.002071700670245058	4.325706684552295E-4	0.0	9.978251080326367E-5	7.011744002391501E-6
14-15	0.002818721088961383	4.924401749371877E-4	0.0	1.0841234957543783E-4	8.629838772174155E-6
16-17	0.003557111668905534	5.512309515726241E-4	0.0	1.1380599880804666E-4	9.708568618695924E-6
18-19	0.0042922660593101205	5.630969798843637E-4	0.0	1.1866028311739463E-4	1.0787298465217693E-5
20-21	0.00504198330264275	5.728055485030596E-4	0.0	1.2513266219652526E-4	1.0787298465217693E-5
22-23	0.005703784063483855	5.857503066613208E-4	0.0	1.3106567635239497E-4	1.0787298465217693E-5
24-25	0.006361269904938874	6.019312543591472E-4	0.0	1.472466240502215E-4	1.0787298465217693E-5
26-27	0.007007968447928675	6.100217282080606E-4	0.0	1.5587646282239567E-4	1.2944758158261232E-5
28-29	0.00762662001490891	6.294388654454525E-4	0.0	1.6073074713174364E-4	1.3484123081522117E-5
30-31	0.008204819212644578	6.40765528833931E-4	0.0	1.6450630159456982E-4	1.4023488004783001E-5
32-33	0.008812144116236334	6.601826660713229E-4	0.0	1.661243963643525E-4	1.4562852928043886E-5
34-35	0.00936984744688809	6.984775756228457E-4	0.0	1.7043931575043956E-4	1.510221785130477E-5
36-37	0.009975014890786801	7.367724851743685E-4	0.0	1.7529360005978753E-4	1.510221785130477E-5
38-39	0.010579642969762253	7.588864470280648E-4	5.393649232608847E-7	1.796085194458746E-4	1.5641582774565654E-5
40-41	0.011208003105361184	7.739886648793695E-4	1.0787298465217693E-6	1.8554153360174434E-4	1.618094769782654E-5
42-43	0.01182719403726468	7.928664371935005E-4	1.0787298465217693E-6	1.9956502160652732E-4	1.618094769782654E-5
44-45	0.012425349737161001	8.187559535100229E-4	1.0787298465217693E-6	2.0657676560891883E-4	1.618094769782654E-5
46-47	0.013068812090611236	8.37094360900893E-4	1.0787298465217693E-6	2.1790342899739742E-4	1.725967754434831E-5
48-49	0.013800190926552994	8.667594316802416E-4	1.0787298465217693E-6	2.357024714650066E-4	1.725967754434831E-5
50-51	0.014574718956355625	9.055937061550254E-4	1.0787298465217693E-6	2.470291348534852E-4	1.725967754434831E-5
52-53	0.015469525364045434	0.00102425398927242	1.618094769782654E-6	2.5781643331870287E-4	1.725967754434831E-5
54-55	0.016478137770543286	0.001179591087171555	2.1574596930435387E-6	2.6321008255131176E-4	1.725967754434831E-5
56-57	0.01752774191120897	0.0012669682047398182	2.1574596930435387E-6	2.8262721978870354E-4	1.725967754434831E-5
58-59	0.01872297458115509	0.0014330926011041707	2.1574596930435387E-6	3.047411816423998E-4	1.725967754434831E-5
60-61	0.020205149390276005	0.001539886855909826	2.1574596930435387E-6	3.780948112058802E-4	1.9417137237391848E-5
62-63	0.02213122153124062	0.0017146410910463526	2.1574596930435387E-6	4.2879511399240334E-4	1.9417137237391848E-5
64-65	0.024401947858168946	0.0017987820190750506	2.1574596930435387E-6	4.854284309347962E-4	2.1035232007174504E-5
66-67	0.026987663300281628	0.0018322226443172251	2.1574596930435387E-6	5.107785823280578E-4	2.2653326776957156E-5
68-69	0.030016736709314755	0.001844088672628965	2.1574596930435387E-6	5.436798426469718E-4	2.2653326776957156E-5
70-71	0.033868880991243994	0.0018694388240222263	2.1574596930435387E-6	5.841322118915382E-4	2.2653326776957156E-5
72-73	0.03929165592970893	0.0019330838849670106	2.6968246163044233E-6	6.305175952919742E-4	2.2653326776957156E-5
74-75	0.04669659696115761	0.00199349275637223	3.236189539565308E-6	6.49934732529366E-4	2.2653326776957156E-5
76-77	0.05575469148240091	0.002051744168084405	3.7755544628261926E-6	6.715093294598015E-4	2.2653326776957156E-5
78-79	0.06704791424563732	0.0020641495613194054	4.314919386087077E-6	6.82296627925019E-4	2.2653326776957156E-5
80-81	0.08232111077761578	0.0020787124142474496	4.314919386087077E-6	7.081861442415416E-4	2.3192691700218042E-5
82-83	0.10487465504376968	0.0021051412954872332	4.314919386087077E-6	7.24906456862629E-4	2.3732056623478925E-5
84-85	0.13786976485933106	0.002187664128746148	4.314919386087077E-6	7.540321627187167E-4	2.4810786470000695E-5
86-87	0.18052328235572507	0.002263175218002672	6.472379079130616E-6	8.532753085987196E-4	2.4810786470000695E-5
88-89	0.23338967467406393	0.0022847498149331075	7.011744002391501E-6	8.910308532269815E-4	2.535015139326158E-5
>>END_MODULE
