##FastQC	0.11.8
>>Basic Statistics	pass
#Measure	Value
Filename	SRR3184297_1.gz
File type	Conventional base calls
Encoding	Sanger / Illumina 1.9
Total Sequences	60601066
Sequences flagged as poor quality	0
Sequence length	0-100
%GC	49
>>END_MODULE
>>Per base sequence quality	pass
#Base	Mean	Median	Lower Quartile	Upper Quartile	10th Percentile	90th Percentile
1	32.47354414909278	33.0	33.0	33.0	33.0	33.0
2	32.528908797223686	33.0	33.0	33.0	33.0	33.0
3	31.830489640701206	33.0	33.0	33.0	27.0	33.0
4	36.050722472904624	37.0	37.0	37.0	33.0	37.0
5	36.26211467061316	37.0	37.0	37.0	33.0	37.0
6	36.28641591341729	37.0	37.0	37.0	33.0	37.0
7	36.258674657079005	37.0	37.0	37.0	33.0	37.0
8	36.20690957603164	37.0	37.0	37.0	33.0	37.0
9	36.2442445348653	37.0	37.0	37.0	33.0	37.0
10-11	36.254176887067054	37.0	37.0	37.0	33.0	37.0
12-13	36.21434345686335	37.0	37.0	37.0	33.0	37.0
14-15	38.06349310822823	40.0	37.0	40.0	33.0	40.0
16-17	38.02797388591358	40.0	37.0	40.0	33.0	40.0
18-19	37.97646217015129	40.0	37.0	40.0	33.0	40.0
20-21	37.924881756795806	40.0	37.0	40.0	33.0	40.0
22-23	37.83903003930887	40.0	37.0	40.0	33.0	40.0
24-25	37.725140825208484	40.0	37.0	40.0	33.0	40.0
26-27	37.53062132856235	40.0	37.0	40.0	33.0	40.0
28-29	37.35575367080122	40.0	37.0	40.0	33.0	40.0
30-31	37.20352020599757	40.0	37.0	40.0	33.0	40.0
32-33	37.040276739996855	40.0	37.0	40.0	33.0	40.0
34-35	37.01805082714799	40.0	37.0	40.0	33.0	40.0
36-37	36.97052725586704	40.0	37.0	40.0	33.0	40.0
38-39	37.00442579873658	40.0	37.0	40.0	33.0	40.0
40-41	37.001496191097075	40.0	37.0	40.0	33.0	40.0
42-43	36.890680854235	40.0	37.0	40.0	33.0	40.0
44-45	36.74506895532146	40.0	37.0	40.0	33.0	40.0
46-47	36.56780761211721	37.0	37.0	40.0	33.0	40.0
48-49	36.37481516976356	37.0	37.0	40.0	33.0	40.0
50-51	36.19021153188049	37.0	37.0	40.0	33.0	40.0
52-53	35.97482461662643	37.0	37.0	40.0	33.0	40.0
54-55	35.762907514154314	37.0	37.0	40.0	30.0	40.0
56-57	35.50792913153576	37.0	35.0	40.0	27.0	40.0
58-59	35.270248111966595	37.0	33.0	40.0	27.0	40.0
60-61	35.01256196292913	37.0	33.0	40.0	27.0	40.0
62-63	34.73655369320517	37.0	33.0	38.5	27.0	40.0
64-65	34.46127686421268	37.0	33.0	37.0	27.0	40.0
66-67	34.184808479717326	37.0	33.0	37.0	27.0	40.0
68-69	33.90287985405368	37.0	33.0	37.0	27.0	40.0
70-71	33.62699229040123	37.0	33.0	37.0	27.0	40.0
72-73	33.32103778633984	37.0	33.0	37.0	27.0	37.0
74-75	33.072819532971906	37.0	33.0	37.0	27.0	37.0
76-77	32.16433144019442	33.0	33.0	37.0	24.5	37.0
78-79	32.57083473828756	37.0	33.0	37.0	27.0	37.0
80-81	32.49958429009405	37.0	33.0	37.0	27.0	37.0
82-83	32.33330087141357	37.0	33.0	37.0	22.0	37.0
84-85	32.127748434689764	35.0	33.0	37.0	22.0	37.0
86-87	31.9195527410644	33.0	33.0	37.0	22.0	37.0
88-89	31.751398046692984	33.0	33.0	37.0	22.0	37.0
90-91	31.574917720923636	33.0	33.0	37.0	22.0	37.0
92-93	31.366502666591863	33.0	33.0	37.0	22.0	37.0
94-95	31.100190348385233	33.0	33.0	37.0	18.5	37.0
96-97	30.764080856211066	33.0	33.0	37.0	15.0	37.0
98-99	30.36116555233832	33.0	33.0	37.0	4.0	37.0
100	28.087350409082372	33.0	27.0	33.0	2.0	37.0
>>END_MODULE
>>Per sequence quality scores	pass
#Quality	Count
2	235.0
3	237.0
4	535.0
5	1296.0
6	3520.0
7	10149.0
8	27400.0
9	54698.0
10	77754.0
11	92673.0
12	106519.0
13	119780.0
14	133312.0
15	144414.0
16	160146.0
17	173565.0
18	189035.0
19	202891.0
20	217773.0
21	237345.0
22	268749.0
23	315086.0
24	380219.0
25	467637.0
26	579853.0
27	718798.0
28	889548.0
29	1098876.0
30	1365213.0
31	1706562.0
32	2171923.0
33	2827012.0
34	3802750.0
35	5575126.0
36	9685795.0
37	1.7256463E7
38	9434567.0
39	23733.0
>>END_MODULE
>>Per base sequence content	warn
#Base	G	A	T	C
1	35.16570937830086	15.606496402295878	10.950833578920141	38.27696064048312
2	22.107799218071623	21.389432096656996	30.887734045476734	25.615034639794647
3	25.298098701572684	22.30295628321922	23.84524415648886	28.553700858719232
4	25.768453620348524	30.288350706029032	21.14258344339977	22.800612230222676
5	28.990884995733957	31.17663277797827	20.427309332609795	19.405172893677978
6	23.987796018380692	34.00065868150284	20.749002691698063	21.262542608418407
7	20.65996412972617	19.40486144737026	37.98676208610039	21.948412336803184
8	21.669397206181536	22.72663517912494	27.529663908880426	28.074303705813097
9	22.08912670285759	22.050341622811835	29.81773424776434	26.04279742656623
10-11	25.421951083678206	30.37178922388254	21.177690341560425	23.028569350878826
12-13	24.04912884131107	24.168974003354435	26.525491537131828	25.256405618202667
14-15	24.0976234022536	25.284008439385037	26.231275914808887	24.387092243552473
16-17	24.711314210615857	25.370005951146403	25.362039914716977	24.556639923520763
18-19	24.633180105984888	25.45405199573258	25.273384782185364	24.639383116097164
20-21	24.609901900972034	25.51073416835883	25.206958922697332	24.672405007971808
22-23	24.66510769993008	25.718947391180674	25.004871478439526	24.611073430449718
24-25	24.72876290696181	25.528707101647598	25.001911016400634	24.740618974989957
26-27	24.498909989928098	25.673163510500014	25.094276187969527	24.733650311602357
28-29	24.762796440984268	25.398313954844443	25.122893095241484	24.71599650892981
30-31	24.4820608112471	25.6122794794002	25.19794911484813	24.707710594504576
32-33	24.53128772482285	25.522933771495453	25.129894333128806	24.81588417055289
34-35	24.85309894329036	25.42107358957638	24.95693485516717	24.76889261196609
36-37	24.670264378214416	25.52121929708991	25.03230615408965	24.776210170606024
38-39	24.466942651573405	25.583445050310612	25.074349954438706	24.875262343677278
40-41	24.678531897320692	25.448167542304052	25.008539355731195	24.864761204644065
42-43	24.477364185430723	25.45416613688285	25.2251912785036	24.84327839918283
44-45	24.513708865379964	25.48277913022542	25.270313606952797	24.733198397441818
46-47	24.571901432828195	25.575742499666827	25.100200692682662	24.752155374822316
48-49	24.448227948822097	25.559977256329976	25.20642080505157	24.785373989796355
50-51	24.59438458528698	25.410056697679508	25.237338393167292	24.758220323866222
52-53	24.54177181109052	25.52846194488013	25.047423777927442	24.88234246610191
54-55	24.47916210791118	25.586492649552532	25.089085055986043	24.84526018655025
56-57	24.43516900603062	25.403365223251466	25.279612323456686	24.881853447261225
58-59	24.466964022831142	25.5300116771538	25.226585698190203	24.77643860182486
60-61	24.51760508241307	25.32889699355143	25.2980037421543	24.855494181881195
62-63	24.426187842690666	25.47077324700333	25.321539321129965	24.781499589176036
64-65	24.5090634128905	25.579528866869616	25.10311999509295	24.808287725146936
66-67	24.36904972301022	25.429203824340995	25.25168228964305	24.95006416300573
68-69	24.348478748787915	25.618754476980754	25.322044569327783	24.710722204903547
70-71	24.47800416022091	25.53186714961534	25.18821261592588	24.801916074237873
72-73	24.347249028383846	25.47893425843745	25.290546341743987	24.883270371434712
74-75	24.441591074374983	25.56742677834371	25.307767198521237	24.683214948760074
76-77	24.440261172568885	25.532616157297678	25.269098147958008	24.758024522175432
78-79	24.35362589797386	25.374885631210674	25.389605727711384	24.881882743104086
80-81	24.376170557058263	25.587835464835525	25.308677811277597	24.727316166828615
82-83	24.53396059729359	25.525740598383383	25.17909572714706	24.761203077175967
84-85	24.471350630144144	25.40716844731467	25.166248931221848	24.95523199131934
86-87	24.360813976428584	25.503225997894045	25.277718400734084	24.858241624943286
88-89	24.41905805327796	25.52061008322204	25.184774300874828	24.87555756262517
90-91	24.305715933601356	25.479904512948824	25.298365146820473	24.916014406629344
92-93	24.25275880111664	25.63789333546666	25.302130692291904	24.807217171124798
94-95	24.33351335072907	25.611836704743467	25.177544426562665	24.877105517964793
96-97	24.420920497606872	25.240029526116025	25.28748613612161	25.051563840155488
98-99	23.82068573197886	24.852693067409728	25.97792884808326	25.34869235252815
100	24.476169658534644	24.484860669298687	25.086677434241434	25.952292237925235
>>END_MODULE
>>Per sequence GC content	pass
#GC Content	Count
0	2668.0
1	1681.0
2	546.0
3	391.0
4	389.0
5	385.5
6	413.0
7	476.0
8	551.5
9	642.5
10	734.0
11	895.0
12	1133.0
13	1485.5
14	2037.0
15	2822.0
16	4195.5
17	6159.5
18	9198.5
19	14543.5
20	24783.5
21	40641.0
22	62991.5
23	92751.0
24	128538.0
25	166941.5
26	217133.0
27	279643.0
28	347043.0
29	415676.5
30	480225.0
31	557155.5
32	647948.5
33	720954.0
34	786306.5
35	882545.0
36	1009352.0
37	1147867.5
38	1240027.0
39	1315847.5
40	1413688.0
41	1540998.0
42	1738872.0
43	1907321.0
44	1967825.0
45	2006373.5
46	2061249.5
47	2069328.5
48	2086738.0
49	2172068.5
50	2195102.0
51	2116026.5
52	2023435.0
53	1947936.0
54	1892490.0
55	1856074.0
56	1780251.0
57	1676007.0
58	1625832.5
59	1585365.5
60	1501299.0
61	1430454.5
62	1354618.0
63	1242174.5
64	1134961.0
65	1016466.0
66	886918.0
67	772548.0
68	662531.5
69	545858.5
70	442080.5
71	349929.5
72	264958.0
73	199204.0
74	151813.0
75	115718.0
76	88045.5
77	63903.5
78	44149.0
79	31868.5
80	22765.0
81	15755.0
82	11013.5
83	8092.5
84	6031.0
85	4628.5
86	3643.0
87	2819.5
88	2180.0
89	1691.0
90	1310.5
91	1018.5
92	816.5
93	653.0
94	491.5
95	368.0
96	302.5
97	235.0
98	186.5
99	164.5
100	153.0
>>END_MODULE
>>Per base N content	pass
#Base	N-Count
1	0.07202436396364797
2	2.9741662924449464E-5
3	1.1731439330456685E-4
4	0.0
5	0.0
6	0.0
7	0.0
8	0.019813026234455963
9	0.0
10-11	0.0
12-13	0.0
14-15	0.0
16-17	0.0
18-19	0.0
20-21	0.0
22-23	0.0
24-25	0.0
26-27	0.0
28-29	0.0
30-31	0.0
32-33	0.0
34-35	0.0
36-37	0.0
38-39	0.0
40-41	2.4789478248083946E-6
42-43	0.0
44-45	0.0
46-47	0.0
48-49	0.003892331370879357
50-51	0.0021280350335225844
52-53	0.0056231448642613
54-55	0.005101826523319199
56-57	0.002972936877061969
58-59	0.0
60-61	0.0
62-63	0.0
64-65	0.0
66-67	0.0
68-69	0.0
70-71	0.0
72-73	0.0
74-75	0.0
76-77	0.0
78-79	0.0
80-81	0.0
82-83	0.0
84-85	0.0
86-87	0.0
88-89	8.279382256744009E-6
90-91	0.0019091082269726762
92-93	0.002272987751413431
94-95	0.003411333096983395
96-97	7.165754445041905E-4
98-99	0.0
100	0.0
>>END_MODULE
>>Sequence Length Distribution	fail
#Length	Count
0-1	79904.0
2-3	138.0
4-5	120.0
6-7	114.0
8-9	302.0
10-11	234.0
12-13	339.0
14-15	383.0
16-17	425.0
18-19	401.0
20-21	502.0
22-23	518.0
24-25	645.0
26-27	722.0
28-29	860.0
30-31	918.0
32-33	1001.0
34-35	1129.0
36-37	1311.0
38-39	1219.0
40-41	1350.0
42-43	1435.0
44-45	1496.0
46-47	1594.0
48-49	1729.0
50-51	1866.0
52-53	1929.0
54-55	2171.0
56-57	2354.0
58-59	2645.0
60-61	2947.0
62-63	3167.0
64-65	3242.0
66-67	3508.0
68-69	4144.0
70-71	4450.0
72-73	5146.0
74-75	5443.0
76-77	6163.0
78-79	7436.0
80-81	9367.0
82-83	11715.0
84-85	13577.0
86-87	15530.0
88-89	20377.0
90-91	27951.0
92-93	34702.0
94-95	103782.0
96-97	1435294.0
98-99	0.0
100-101	5.8773371E7
>>END_MODULE
>>Sequence Duplication Levels	fail
#Total Deduplicated Percentage	29.76943561369252
#Duplication Level	Percentage of deduplicated	Percentage of total
1	69.01911449672097	20.54660085124207
2	14.33451359508344	8.534607590448731
3	5.581763494247032	4.984978468585393
4	2.8787738071428395	3.4279788599249303
5	1.649890366385471	2.455815251588192
6	1.120171914558546	2.000813141203039
7	0.839707085399357	1.7498324209210294
8	0.6096953045796043	1.4520228090922545
9	0.4680931814015905	1.2541382842448827
>10	2.9230717695726596	16.37345590485309
>50	0.2901633365983831	6.036507299763872
>100	0.2389217146824122	14.347826161433508
>500	0.027833652044076552	5.694758853882727
>1k	0.017538215940553704	9.431544924952732
>5k	6.76029692747873E-4	1.2955961558891647
>10k+	7.203595086657664E-5	0.4135230219741784
>>END_MODULE
>>Overrepresented sequences	warn
#Sequence	Count	Percentage	Possible Source
	79879	0.13181121269384932	No Hit
>>END_MODULE
>>Adapter Content	pass
#Position	Illumina Universal Adapter	Illumina Small RNA 3' Adapter	Illumina Small RNA 5' Adapter	Nextera Transposase Sequence	SOLID Small RNA Adapter
1	0.0	4.950407968071057E-6	0.0	1.650135989357019E-6	1.650135989357019E-6
2	0.0	4.125339973392547E-5	0.0	1.815149588292721E-5	1.650135989357019E-6
3	1.650135989357019E-6	4.290353572328249E-5	0.0	1.9801631872284228E-5	1.650135989357019E-6
4	4.950407968071057E-6	4.785394369135355E-5	0.0	3.300271978714038E-5	1.650135989357019E-6
5	4.950407968071057E-6	4.785394369135355E-5	0.0	3.300271978714038E-5	1.650135989357019E-6
6	4.950407968071057E-6	4.785394369135355E-5	0.0	3.300271978714038E-5	1.650135989357019E-6
7	4.950407968071057E-6	5.940489561685268E-5	0.0	3.300271978714038E-5	1.650135989357019E-6
8	4.950407968071057E-6	6.435530358492374E-5	0.0	3.300271978714038E-5	1.650135989357019E-6
9	4.950407968071057E-6	7.095584754235181E-5	0.0	3.4652855776497395E-5	1.650135989357019E-6
10-11	4.950407968071057E-6	7.83814594944584E-5	0.0	3.4652855776497395E-5	2.4752039840355285E-6
12-13	4.950407968071057E-6	7.920652748913691E-5	0.0	3.712805976053292E-5	4.950407968071057E-6
14-15	4.950407968071057E-6	8.415693545720796E-5	0.0	4.290353572328249E-5	4.950407968071057E-6
16-17	4.950407968071057E-6	9.323268339867156E-5	0.0	4.867901168603206E-5	6.600543957428076E-6
18-19	5.775475962749566E-6	1.0725883930820624E-4	0.0	5.280435165942461E-5	6.600543957428076E-6
20-21	6.600543957428076E-6	1.1963485922838386E-4	0.0	5.6104623638138645E-5	7.425611952106585E-6
22-23	9.900815936142114E-6	1.2458526719645493E-4	0.0	5.940489561685268E-5	8.250679946785095E-6
24-25	1.2376019920177642E-5	1.3201087914856152E-4	0.0	6.518037157960225E-5	9.075747941463604E-6
26-27	1.485122390421317E-5	1.3531115112727556E-4	0.0	6.848064355831628E-5	1.1550951925499133E-5
28-29	1.815149588292721E-5	1.402615590953466E-4	0.0	7.260598353170883E-5	1.815149588292721E-5
30-31	2.8052311819069323E-5	1.4356183107406065E-4	0.0	7.508118751574437E-5	1.815149588292721E-5
32-33	3.630299176585441E-5	1.501623750314887E-4	0.0	7.590625551042287E-5	1.815149588292721E-5
34-35	4.3728603717961E-5	1.5098744302616723E-4	0.0	7.590625551042287E-5	1.815149588292721E-5
36-37	5.362941965410312E-5	1.5676291898891677E-4	0.0	7.755639149977989E-5	1.815149588292721E-5
38-39	6.765557556363778E-5	1.658386669303804E-4	0.0	7.920652748913691E-5	1.815149588292721E-5
40-41	8.333186746252945E-5	1.6831387091441593E-4	0.0	7.920652748913691E-5	1.815149588292721E-5
42-43	1.0313349933481368E-4	1.7078907489845145E-4	0.0	8.333186746252945E-5	1.815149588292721E-5
44-45	1.1220924727627728E-4	1.8151495882927208E-4	0.0	8.498200345188648E-5	1.815149588292721E-5
46-47	1.2953567516452597E-4	1.8894057078137867E-4	0.0	8.910734342527902E-5	1.815149588292721E-5
48-49	1.394364911006681E-4	1.9554111473880676E-4	0.0	9.488281938802858E-5	1.815149588292721E-5
50-51	1.476871710474532E-4	2.013165907015563E-4	0.0	9.57078873827071E-5	1.815149588292721E-5
52-53	1.6336346294634486E-4	2.1781795059512652E-4	0.0	9.735802337206412E-5	1.815149588292721E-5
54-55	1.7573948286652252E-4	2.3266917449933967E-4	0.0	1.0148336334545666E-4	1.8976563877605717E-5
56-57	1.8894057078137867E-4	2.4339505843016027E-4	0.0	1.0230843134013517E-4	1.9801631872284228E-5
58-59	2.1369261062173395E-4	2.5907135032905194E-4	0.0	1.0395856732949219E-4	2.3101903850998266E-5
60-61	2.260686305419116E-4	2.60721486318409E-4	0.0	1.2045992722306237E-4	2.3101903850998266E-5
62-63	2.3844465046208923E-4	2.697972342598726E-4	0.0	1.2128499521774089E-4	2.3101903850998266E-5
64-65	2.6484682629180153E-4	2.772228462119792E-4	0.0	1.2871060716984747E-4	2.3101903850998266E-5
66-67	2.796980501960147E-4	2.8629859415344274E-4	0.0	1.3201087914856152E-4	2.6402175829712304E-5
68-69	2.9289913811087083E-4	2.8959886613215684E-4	0.0	1.3201087914856152E-4	2.6402175829712304E-5
70-71	3.127007699831551E-4	2.953743420949064E-4	0.0	1.3448608313259704E-4	2.887737981374783E-5
72-73	3.5065389773836653E-4	3.0692529402040556E-4	0.0	1.4438689906873914E-4	3.0527515803104846E-5
74-75	3.8530675351486387E-4	3.193013139405832E-4	0.0	1.468621030527747E-4	3.382778778181889E-5
76-77	4.1418413332861177E-4	3.259018578980112E-4	0.0	1.501623750314887E-4	3.4652855776497395E-5
78-79	4.273852212434679E-4	3.300271978714038E-4	0.0	1.5098744302616723E-4	3.4652855776497395E-5
80-81	4.5048712509446616E-4	3.3827787781818885E-4	0.0	1.6501359893570188E-4	3.4652855776497395E-5
82-83	4.8348984488160655E-4	3.415781497969029E-4	0.0	1.740893468771655E-4	3.4652855776497395E-5
84-85	5.23093108626175E-4	3.4405335378093844E-4	0.0	1.922408427600927E-4	3.5477923771175906E-5
86-87	5.379443325303882E-4	3.48178693754331E-4	0.0	2.3266917449933967E-4	3.630299176585442E-5
88-89	5.387694005250666E-4	3.556043057064376E-4	0.0	2.450451944195173E-4	3.712805976053292E-5
>>END_MODULE
