##FastQC	0.11.8
>>Basic Statistics	pass
#Measure	Value
Filename	SRR3184305_1.gz
File type	Conventional base calls
Encoding	Sanger / Illumina 1.9
Total Sequences	57802316
Sequences flagged as poor quality	0
Sequence length	30-100
%GC	51
>>END_MODULE
>>Per base sequence quality	pass
#Base	Mean	Median	Lower Quartile	Upper Quartile	10th Percentile	90th Percentile
1	32.61015555155264	33.0	33.0	33.0	33.0	33.0
2	32.58897757660783	33.0	33.0	33.0	33.0	33.0
3	32.638954276503384	33.0	33.0	33.0	33.0	33.0
4	36.263031173352985	37.0	37.0	37.0	37.0	37.0
5	36.442005368781416	37.0	37.0	37.0	37.0	37.0
6	36.400545974663025	37.0	37.0	37.0	37.0	37.0
7	36.39765264768976	37.0	37.0	37.0	37.0	37.0
8	36.37981466002158	37.0	37.0	37.0	37.0	37.0
9	36.35633990859466	37.0	37.0	37.0	37.0	37.0
10-11	36.34959344016596	37.0	37.0	37.0	37.0	37.0
12-13	36.347895151813645	37.0	37.0	37.0	37.0	37.0
14-15	38.37779007851519	40.0	37.0	40.0	37.0	40.0
16-17	38.35784022910086	40.0	37.0	40.0	37.0	40.0
18-19	38.32725479373525	40.0	37.0	40.0	37.0	40.0
20-21	38.262727379297395	40.0	37.0	40.0	35.0	40.0
22-23	38.19841069171	40.0	37.0	40.0	33.0	40.0
24-25	38.12371474873083	40.0	37.0	40.0	33.0	40.0
26-27	37.99487775714731	40.0	37.0	40.0	33.0	40.0
28-29	37.90301302978932	40.0	37.0	40.0	33.0	40.0
30-31	37.811998482836955	40.0	37.0	40.0	33.0	40.0
32-33	37.67778560414264	40.0	37.0	40.0	33.0	40.0
34-35	37.54175372043411	40.0	37.0	40.0	33.0	40.0
36-37	37.41463869732463	40.0	37.0	40.0	33.0	40.0
38-39	37.26952141569677	40.0	37.0	40.0	33.0	40.0
40-41	37.132057813360525	40.0	37.0	40.0	33.0	40.0
42-43	36.93493315363568	40.0	37.0	40.0	33.0	40.0
44-45	36.7927825350466	40.0	37.0	40.0	33.0	40.0
46-47	36.651447940050275	40.0	37.0	40.0	33.0	40.0
48-49	36.48400023589747	37.0	37.0	40.0	33.0	40.0
50-51	36.33418641518199	37.0	37.0	40.0	33.0	40.0
52-53	36.145434170651285	37.0	37.0	40.0	33.0	40.0
54-55	35.929076084822256	37.0	37.0	40.0	27.0	40.0
56-57	35.76217679449606	37.0	37.0	40.0	27.0	40.0
58-59	35.562090705977994	37.0	35.0	40.0	27.0	40.0
60-61	35.346193982287474	37.0	33.0	40.0	27.0	40.0
62-63	35.11847089109198	37.0	33.0	40.0	27.0	40.0
64-65	34.862134981846246	37.0	33.0	38.5	27.0	40.0
66-67	34.59380923685825	37.0	33.0	37.0	27.0	40.0
68-69	34.37581680903361	37.0	33.0	37.0	27.0	40.0
70-71	34.11280682404394	37.0	33.0	37.0	27.0	40.0
72-73	33.91497386445363	37.0	33.0	37.0	27.0	38.5
74-75	33.68981787361753	37.0	33.0	37.0	27.0	37.0
76-77	31.535132247306777	33.0	30.0	37.0	22.0	37.0
78-79	33.05862893158218	37.0	33.0	37.0	27.0	37.0
80-81	33.22369043549311	37.0	33.0	37.0	27.0	37.0
82-83	33.12806803157321	37.0	33.0	37.0	27.0	37.0
84-85	33.020759117545666	37.0	33.0	37.0	24.5	37.0
86-87	32.899839811376424	37.0	33.0	37.0	22.0	37.0
88-89	32.80615999529989	37.0	33.0	37.0	22.0	37.0
90-91	32.693969262670684	37.0	33.0	37.0	22.0	37.0
92-93	32.56583767941677	37.0	33.0	37.0	22.0	37.0
94-95	32.446858277975075	37.0	33.0	37.0	22.0	37.0
96-97	32.34998675361954	37.0	33.0	37.0	22.0	37.0
98-99	32.24528627639799	37.0	33.0	37.0	22.0	37.0
100	29.048457810671646	33.0	27.0	37.0	15.0	37.0
>>END_MODULE
>>Per sequence quality scores	pass
#Quality	Count
6	12.0
7	419.0
8	1349.0
9	1423.0
10	991.0
11	749.0
12	954.0
13	2691.0
14	9694.0
15	26882.0
16	57602.0
17	105023.0
18	166308.0
19	228809.0
20	274719.0
21	299968.0
22	321668.0
23	356822.0
24	410563.0
25	483641.0
26	573300.0
27	681836.0
28	816987.0
29	981642.0
30	1187933.0
31	1460627.0
32	1823998.0
33	2320759.0
34	3058991.0
35	4371685.0
36	7796014.0
37	1.6475393E7
38	1.3413041E7
39	89823.0
>>END_MODULE
>>Per base sequence content	fail
#Base	G	A	T	C
1	42.09938554340559	7.6715414628897625	10.303629440799462	39.925443552905186
2	25.189110934735666	11.458284258897969	34.613404761693616	28.739200044672746
3	26.23304920861649	14.113730321809252	21.111548540719372	38.541671928854896
4	29.103764631161145	21.856134622702662	20.984128040821062	28.05597270531513
5	29.66106755999189	24.21356611385606	24.233229685813974	21.892136640338077
6	25.55154883413322	28.273675054819602	24.581425076462335	21.593351034584842
7	20.33804320228276	21.121086220835856	39.17914465572625	19.36172592115513
8	22.604673833484455	21.814548053749263	31.838286548933436	23.74249156383284
9	22.316181932917704	20.341127853769734	33.84344668819153	23.499243525121035
10-11	25.052205520623083	27.900420114654228	25.193263882367624	21.854110482355065
12-13	25.61949680355368	21.653389286339323	28.310132936541848	24.416980973565142
14-15	24.517425910754163	23.181507121617756	28.68493971764038	23.616127249987702
16-17	25.188903330447864	23.12330616648648	27.874421156411795	23.81336934665386
18-19	25.269343013868163	23.18587113360648	27.499864365296368	24.04492148722899
20-21	25.075718419310395	23.245049558221854	27.668560027940746	24.010671994527
22-23	25.337838539203172	23.145408222051174	27.571742973067032	23.94501026567863
24-25	25.216648758503034	23.046732245123188	27.301848943215358	24.434770053158424
26-27	24.97408062334388	23.32002492772089	27.51243047077906	24.193463978156167
28-29	25.16980893983556	23.353737244715248	27.367483856529205	24.108969958919985
30-31	25.130354855766978	23.256766417947393	27.113388736131167	24.499489990154462
32-33	24.925323484914763	23.118066961650268	27.55038297864537	24.4062265747896
34-35	25.402031999034207	23.226869247091592	26.996976902269704	24.374121851604496
36-37	25.546865568102707	23.18898488827201	26.73223895397609	24.531910589649193
38-39	25.295757394875658	23.211909658917644	26.827349739716816	24.664983206489886
40-41	25.816480341556954	23.12684445352165	26.37846628186442	24.678208923056978
42-43	25.666288985506487	22.91041014367549	26.55134921492936	24.87195165588866
44-45	25.573950008346596	23.09231334753083	26.712092282667488	24.621644361455086
46-47	25.83950116290338	23.10350186202982	26.39794657566486	24.659050399401934
48-49	25.84286655284474	22.91219191503191	26.32891264835419	24.916028883769155
50-51	25.544848839012353	23.03678732987112	26.515758174058814	24.902605657057713
52-53	25.83910842546309	23.11541171841606	26.189397472391107	24.856082383729746
54-55	25.885893814188034	22.79849833174421	26.173810223514682	25.141797630553082
56-57	25.673250530387865	22.74547799389462	26.508709899801254	25.072561575916257
58-59	25.741844622858373	22.87043695864872	26.389205650251064	24.99851276824184
60-61	25.994313228542886	22.668533270116185	26.091975577093923	25.245177924247002
62-63	25.79723073043153	22.84738107275852	26.239026963021228	25.116361233788727
64-65	26.10471026313872	22.869549119592534	26.05172537481335	24.974015242455398
66-67	25.948421352025147	22.65056531990482	26.07138237563344	25.329630952436595
68-69	25.880432030891175	22.91127896156284	26.09728555269391	25.11100345485207
70-71	26.13057196434098	22.812193074529084	25.87540894495061	25.181826016179322
72-73	26.051662542673586	22.906878870845294	25.68504467643483	25.35641391004629
74-75	26.079695480577865	22.934748105177462	25.738738944377598	25.24681746986708
76-77	26.209879330213738	22.986708590512663	25.629167371084232	25.17424470818937
78-79	26.15719230994749	22.737872132398433	25.64185192607941	25.46308363157467
80-81	26.0401765464048	22.754694675427757	25.982273774383906	25.222855003783533
82-83	26.324723516519022	22.531423385698048	25.800774920421425	25.343078177361505
84-85	26.259210233426643	22.433460239354204	25.744684030829973	25.562645496389187
86-87	25.966414464175685	22.722959010276675	25.970089005457847	25.34053752008979
88-89	26.11391476463276	22.914675954044025	25.573961079096662	25.397448202226546
90-91	26.178085171507504	22.743453794552515	25.5004754960813	25.577985537858684
92-93	26.142193215246195	22.649826352024295	25.689336708266957	25.518643724462553
94-95	26.376488954289318	22.684030690647113	25.367722649388387	25.571757705675186
96-97	26.358349303452815	22.082714345864876	25.566898901239977	25.99203744944233
98-99	26.620085075346307	18.95291070375057	27.13793082647735	27.289073394425774
100	28.387890914857245	0.0	34.70888466052919	36.90322442461356
>>END_MODULE
>>Per sequence GC content	pass
#GC Content	Count
0	77651.0
1	47091.5
2	12126.0
3	7894.0
4	8753.5
5	10084.0
6	12779.0
7	16463.5
8	22216.5
9	26051.0
10	27507.5
11	26579.5
12	23053.0
13	21934.5
14	21854.0
15	22509.5
16	23517.5
17	24925.0
18	27004.5
19	29938.5
20	34885.0
21	41681.5
22	50885.0
23	62551.5
24	76111.0
25	92850.0
26	119848.5
27	159932.0
28	200700.5
29	237938.0
30	283048.0
31	332336.5
32	397925.5
33	484362.0
34	572772.0
35	672721.0
36	803753.0
37	939629.5
38	1068058.5
39	1195415.5
40	1318152.5
41	1448119.5
42	1578446.0
43	1705871.5
44	1788909.5
45	1834306.5
46	1916109.5
47	1975307.0
48	1979226.0
49	1977305.0
50	1990793.0
51	2002740.0
52	1948441.5
53	1875856.5
54	1856281.5
55	1861538.0
56	1817697.0
57	1726889.5
58	1684106.0
59	1672481.0
60	1637944.5
61	1580620.5
62	1456061.5
63	1302921.0
64	1169045.0
65	1030632.5
66	906671.5
67	805204.0
68	698636.5
69	591359.5
70	502236.5
71	413986.0
72	334015.5
73	276828.0
74	227994.0
75	190526.5
76	169079.0
77	143636.0
78	114133.0
79	98385.0
80	87667.0
81	71751.5
82	59246.5
83	50454.5
84	43380.0
85	37311.0
86	32627.5
87	29699.5
88	26346.0
89	24188.5
90	21811.5
91	17898.5
92	13642.5
93	9953.5
94	7298.5
95	5009.5
96	3292.0
97	2144.5
98	1715.5
99	1202.0
100	466.0
>>END_MODULE
>>Per base N content	pass
#Base	N-Count
1	0.08760375622319355
2	0.1157254667788744
3	0.0
4	0.0
5	0.0
6	0.0
7	0.0
8	0.0
9	0.0
10-11	0.0
12-13	0.0
14-15	0.0
16-17	0.0
18-19	0.0
20-21	0.0
22-23	0.0
24-25	0.0
26-27	0.0
28-29	0.0
30-31	0.0
32-33	0.0
34-35	0.001707544686721257
36-37	0.0
38-39	0.0
40-41	0.0
42-43	0.0
44-45	0.0
46-47	0.0
48-49	0.0
50-51	0.0
52-53	0.0
54-55	0.0
56-57	0.0
58-59	0.0
60-61	0.0
62-63	0.0
64-65	0.0
66-67	0.0
68-69	0.0
70-71	0.0
72-73	0.0
74-75	0.0
76-77	0.0
78-79	0.0
80-81	0.0
82-83	0.0
84-85	0.0
86-87	1.0810047575370925E-4
88-89	5.289514664725391E-6
90-91	0.0
92-93	6.485658742583582E-4
94-95	4.519978102224665E-4
96-97	0.0012513658595019073
98-99	8.475733839329833E-4
100	0.0
>>END_MODULE
>>Sequence Length Distribution	warn
#Length	Count
30-31	5.0
32-33	12.0
34-35	2698.0
36-37	1528.0
38-39	1923.0
40-41	2423.0
42-43	2910.0
44-45	3410.0
46-47	4159.0
48-49	5056.0
50-51	6149.0
52-53	7481.0
54-55	8959.0
56-57	10826.0
58-59	13687.0
60-61	17109.0
62-63	20081.0
64-65	24803.0
66-67	28934.0
68-69	34398.0
70-71	41534.0
72-73	49598.0
74-75	59526.0
76-77	71156.0
78-79	85422.0
80-81	100513.0
82-83	120837.0
84-85	145039.0
86-87	168666.0
88-89	196281.0
90-91	226574.0
92-93	269870.0
94-95	514098.0
96-97	1629563.0
98-99	1.5175523E7
100-101	3.8751565E7
>>END_MODULE
>>Sequence Duplication Levels	fail
#Total Deduplicated Percentage	30.869073335116433
#Duplication Level	Percentage of deduplicated	Percentage of total
1	70.762636736544	21.843770228065807
2	13.283705714865683	8.20111371748588
3	5.077726299901602	4.702341165819359
4	2.6865306162863605	3.317228424447168
5	1.7084671924329835	2.6369399526927118
6	1.161245864020153	2.150795024192324
7	0.8068624392684057	1.7434967066389135
8	0.5814517023005829	1.4359100191315983
9	0.45885164876051604	1.2747892675974708
>10	2.949217004389334	17.209126993271674
>50	0.27079632542019144	5.833907864499481
>100	0.2096094176250002	13.262342816245868
>500	0.026159808007409285	5.562463955692682
>1k	0.01606116670396683	8.842327276168763
>5k	5.827983576889637E-4	1.1829911344176929
>10k+	9.526511616069599E-5	0.8004554536325428
>>END_MODULE
>>Overrepresented sequences	warn
#Sequence	Count	Percentage	Possible Source
AAAAAAAAAAAAAAAAAAAAAAAAAAAAAAAAAAAAAAAAAAAAAAAAAA	144370	0.2497650786172651	No Hit
>>END_MODULE
>>Adapter Content	pass
#Position	Illumina Universal Adapter	Illumina Small RNA 3' Adapter	Illumina Small RNA 5' Adapter	Nextera Transposase Sequence	SOLID Small RNA Adapter
1	0.0	5.190103455370197E-6	0.0	1.730034485123399E-6	1.730034485123399E-6
2	1.730034485123399E-6	3.2870655217344575E-5	0.0	1.0380206910740393E-5	3.460068970246798E-6
3	1.730034485123399E-6	4.152082764296157E-5	0.0	1.0380206910740393E-5	3.460068970246798E-6
4	1.730034485123399E-6	5.882117249419556E-5	0.0	1.903037933635739E-5	3.460068970246798E-6
5	1.730034485123399E-6	5.882117249419556E-5	3.460068970246798E-6	1.903037933635739E-5	3.460068970246798E-6
6	1.730034485123399E-6	6.228124146444236E-5	3.460068970246798E-6	2.0760413821480786E-5	3.460068970246798E-6
7	1.730034485123399E-6	8.131162080079974E-5	3.460068970246798E-6	2.0760413821480786E-5	3.460068970246798E-6
8	1.730034485123399E-6	8.131162080079974E-5	3.460068970246798E-6	2.0760413821480786E-5	3.460068970246798E-6
9	1.730034485123399E-6	8.996179322641674E-5	3.460068970246798E-6	2.2490448306604184E-5	3.460068970246798E-6
10-11	1.730034485123399E-6	9.774694840947203E-5	3.460068970246798E-6	2.2490448306604184E-5	3.460068970246798E-6
12-13	1.730034485123399E-6	1.0899217256277413E-4	3.460068970246798E-6	2.2490448306604184E-5	3.460068970246798E-6
14-15	1.730034485123399E-6	1.3926777605243363E-4	3.460068970246798E-6	2.3355465549165884E-5	3.460068970246798E-6
16-17	1.730034485123399E-6	1.608932071164761E-4	3.460068970246798E-6	2.4220482791727585E-5	3.460068970246798E-6
18-19	2.5950517276850983E-6	1.6867836229953137E-4	5.190103455370197E-6	2.7680551761974383E-5	3.460068970246798E-6
20-21	3.460068970246798E-6	1.695433795420931E-4	5.190103455370197E-6	2.941058624709778E-5	5.190103455370197E-6
22-23	3.460068970246798E-6	1.7559850024002498E-4	5.190103455370197E-6	3.200563797478288E-5	5.190103455370197E-6
24-25	3.460068970246798E-6	1.9030379336357388E-4	5.190103455370197E-6	3.2870655217344575E-5	5.190103455370197E-6
26-27	3.460068970246798E-6	2.0068400027431428E-4	5.190103455370197E-6	3.2870655217344575E-5	5.190103455370197E-6
28-29	3.460068970246798E-6	2.1365925891273977E-4	5.190103455370197E-6	3.3735672459906276E-5	5.190103455370197E-6
30-31	4.325086212808497E-6	2.2230943133835676E-4	5.190103455370197E-6	3.719574143015308E-5	6.055120697931896E-6
32-33	1.1245224153302092E-5	2.2663451755116525E-4	5.190103455370197E-6	3.806075867271478E-5	6.920137940493596E-6
34-35	1.3840275880987192E-5	2.3441967273422052E-4	5.190103455370197E-6	3.806075867271478E-5	6.920137940493596E-6
36-37	1.7300344851233988E-5	2.499899831003311E-4	5.190103455370197E-6	3.806075867271478E-5	6.920137940493596E-6
38-39	1.989539657891909E-5	2.569101210408247E-4	5.190103455370197E-6	3.806075867271478E-5	8.650172425616994E-6
40-41	3.1140620732221175E-5	2.5950517276850983E-4	5.190103455370197E-6	3.979079315783817E-5	8.650172425616994E-6
42-43	3.979079315783818E-5	2.672903279515651E-4	5.190103455370197E-6	3.979079315783817E-5	1.0380206910740393E-5
44-45	5.2766051796263665E-5	2.845906728027991E-4	5.190103455370197E-6	4.4115879370646674E-5	1.0380206910740393E-5
46-47	6.487629319212746E-5	2.9324084522841607E-4	5.190103455370197E-6	4.584591385577007E-5	1.0380206910740393E-5
48-49	7.958158631567636E-5	2.967009141986629E-4	5.190103455370197E-6	4.671093109833177E-5	1.0380206910740393E-5
50-51	1.0120701737971883E-4	3.0967617283708844E-4	5.190103455370197E-6	4.757594834089347E-5	1.0380206910740393E-5
52-53	1.288875691416932E-4	3.269765176883224E-4	5.190103455370197E-6	5.1901034553701964E-5	1.0380206910740393E-5
54-55	1.6348825884416118E-4	3.3822174184162447E-4	5.190103455370197E-6	5.2766051796263665E-5	1.2110241395863792E-5
56-57	2.0154901751687595E-4	3.5552208669285845E-4	5.190103455370197E-6	5.3631069038825365E-5	1.2110241395863792E-5
58-59	2.4652991413008434E-4	3.659022936035989E-4	5.190103455370197E-6	5.536110352394876E-5	1.2110241395863792E-5
60-61	3.1486627629245855E-4	3.771475177569009E-4	5.190103455370197E-6	6.055120697931896E-5	1.2975258638425493E-5
62-63	3.953128798506966E-4	3.9444786260813496E-4	5.190103455370197E-6	6.228124146444236E-5	1.3840275880987192E-5
64-65	4.74894466166373E-4	4.0309803503375195E-4	5.190103455370197E-6	6.228124146444236E-5	1.3840275880987192E-5
66-67	6.020520008229428E-4	4.1001817297424555E-4	5.190103455370197E-6	6.487629319212746E-5	1.3840275880987192E-5
68-69	7.577551044840487E-4	4.221284143701093E-4	6.920137940493595E-6	6.747134491981255E-5	1.3840275880987192E-5
70-71	8.918327770811121E-4	4.428888281915901E-4	8.650172425616994E-6	6.920137940493595E-5	1.3840275880987192E-5
72-73	0.0011236573980876476	4.66244293740756E-4	8.650172425616994E-6	7.266144837518275E-5	1.470529312354889E-5
74-75	0.0013918127432817743	4.800845696217432E-4	8.650172425616994E-6	7.612151734542956E-5	1.6435327608672288E-5
76-77	0.001611527122892446	4.826796213494283E-4	8.650172425616994E-6	7.612151734542956E-5	1.7300344851233988E-5
78-79	0.00180702101971139	4.852746730771134E-4	8.650172425616994E-6	7.612151734542956E-5	1.7300344851233988E-5
80-81	0.0019696442613129895	4.904647765324836E-4	8.650172425616994E-6	7.785155183055294E-5	1.7300344851233988E-5
82-83	0.0023303564514612182	4.930598282601687E-4	8.650172425616994E-6	7.871656907311464E-5	1.7300344851233988E-5
84-85	0.002569101210408247	4.947898627452921E-4	8.650172425616994E-6	8.477168977104655E-5	1.7300344851233988E-5
86-87	0.002638302589813183	4.965198972304155E-4	8.650172425616994E-6	8.909677598385504E-5	1.7300344851233988E-5
88-89	0.002644357710511115	4.982499317155388E-4	9.515189668178694E-6	9.428687943922523E-5	1.989539657891909E-5
>>END_MODULE
