##FastQC	0.11.8
>>Basic Statistics	pass
#Measure	Value
Filename	SRR3184288_2.gz
File type	Conventional base calls
Encoding	Sanger / Illumina 1.9
Total Sequences	66465617
Sequences flagged as poor quality	0
Sequence length	0-100
%GC	50
>>END_MODULE
>>Per base sequence quality	pass
#Base	Mean	Median	Lower Quartile	Upper Quartile	10th Percentile	90th Percentile
1	32.01762538824064	33.0	33.0	33.0	33.0	33.0
2	31.983940471701214	33.0	33.0	33.0	33.0	33.0
3	31.9915895610842	33.0	33.0	33.0	33.0	33.0
4	35.7734820779482	37.0	37.0	37.0	33.0	37.0
5	35.75446652747003	37.0	37.0	37.0	33.0	37.0
6	35.7234077888644	37.0	37.0	37.0	33.0	37.0
7	35.70839214291191	37.0	37.0	37.0	33.0	37.0
8	35.70183909978445	37.0	37.0	37.0	33.0	37.0
9	35.68808801425497	37.0	37.0	37.0	33.0	37.0
10-11	35.70483423213842	37.0	37.0	37.0	33.0	37.0
12-13	35.65017212971925	37.0	37.0	37.0	33.0	37.0
14-15	37.532773654817774	40.0	37.0	40.0	33.0	40.0
16-17	37.50085042655668	40.0	37.0	40.0	33.0	40.0
18-19	37.46137595499465	40.0	37.0	40.0	33.0	40.0
20-21	37.41149300520968	40.0	37.0	40.0	33.0	40.0
22-23	37.328396827939784	40.0	37.0	40.0	33.0	40.0
24-25	37.246412590606425	40.0	37.0	40.0	33.0	40.0
26-27	37.16798356807904	40.0	37.0	40.0	33.0	40.0
28-29	37.0804820096154	40.0	37.0	40.0	33.0	40.0
30-31	36.99230303359028	40.0	37.0	40.0	33.0	40.0
32-33	36.885105166923864	40.0	37.0	40.0	33.0	40.0
34-35	36.76184117748434	40.0	37.0	40.0	33.0	40.0
36-37	36.64822432681396	40.0	37.0	40.0	33.0	40.0
38-39	36.52334049583747	40.0	37.0	40.0	33.0	40.0
40-41	36.38106790409755	40.0	37.0	40.0	33.0	40.0
42-43	36.19544386747758	38.5	37.0	40.0	33.0	40.0
44-45	36.02979607969422	37.0	37.0	40.0	33.0	40.0
46-47	35.84332675716716	37.0	37.0	40.0	30.0	40.0
48-49	35.647947148720604	37.0	37.0	40.0	27.0	40.0
50-51	35.06316795360638	37.0	35.0	40.0	27.0	40.0
52-53	34.95896329790858	37.0	33.0	40.0	27.0	40.0
54-55	35.054591453226124	37.0	33.0	40.0	27.0	40.0
56-57	34.97194073857183	37.0	33.0	40.0	27.0	40.0
58-59	34.96500824436259	37.0	33.0	40.0	27.0	40.0
60-61	34.91664917397925	37.0	33.0	40.0	27.0	40.0
62-63	34.7277011475439	37.0	33.0	40.0	27.0	40.0
64-65	34.50588798786346	37.0	33.0	38.5	27.0	40.0
66-67	34.27094213086896	37.0	33.0	37.0	27.0	40.0
68-69	34.02564737018149	37.0	33.0	37.0	27.0	40.0
70-71	33.79223487970123	37.0	33.0	37.0	27.0	40.0
72-73	33.54366089911949	37.0	33.0	37.0	27.0	40.0
74-75	33.31771960104287	37.0	33.0	37.0	27.0	37.0
76-77	33.09647465726063	37.0	33.0	37.0	27.0	37.0
78-79	32.927128454378	37.0	33.0	37.0	27.0	37.0
80-81	32.8411113908588	37.0	33.0	37.0	27.0	37.0
82-83	32.692428698359066	37.0	33.0	37.0	27.0	37.0
84-85	32.5424727270039	37.0	33.0	37.0	24.5	37.0
86-87	32.40362703445331	37.0	33.0	37.0	22.0	37.0
88-89	32.27154292464935	37.0	33.0	37.0	22.0	37.0
90-91	32.11960074725991	37.0	33.0	37.0	22.0	37.0
92-93	31.981092360259243	37.0	33.0	37.0	22.0	37.0
94-95	31.82687183890743	37.0	33.0	37.0	22.0	37.0
96-97	31.644764819111238	37.0	33.0	37.0	22.0	37.0
98-99	31.454466542977478	37.0	33.0	37.0	15.0	37.0
100	30.612226161617528	33.0	33.0	37.0	15.0	37.0
>>END_MODULE
>>Per sequence quality scores	pass
#Quality	Count
2	492849.0
3	124195.0
4	107046.0
5	102208.0
6	103913.0
7	111462.0
8	118065.0
9	126733.0
10	138652.0
11	142188.0
12	146391.0
13	146532.0
14	148154.0
15	150800.0
16	154409.0
17	157853.0
18	163068.0
19	170621.0
20	182286.0
21	204563.0
22	237096.0
23	283659.0
24	345995.0
25	419724.0
26	510218.0
27	622372.0
28	756370.0
29	933452.0
30	1169518.0
31	1502183.0
32	1970633.0
33	2639513.0
34	3603892.0
35	5254283.0
36	9134025.0
37	1.8425127E7
38	1.5402759E7
39	62736.0
>>END_MODULE
>>Per base sequence content	fail
#Base	G	A	T	C
1	25.643692489674407	12.09513562049747	13.865168568064595	48.39600332176353
2	23.363434433722	18.424000858791985	36.339424743274535	21.873139964211482
3	28.514159452609295	21.74663139203498	23.04180507255382	26.697404082801903
4	29.100096404088678	28.707172332396674	18.41711840755383	23.77561285596082
5	30.07041130384438	29.9156532823301	20.39583526421015	19.61810014961537
6	24.01330352319572	32.901773333660735	20.54352977017571	22.541393372967843
7	20.804861392553846	16.678401499683375	38.684511476865296	23.832225630897483
8	21.788583833147232	20.49798224025971	27.300553871140494	30.41288005545256
9	22.731018896938203	20.099926536775058	29.728649491644266	27.44040507464247
10-11	26.280437317895462	28.70456594497643	20.318349104865078	24.696647632263037
12-13	24.31297505499369	22.750495685598203	26.798726710781796	26.13780254862631
14-15	24.979244610663446	24.186301765048484	25.79266221487503	25.041791409413044
16-17	25.611035033650104	24.446428785992797	24.79390674875283	25.14862943160427
18-19	25.35718583279015	24.725436669686136	24.68579706982218	25.231580427701534
20-21	25.552843845779066	24.679589226945563	24.744011740397376	25.023555186877992
22-23	25.32813803299918	25.05178869511119	24.913298000567732	24.7067752713219
24-25	25.332379494851416	25.069010184569958	24.78164567432174	24.816964646256885
26-27	25.11302749279809	25.04997680192683	24.98616686308038	24.850828842194694
28-29	25.044979421015658	24.851221162610653	24.95096239285764	25.15283702351605
30-31	25.021118131495868	24.918838310916403	24.84653681192733	25.213506745660396
32-33	25.09765777487684	25.002580947013065	24.900180618506052	24.999580659604042
34-35	25.239869290169555	24.987879574385964	24.73944781730183	25.032803318142648
36-37	25.03057838744996	24.789102178328662	24.927375624298868	25.252943809922513
38-39	24.958163174231533	24.885473072279808	24.981481110778148	25.17488264271051
40-41	25.293532343250703	24.876001106637492	24.79010063667177	25.040365913440038
42-43	25.022311006001345	24.767558692485643	25.057457275018045	25.152673026494966
44-45	24.96974730032398	25.02552190535383	25.01529643566633	24.989434358655863
46-47	25.302069969667862	24.90578165457303	24.82707279061697	24.965075585142138
48-49	25.0958279215875	24.85814059761208	24.882017330361066	25.164014150439357
50-51	25.076108146833036	24.951961475041376	24.90037337026306	25.071557007862527
52-53	25.18083919223756	25.076594285128685	24.608407794124627	25.134158728509128
54-55	25.041579597185798	24.87181179685216	24.860720692947126	25.225887913014915
56-57	25.101494013128622	24.836326504333346	24.81965338302915	25.24252609950888
58-59	25.28542961761738	24.916826282425067	24.736993414478164	25.060750685479395
60-61	25.183518760065972	24.852583056646576	24.732094381829306	25.231803801458145
62-63	24.94550134058396	25.000025404317615	24.969696789044043	25.084776466054375
64-65	25.14694614951004	25.008992501475102	24.877883580104434	24.96617776891042
66-67	25.079603871764068	24.938561371313067	24.786691914759945	25.19514284216292
68-69	25.18817564727077	24.92761429892447	24.90718372372406	24.977026330080694
70-71	25.04793260847567	24.964601695429845	24.77132498763997	25.216140708454514
72-73	24.98464729538239	25.02437175043328	24.747606745752407	25.243374208431923
74-75	25.265468887467176	25.09185085014573	24.73210797673793	24.91057228564917
76-77	25.285047020146955	25.000612121892758	24.662059775562533	25.052281082397748
78-79	25.20276743099049	24.821568305065078	24.95751335882823	25.018150905116197
80-81	25.1262150743937	24.97527856208866	24.900976812899046	24.997529550618594
82-83	25.1451617114687	24.898633998465435	24.903631777217882	25.052572512847988
84-85	25.185154756256907	24.926358980792386	24.913724196833712	24.974762066117
86-87	25.054666446108833	25.082856648451912	24.94627254932756	24.916204356111695
88-89	25.305951078025707	24.96859101778604	24.81358945739546	24.91186844679279
90-91	25.13932042589328	24.903674881228	24.882107514510096	25.074897178368627
92-93	25.135904877578174	24.942333218472744	25.006981505313874	24.91478039863521
94-95	25.313708074581577	24.80682800785159	24.68316516411642	25.196298753450414
96-97	25.19010952087559	24.617744959427544	24.748578845567586	25.44356667412928
98-99	24.59730739506958	24.217336398711037	25.5422554593286	25.64310074689078
100	25.92775695700767	23.478777706304967	24.777484452239126	25.815980884448237
>>END_MODULE
>>Per sequence GC content	pass
#GC Content	Count
0	710.0
1	682.0
2	668.0
3	697.0
4	746.5
5	814.5
6	874.5
7	1032.0
8	1193.5
9	1317.5
10	1486.5
11	1627.0
12	1806.5
13	2059.5
14	2449.0
15	2951.5
16	3892.5
17	5741.5
18	8492.0
19	13011.0
20	20647.5
21	32307.0
22	49319.0
23	72636.0
24	105123.5
25	147872.0
26	199656.0
27	259561.5
28	325676.5
29	398006.0
30	473451.5
31	554335.5
32	645102.0
33	734919.0
34	822625.0
35	926506.0
36	1042650.5
37	1175368.0
38	1297131.0
39	1411364.5
40	1512267.5
41	1587999.0
42	1707315.5
43	1839726.0
44	1955644.0
45	2079318.0
46	2171448.5
47	2206537.0
48	2231601.5
49	2231450.5
50	2224020.5
51	2245246.5
52	2236581.5
53	2196142.0
54	2165983.0
55	2135734.0
56	2099926.0
57	1976917.5
58	1860078.5
59	1823959.0
60	1731365.5
61	1644336.0
62	1543498.0
63	1411353.0
64	1285836.5
65	1147756.0
66	1035293.5
67	927635.0
68	801675.5
69	687102.0
70	571040.0
71	461592.0
72	410874.5
73	364861.5
74	304401.5
75	252215.0
76	210854.0
77	181959.5
78	140505.0
79	101708.5
80	76971.5
81	57023.0
82	38137.5
83	24774.5
84	15656.5
85	10838.0
86	8252.0
87	6175.5
88	4632.5
89	3731.5
90	3029.0
91	2454.0
92	2082.5
93	1764.0
94	1453.0
95	1218.5
96	1057.5
97	936.5
98	843.5
99	799.5
100	938.5
>>END_MODULE
>>Per base N content	pass
#Base	N-Count
1	0.0012758490515905362
2	1.3540866877872094E-5
3	0.0
4	0.0
5	1.3541212205404724E-5
6	0.0
7	0.0
8	0.0
9	4.7846787004746447E-4
10-11	2.4826724509423924E-5
12-13	0.0
14-15	0.0
16-17	4.190769737110983E-4
18-19	0.0
20-21	0.0
22-23	0.0
24-25	8.277060358972796E-6
26-27	0.0
28-29	0.0
30-31	0.0
32-33	0.0
34-35	0.0
36-37	0.0
38-39	0.0
40-41	0.0
42-43	0.0
44-45	0.0
46-47	0.0
48-49	6.246706320607867E-5
50-51	0.0
52-53	3.5298862030167915E-4
54-55	3.763268012910568E-6
56-57	1.753715443742807E-4
58-59	0.0026486928482515695
60-61	1.129051955772024E-5
62-63	0.0
64-65	8.633931265566764E-4
66-67	0.0
68-69	1.5206226657736346E-4
70-71	4.893269400535277E-5
72-73	1.5056837528998903E-6
74-75	0.0
76-77	3.079422917349953E-4
78-79	3.358199824183933E-4
80-81	0.007255312551070981
82-83	0.005395893993524264
84-85	6.454807725701371E-4
86-87	3.201538570547228E-4
88-89	3.0137914714282327E-6
90-91	4.44656697257515E-5
92-93	3.5812129028281155E-4
94-95	0.0
96-97	8.327966968072952E-6
98-99	3.482385898658701E-5
100	6.902862714674581E-4
>>END_MODULE
>>Sequence Length Distribution	fail
#Length	Count
0-1	153.0
2-3	1478.0
4-5	690.0
6-7	725.0
8-9	1618.0
10-11	1296.0
12-13	1732.0
14-15	1906.0
16-17	1811.0
18-19	1885.0
20-21	1635.0
22-23	1604.0
24-25	1410.0
26-27	1402.0
28-29	1332.0
30-31	1056.0
32-33	1032.0
34-35	1046.0
36-37	1281.0
38-39	1161.0
40-41	1030.0
42-43	1036.0
44-45	1082.0
46-47	955.0
48-49	1045.0
50-51	1205.0
52-53	1104.0
54-55	1178.0
56-57	1363.0
58-59	1553.0
60-61	1652.0
62-63	1742.0
64-65	1751.0
66-67	1979.0
68-69	2263.0
70-71	2665.0
72-73	3055.0
74-75	3276.0
76-77	3701.0
78-79	4695.0
80-81	6147.0
82-83	7895.0
84-85	9795.0
86-87	12015.0
88-89	16244.0
90-91	23797.0
92-93	30507.0
94-95	106067.0
96-97	1577692.0
98-99	0.0
100-101	6.4610875E7
>>END_MODULE
>>Sequence Duplication Levels	fail
#Total Deduplicated Percentage	38.22047331464138
#Duplication Level	Percentage of deduplicated	Percentage of total
1	70.8688997837121	27.086428930213625
2	13.645532341737693	10.430774094629228
3	5.5153270044217395	6.323952257820661
4	2.8484401961280583	4.354749300178573
5	1.7228687408548393	3.292442936723609
6	1.107659251440463	2.540115651683752
7	0.7810077854612618	2.089534105592452
8	0.57532617692013	1.7591391033752377
9	0.41518958749528717	1.4281868294442528
>10	2.221338557932273	15.359520165416141
>50	0.16227172360934544	4.28313056109997
>100	0.11144577797409007	8.519956208592061
>500	0.014633459919788361	3.8736055242644314
>1k	0.009471025654979856	6.631528226328211
>5k	4.6217884782511794E-4	1.2013079195638294
>10k+	1.2640789000345108E-4	0.825628185073601
>>END_MODULE
>>Overrepresented sequences	pass
>>END_MODULE
>>Adapter Content	pass
#Position	Illumina Universal Adapter	Illumina Small RNA 3' Adapter	Illumina Small RNA 5' Adapter	Nextera Transposase Sequence	SOLID Small RNA Adapter
1	0.0	2.1063522211792602E-5	0.0	1.203629840673863E-5	0.0
2	3.0090746016846574E-6	1.4293104358002124E-4	0.0	1.0682214835980535E-4	0.0
3	3.0090746016846574E-6	1.519582673850752E-4	0.0	1.1584937216485931E-4	1.5045373008423287E-6
4	7.522686504211644E-6	1.5496734198675987E-4	0.0	1.3089474517328261E-4	6.018149203369315E-6
5	1.0531761105896301E-5	1.5948095388928685E-4	0.0	1.354083570758096E-4	7.522686504211644E-6
6	1.3540835707580958E-5	1.6549910309265615E-4	1.5045373008423287E-6	1.3691289437665191E-4	7.522686504211644E-6
7	1.6549910309265617E-5	2.2868966972803398E-4	1.5045373008423287E-6	1.414265062791789E-4	7.522686504211644E-6
8	1.9558984910950274E-5	2.407259681347726E-4	1.5045373008423287E-6	1.4594011818170588E-4	9.027223805053973E-6
9	2.7081671415161916E-5	2.512577292406689E-4	1.5045373008423287E-6	1.5496734198675987E-4	9.027223805053973E-6
10-11	4.062250712274288E-5	2.6855990820035566E-4	1.5045373008423287E-6	1.5948095388928685E-4	9.027223805053973E-6
12-13	5.5667880131166164E-5	2.813484752575155E-4	1.5045373008423287E-6	1.662513717430773E-4	1.0531761105896301E-5
14-15	6.996098448916829E-5	3.287414002340488E-4	1.5045373008423287E-6	1.7678313284897362E-4	1.2788567057159794E-5
16-17	8.87677007496974E-5	3.7312525060889754E-4	1.5045373008423287E-6	1.9709438641034505E-4	1.6549910309265617E-5
18-19	1.0456534240854185E-4	3.821524744139515E-4	1.5045373008423287E-6	2.1966244592298E-4	1.7302178959686782E-5
20-21	1.3616062572623076E-4	3.9644557877195364E-4	1.5045373008423287E-6	2.384691621835091E-4	1.8054447610107945E-5
22-23	1.5948095388928682E-4	4.1299548908121925E-4	1.5045373008423287E-6	2.474963859885631E-4	1.8806716260529108E-5
24-25	1.8204901340192176E-4	4.2352725018711553E-4	1.5045373008423287E-6	2.6178949034656523E-4	1.9558984910950274E-5
26-27	2.0536934156497786E-4	4.3631581724427534E-4	1.5045373008423287E-6	2.760825947045673E-4	1.9558984910950274E-5
28-29	2.2643286377677048E-4	4.4759984700059284E-4	3.0090746016846574E-6	2.805962066070943E-4	2.6329402764740753E-5
30-31	2.542668038423536E-4	4.6264522000901613E-4	3.0090746016846574E-6	2.8661435581046364E-4	2.7081671415161916E-5
32-33	2.7833940065583084E-4	4.739292497653335E-4	3.0090746016846574E-6	2.9188023636341176E-4	3.0090746016846576E-5
34-35	3.0316426611972925E-4	4.822042049199664E-4	3.0090746016846574E-6	2.9338477366425413E-4	3.234755196811007E-5
36-37	3.272368629332065E-4	5.062768017334437E-4	3.0090746016846574E-6	2.956415796155176E-4	3.460435791937356E-5
38-39	3.5130945974668376E-4	5.235789806931305E-4	3.0090746016846574E-6	2.971461169163599E-4	3.5356626569794724E-5
40-41	3.776388625114245E-4	5.423856969536595E-4	3.0090746016846574E-6	3.039165347701504E-4	3.7613432521058215E-5
42-43	4.054728025770076E-4	5.559265326612405E-4	3.0090746016846574E-6	3.3475954943741815E-4	4.062250712274288E-5
44-45	4.25784056138379E-4	5.8150366677556E-4	3.0090746016846574E-6	3.377686240391028E-4	4.43838503748487E-5
46-47	4.536179962039621E-4	6.161080246949336E-4	3.0090746016846574E-6	3.422822359416298E-4	4.664065632611219E-5
48-49	4.7317698111491236E-4	6.537214572159919E-4	3.0090746016846574E-6	3.5657534029963193E-4	4.964973092779685E-5
50-51	4.964973092779685E-4	6.695190988748363E-4	3.0090746016846574E-6	3.7312525060889754E-4	5.265880552948151E-5
52-53	5.198176374410246E-4	7.31957396859793E-4	3.0090746016846574E-6	3.8140020576353035E-4	5.416334283032383E-5
54-55	5.438902342545019E-4	7.793503218363263E-4	3.0090746016846574E-6	3.866660863164785E-4	5.4915611480745E-5
56-57	5.619446818646098E-4	8.116978738044364E-4	3.0090746016846574E-6	4.039682652761653E-4	5.5667880131166164E-5
58-59	5.86017278678087E-4	8.342659333170712E-4	3.0090746016846574E-6	4.3405901129301187E-4	5.717241743200849E-5
60-61	6.003103830360891E-4	8.500635749759157E-4	3.0090746016846574E-6	4.934882346762839E-4	5.9429223383271986E-5
62-63	6.522169199151495E-4	8.824111269440259E-4	3.0090746016846574E-6	5.205699060914458E-4	6.093376068411432E-5
64-65	6.860690091841019E-4	9.01970111854976E-4	3.0090746016846574E-6	5.566788013116617E-4	6.31905666353778E-5
66-67	7.236824417051601E-4	9.440971562785614E-4	3.0090746016846574E-6	5.747332489217696E-4	6.77041785379048E-5
68-69	7.477550385186374E-4	9.546289173844576E-4	3.0090746016846574E-6	6.198693679470395E-4	6.77041785379048E-5
70-71	7.703230980312724E-4	9.779492455475136E-4	3.0090746016846574E-6	6.5898733776894E-4	6.77041785379048E-5
72-73	7.989093067472767E-4	0.0010291035137761527	3.0090746016846574E-6	6.845644718832596E-4	6.77041785379048E-5
74-75	8.229819035607538E-4	0.0010599465284434205	3.0090746016846574E-6	6.981053075908405E-4	6.845644718832596E-5
76-77	8.447976944229677E-4	0.0010787532447039498	3.0090746016846574E-6	7.108938746480003E-4	6.996098448916829E-5
78-79	8.726316344885507E-4	0.0010825145879560555	3.0090746016846574E-6	7.176642925017908E-4	7.372232774127411E-5
80-81	8.936951567003434E-4	0.001089285005809846	3.0090746016846574E-6	7.64304948827903E-4	7.673140234295876E-5
82-83	9.373267384247708E-4	0.0011073394534199539	3.0090746016846574E-6	7.831116650884322E-4	7.673140234295876E-5
84-85	9.787015141979349E-4	0.0011494664978435392	3.0090746016846574E-6	8.184682916582268E-4	7.748367099337993E-5
86-87	9.914900812550947E-4	0.0011885844676654397	3.0090746016846574E-6	9.613993352382481E-4	7.898820829422225E-5
88-89	9.92242349905516E-4	0.0012043821093242842	5.2658805529481505E-6	0.0010050309169626756	8.500635749759158E-5
>>END_MODULE
