##FastQC	0.11.8
>>Basic Statistics	pass
#Measure	Value
Filename	SRR3184290_reverse.gz
File type	Conventional base calls
Encoding	Sanger / Illumina 1.9
Total Sequences	105392870
Sequences flagged as poor quality	0
Sequence length	100
%GC	49
>>END_MODULE
>>Per base sequence quality	pass
#Base	Mean	Median	Lower Quartile	Upper Quartile	10th Percentile	90th Percentile
1	31.897887931128547	33.0	33.0	33.0	33.0	33.0
2	31.919166733005753	33.0	33.0	33.0	33.0	33.0
3	31.940163191305068	33.0	33.0	33.0	33.0	33.0
4	35.72259685119117	37.0	37.0	37.0	33.0	37.0
5	35.705215561546055	37.0	37.0	37.0	33.0	37.0
6	35.69712494782617	37.0	37.0	37.0	33.0	37.0
7	35.70015613959464	37.0	37.0	37.0	33.0	37.0
8	35.67191722741776	37.0	37.0	37.0	33.0	37.0
9	35.6810555590715	37.0	37.0	37.0	33.0	37.0
10-11	35.70139744747439	37.0	37.0	37.0	33.0	37.0
12-13	35.652326760814084	37.0	37.0	37.0	33.0	37.0
14-15	37.56227215370451	40.0	37.0	40.0	33.0	40.0
16-17	37.523110192368804	40.0	37.0	40.0	33.0	40.0
18-19	37.49357458905901	40.0	37.0	40.0	33.0	40.0
20-21	37.45682892969894	40.0	37.0	40.0	33.0	40.0
22-23	37.40545502746059	40.0	37.0	40.0	33.0	40.0
24-25	37.3405829777669	40.0	37.0	40.0	33.0	40.0
26-27	37.26647930263214	40.0	37.0	40.0	33.0	40.0
28-29	37.17865326658246	40.0	37.0	40.0	33.0	40.0
30-31	37.08553355174786	40.0	37.0	40.0	33.0	40.0
32-33	36.97003996095751	40.0	37.0	40.0	33.0	40.0
34-35	36.879608383375455	40.0	37.0	40.0	33.0	40.0
36-37	36.75617943130308	40.0	37.0	40.0	33.0	40.0
38-39	36.626078381772885	40.0	37.0	40.0	33.0	40.0
40-41	36.47792417551586	40.0	37.0	40.0	33.0	40.0
42-43	36.34153233041286	40.0	37.0	40.0	33.0	40.0
44-45	36.17913952812937	38.5	37.0	40.0	33.0	40.0
46-47	36.02200005560148	37.0	37.0	40.0	33.0	40.0
48-49	35.84222848756278	37.0	37.0	40.0	30.0	40.0
50-51	35.08269903836948	37.0	35.0	38.5	27.0	40.0
52-53	35.06982520734088	37.0	35.0	40.0	27.0	40.0
54-55	35.51273978970304	37.0	37.0	40.0	27.0	40.0
56-57	35.58084787424424	37.0	37.0	40.0	27.0	40.0
58-59	35.41701312432235	37.0	37.0	40.0	27.0	40.0
60-61	35.203689409919285	37.0	35.0	40.0	27.0	40.0
62-63	35.092814238762074	37.0	33.0	40.0	27.0	40.0
64-65	34.953695985316656	37.0	33.0	40.0	27.0	40.0
66-67	34.73233389981694	37.0	33.0	38.5	27.0	40.0
68-69	34.4899319802184	37.0	33.0	37.0	27.0	40.0
70-71	34.25080200396857	37.0	33.0	37.0	27.0	40.0
72-73	34.01679706606339	37.0	33.0	37.0	27.0	40.0
74-75	33.781660059167194	37.0	33.0	37.0	27.0	40.0
76-77	33.5507553167496	37.0	33.0	37.0	27.0	37.0
78-79	33.33590503797838	37.0	33.0	37.0	27.0	37.0
80-81	33.130473778729055	37.0	33.0	37.0	27.0	37.0
82-83	32.95205390554409	37.0	33.0	37.0	27.0	37.0
84-85	32.77523360451234	37.0	33.0	37.0	27.0	37.0
86-87	32.622246201284774	37.0	33.0	37.0	27.0	37.0
88-89	32.47487469977808	37.0	33.0	37.0	27.0	37.0
90-91	32.318571697497184	37.0	33.0	37.0	22.0	37.0
92-93	32.16767958781273	37.0	33.0	37.0	22.0	37.0
94-95	32.02086792493648	37.0	33.0	37.0	22.0	37.0
96-97	31.84447213079974	37.0	33.0	37.0	22.0	37.0
98-99	31.65986895982622	37.0	33.0	37.0	22.0	37.0
100	30.835396569046843	33.0	33.0	37.0	15.0	37.0
>>END_MODULE
>>Per sequence quality scores	pass
#Quality	Count
2	851506.0
3	174059.0
4	144507.0
5	136868.0
6	140507.0
7	153576.0
8	166087.0
9	181338.0
10	198355.0
11	204464.0
12	207361.0
13	207335.0
14	212673.0
15	219534.0
16	225171.0
17	232562.0
18	241342.0
19	253655.0
20	276534.0
21	312253.0
22	362399.0
23	433233.0
24	522036.0
25	630595.0
26	763509.0
27	925013.0
28	1122377.0
29	1379680.0
30	1719962.0
31	2195341.0
32	2892477.0
33	3928769.0
34	5454766.0
35	8022980.0
36	1.4013685E7
37	2.9335794E7
38	2.6819689E7
39	130878.0
>>END_MODULE
>>Per base sequence content	fail
#Base	G	A	T	C
1	25.873671933317933	13.537153891862037	12.658556249578897	47.93061792524114
2	22.4608199667632	19.35449111361222	38.73363075324467	19.451058166379916
3	26.050736956895815	22.453117880238327	25.19388928231909	26.302255880546767
4	26.838901810918713	30.79845885216022	19.58513124147251	22.777508095448553
5	28.376412821599356	31.57560130291499	20.893140488582958	19.154845386902693
6	21.996233311843167	33.912445805150895	21.709262912092665	22.382057970913266
7	19.481614176582855	16.531561080791793	40.50463768915334	23.48218705347201
8	20.586455726872245	20.392665867814134	28.400973916416326	30.619904488897294
9	21.503620640133956	19.984071804796745	30.812068888395512	27.700238666673794
10-11	25.46311435772987	29.68265722356232	20.849803371711452	24.00442504699636
12-13	23.356461381735365	23.41943511727819	27.812185351391538	25.411918149594907
14-15	24.03924303069016	24.78080848848635	26.755105994079926	24.424842486743565
16-17	24.784883257502205	25.160349851735734	25.462161964593545	24.592604926168512
18-19	24.615798867979517	25.430185120149044	25.25249724754064	24.701518764330803
20-21	24.64506618764189	25.45918467750558	25.433012316397967	24.46273681845456
22-23	24.622756750705513	25.747717178573804	25.435071356069272	24.194454714651414
24-25	24.562679715558136	25.744698633184854	25.377967490803478	24.314654160453532
26-27	24.325849318181206	25.752513597109346	25.591166138116854	24.33047094659259
28-29	24.403348430667513	25.507848038602503	25.52231107088699	24.566492459842994
30-31	24.317985729808182	25.609791274243953	25.496428380831926	24.575794615115942
32-33	24.325874284488563	25.734556439586076	25.567590604545714	24.371978671379647
34-35	24.55221615626725	25.707530670607646	25.30605975358622	24.43419341953889
36-37	24.413054767804454	25.540161720144916	25.395176780130292	24.65160673192034
38-39	24.328575822050553	25.650130694138053	25.534072355450693	24.487221128360705
40-41	24.568635318507138	25.626737614197175	25.372165774708566	24.43246129258712
42-43	24.388709913996017	25.4967538158545	25.560552776456575	24.553983493692908
44-45	24.342705382372078	25.674853974162833	25.617738675351447	24.364701968113643
46-47	24.485055806948694	25.621264245913455	25.436276710636974	24.457403236500877
48-49	24.395924010642315	25.54074418606549	25.483991222791637	24.57934058050056
50-51	24.352476348023842	25.63268846133339	25.539362298567585	24.475472892075185
52-53	24.462892327085978	25.73476971506789	25.313863590352685	24.488474367493446
54-55	24.33408211325238	25.548236056463992	25.456773250685945	24.660908579597688
56-57	24.308351478545827	25.6090856260035	25.569829925398324	24.512732970052355
58-59	24.552017119278908	25.62488102379483	25.3969207049549	24.426181151971356
60-61	24.401228893874478	25.62999419140588	25.40011189231017	24.568665022409466
62-63	24.25888822682499	25.718590150804445	25.604636055326885	24.417885567043687
64-65	24.487611056070392	25.69272806933417	25.406919617882963	24.41274125671248
66-67	24.41078896307617	25.601107245280286	25.438183254766457	24.54992053687709
68-69	24.418869808131348	25.692468705372473	25.53991873702613	24.34874274947005
70-71	24.440029450995198	25.695710065734502	25.352544493290686	24.511715989979617
72-73	24.391077313160814	25.721209284102127	25.35454286525271	24.53317053748435
74-75	24.470677573886757	25.81011931939369	25.39617863064334	24.32302447607622
76-77	24.596686250407323	25.688502091507065	25.324371005891443	24.39044065219417
78-79	24.5143311972339	25.538898543000588	25.48950036096737	24.45726989879814
80-81	24.50848164620437	25.74940865746134	25.459355694389135	24.282754001945158
82-83	24.585235792351963	25.72208361654017	25.37740429451269	24.315276296595172
84-85	24.594506111964172	25.6757145020683	25.411536713406864	24.318242672560668
86-87	24.55598838217432	25.836843116716583	25.430749247830363	24.17641925327873
88-89	24.720490937309233	25.78791006643286	25.237840030235535	24.253758966022367
90-91	24.653042733150674	25.776105384498344	25.24731978723876	24.323532095112224
92-93	24.726465860917035	25.89708123441321	25.319353775462982	24.057099129206772
94-95	24.980162076186264	25.845448907623986	24.994880222056082	24.17950879413367
96-97	24.918115945002793	25.810169443760405	25.041138027922845	24.23057658331396
98-99	24.958955974289974	25.876009431247983	25.137623324995662	24.02741126946638
100	25.153588002839744	25.789877328191146	24.820783198734976	24.235751470234135
>>END_MODULE
>>Per sequence GC content	pass
#GC Content	Count
0	1161.0
1	1130.5
2	950.5
3	829.5
4	897.0
5	991.5
6	1074.5
7	1220.5
8	1456.0
9	1677.0
10	1896.5
11	2204.5
12	2600.5
13	3113.5
14	3983.5
15	5321.5
16	7735.0
17	11505.5
18	17836.0
19	28157.0
20	45625.0
21	71486.0
22	110758.5
23	166390.5
24	236412.5
25	330460.5
26	451388.0
27	587729.0
28	735089.5
29	892512.5
30	1050465.5
31	1219844.0
32	1390516.5
33	1545148.5
34	1698049.5
35	1858866.0
36	2026354.0
37	2203403.5
38	2365034.5
39	2527518.0
40	2662656.5
41	2758389.0
42	2876849.0
43	3005496.0
44	3105415.5
45	3202388.5
46	3301609.5
47	3327761.0
48	3334261.5
49	3325843.0
50	3330118.5
51	3375433.0
52	3372257.0
53	3313008.0
54	3261398.0
55	3215472.5
56	3121155.0
57	2954477.0
58	2813201.5
59	2725096.5
60	2586606.5
61	2425621.0
62	2223948.5
63	2022687.5
64	1842191.5
65	1640506.5
66	1444495.5
67	1260269.0
68	1079735.5
69	903899.5
70	734684.5
71	591445.0
72	510956.5
73	436383.5
74	359702.0
75	301215.0
76	246705.5
77	205686.5
78	165209.0
79	122279.5
80	89861.0
81	65218.5
82	44618.0
83	29897.5
84	18884.5
85	12171.0
86	8641.5
87	6530.0
88	5009.0
89	3904.0
90	3071.0
91	2493.5
92	2062.5
93	1600.5
94	1174.5
95	901.5
96	720.5
97	549.5
98	368.5
99	251.0
100	163.5
>>END_MODULE
>>Per base N content	pass
#Base	N-Count
1	0.2956082323215982
2	0.11082153849686417
3	0.10789534434350256
4	0.10490557852727608
5	0.09667352260167125
6	0.016644389701124945
7	0.021762382977140674
8	0.0380405239937009
9	0.027295015307961534
10-11	0.024101725287488614
12-13	0.026860450806586823
14-15	0.05458576087737244
16-17	0.08125027812602503
18-19	0.0688035158355589
20-21	0.05003848932095691
22-23	0.029864449084648702
24-25	0.02056258644441507
26-27	0.02806119617010145
28-29	0.026273124548178636
30-31	0.01791724620460568
32-33	0.012834834083178492
34-35	0.02616780433059656
36-37	0.03749209979764286
38-39	0.04595756809734852
40-41	0.04195587424462395
42-43	0.027596269083477846
44-45	0.01653385091420321
46-47	0.013167873690127235
48-49	0.012667365448915092
50-51	0.01588200416214114
52-53	0.009816128927886678
54-55	0.011697660382528723
56-57	0.01138312297596602
58-59	0.011413959976609423
60-61	0.008070280276075602
62-63	0.004988952288707955
64-65	0.0068818697128183335
66-67	0.008019043413468104
68-69	0.007333038753001034
70-71	0.005957234108910783
72-73	0.005760826135582037
74-75	0.005036393828159343
76-77	0.00904235741943454
78-79	0.010875024088441657
80-81	0.007079700932330621
82-83	0.003008742432007023
84-85	0.0032516431139981293
86-87	0.002449406681875159
88-89	0.001569366125051913
90-91	0.004094204854654779
92-93	0.003374991116571738
94-95	0.002426160327543979
96-97	0.003859369234370408
98-99	0.004858488055216639
100	0.0015779056021531627
>>END_MODULE
>>Sequence Length Distribution	pass
#Length	Count
100	1.0539287E8
>>END_MODULE
>>Sequence Duplication Levels	fail
#Total Deduplicated Percentage	34.28867926225587
#Duplication Level	Percentage of deduplicated	Percentage of total
1	65.95349004202146	22.614580662772603
2	14.857842622421227	10.189116004185523
3	6.25061533630189	6.4297603337457945
4	3.3927305449126366	4.6532899791107205
5	2.143376616379484	3.674677666862769
6	1.4046642868087424	2.889844992091822
7	1.0088059937710276	2.421343761077925
8	0.7291607713393675	2.0001567855259736
9	0.5663618926026573	1.747782115363505
>10	3.269623713687068	20.532252571441333
>50	0.2513557622370671	5.958380715212626
>100	0.15452557327591945	10.140287082039293
>500	0.011659430786502091	2.730232374003505
>1k	0.005563131698154889	3.3725981606441184
>5k	1.9105483003345542E-4	0.43530848608720923
>10k+	3.322692696234008E-5	0.21038830983555265
>>END_MODULE
>>Overrepresented sequences	pass
>>END_MODULE
>>Adapter Content	pass
#Position	Illumina Universal Adapter	Illumina Small RNA 3' Adapter	Illumina Small RNA 5' Adapter	Nextera Transposase Sequence	SOLID Small RNA Adapter
1	1.0247372521499794E-4	1.61301234134719E-5	0.0	1.1385969468333105E-5	0.0
2	1.4422227993221933E-4	8.634360180152605E-5	0.0	8.2548278645415E-5	0.0
3	4.611317634674907E-4	9.20365865356926E-5	0.0	8.634360180152605E-5	0.0
4	0.0016689933578998275	9.39342481137481E-5	0.0	9.678074048083139E-5	0.0
5	0.0018616060080724626	9.772957126985915E-5	0.0	9.772957126985915E-5	0.0
6	0.0022012874305444	1.0057606363694243E-4	0.0	9.772957126985915E-5	0.0
7	0.00231989127917287	1.37580464409025E-4	0.0	9.772957126985915E-5	0.0
8	0.0026681121787460573	1.489664338773581E-4	0.0	1.0247372521499794E-4	0.0
9	0.0030561839714584108	1.5940357255666348E-4	0.0	1.1006437152722001E-4	0.0
10-11	0.004600880495995602	1.7173837281402434E-4	0.0	1.1148761771076165E-4	3.3209077615971556E-6
12-13	0.006138460789615085	1.8502200386041293E-4	4.7441539451387933E-7	1.1623177165590044E-4	7.590646312222069E-6
14-15	0.00819600035562178	2.1491017371478736E-4	9.488307890277587E-7	1.2524566415166415E-4	8.065061706735948E-6
16-17	0.01030667444581403	2.5096574369784215E-4	9.488307890277587E-7	1.3900371059256665E-4	1.1385969468333105E-5
18-19	0.012420195028373361	2.637749593497169E-4	9.488307890277587E-7	1.4849201848284423E-4	1.3758046440902501E-5
20-21	0.014386172423238877	2.7563534421256393E-4	9.488307890277587E-7	1.6082681874020512E-4	1.470687722993026E-5
22-23	0.016279564262743768	2.855980674973554E-4	9.488307890277587E-7	1.793290191262464E-4	1.5181292624444138E-5
24-25	0.01800264097561818	3.012537755163134E-4	9.488307890277587E-7	1.9498472714520442E-4	1.6130123413471896E-5
26-27	0.019546863084760856	3.131141603791604E-4	9.488307890277587E-7	2.0542186582450976E-4	1.8502200386041297E-5
28-29	0.021011383407625202	3.2497454524200737E-4	9.488307890277587E-7	2.1111485055867632E-4	2.1348692753124572E-5
30-31	0.022308435096226147	3.358860993158266E-4	9.488307890277587E-7	2.2012874305444002E-4	2.229752354215233E-5
32-33	0.02347786904370286	3.5770920746346503E-4	9.488307890277587E-7	2.2866822015568986E-4	2.5144015909235607E-5
34-35	0.02463686585250027	3.771602386385341E-4	9.488307890277587E-7	2.343612048898564E-4	2.7041677487291122E-5
36-37	0.025863704062713162	4.165367163831861E-4	9.488307890277587E-7	2.3863094344048132E-4	2.8939339065346643E-5
38-39	0.027202029890636817	4.369365783472829E-4	1.4232461835416379E-6	2.4384951278013398E-4	2.9888169854374397E-5
40-41	0.028592541411956995	4.487969632101299E-4	2.3720769725693967E-6	2.5096574369784215E-4	3.131141603791604E-5
42-43	0.029912365039494605	4.5923410188943524E-4	2.846492367083276E-6	2.685191132948557E-4	3.320907761597155E-5
44-45	0.031301453314631245	4.810572100370737E-4	2.846492367083276E-6	2.7563534421256393E-4	3.415790840499931E-5
46-47	0.032898809947959476	5.080988875243648E-4	2.846492367083276E-6	2.83225990524786E-4	3.463232379951319E-5
48-49	0.03501233053051881	5.2707550330492E-4	2.846492367083276E-6	2.946119599931191E-4	3.6529985377568714E-5
50-51	0.03776820955724994	5.422567959293642E-4	2.846492367083276E-6	3.1121649880110487E-4	3.747881616659647E-5
52-53	0.04118589805932792	5.85903012224641E-4	2.846492367083276E-6	3.259233760310351E-4	3.795323156111035E-5
54-55	0.0449143286448125	6.172144282625571E-4	2.846492367083276E-6	3.358860993158266E-4	3.890206235013811E-5
56-57	0.04982120707026955	6.447305211443621E-4	2.846492367083276E-6	3.5011856115124294E-4	4.1748554717221383E-5
58-59	0.057764344020615435	6.675024600810282E-4	3.320907761597155E-6	3.7526257706047857E-4	4.412063168979078E-5
60-61	0.06935478652398402	6.836325834945001E-4	3.7953231561110346E-6	4.212808703283249E-4	4.459504708430466E-5
62-63	0.08394400873607484	7.201625688720689E-4	3.7953231561110346E-6	4.431039784759633E-4	4.744153945138793E-5
64-65	0.1006951419009654	7.329717845239437E-4	3.7953231561110346E-6	4.5875968649492134E-4	5.0288031818471215E-5
66-67	0.12030415340240759	7.671296929289429E-4	3.7953231561110346E-6	4.748898099083932E-4	5.123686260749897E-5
68-69	0.14733966348957003	7.751947546356789E-4	5.218569339652673E-6	5.038291489737399E-4	5.171127800201285E-5
70-71	0.18610129888293203	7.974922781778312E-4	5.692984734166552E-6	5.289731648829755E-4	5.313452418555448E-5
72-73	0.238226267108961	8.264316172431779E-4	5.692984734166552E-6	5.474753652690168E-4	5.5981016552637765E-5
74-75	0.3016266660164013	8.49203556179844E-4	5.692984734166552E-6	5.74042627361794E-4	5.9776339708748793E-5
76-77	0.3738217775073399	8.596406948591494E-4	5.692984734166552E-6	5.958657355094324E-4	6.167400128680431E-5
78-79	0.4615786627691228	8.681801719603991E-4	5.692984734166552E-6	6.010843048490852E-4	6.21484166813182E-5
80-81	0.5769882725463307	8.795661414287323E-4	5.692984734166552E-6	6.390375364101954E-4	6.262283207583208E-5
82-83	0.7302201752357631	8.980683418147737E-4	5.692984734166552E-6	6.504235058785285E-4	6.262283207583208E-5
84-85	0.9216036151212127	9.39816896531995E-4	6.167400128680432E-6	6.774651833658197E-4	6.309724747034596E-5
86-87	1.1350786822675956	9.649609124412306E-4	6.641815523194311E-6	7.671296929289429E-4	6.45204936538876E-5
88-89	1.375032770243376	9.806166204601886E-4	7.116230917708191E-6	7.998643551504006E-4	6.689257062645698E-5
>>END_MODULE
