##FastQC	0.11.8
>>Basic Statistics	pass
#Measure	Value
Filename	SRR3184285_1.gz
File type	Conventional base calls
Encoding	Sanger / Illumina 1.9
Total Sequences	36564573
Sequences flagged as poor quality	0
Sequence length	0-100
%GC	49
>>END_MODULE
>>Per base sequence quality	pass
#Base	Mean	Median	Lower Quartile	Upper Quartile	10th Percentile	90th Percentile
1	32.29628443428232	33.0	33.0	33.0	33.0	33.0
2	32.37935948470718	33.0	33.0	33.0	33.0	33.0
3	30.571467666580368	33.0	33.0	33.0	22.0	33.0
4	35.36262958774189	37.0	37.0	37.0	33.0	37.0
5	36.149932222957084	37.0	37.0	37.0	33.0	37.0
6	36.358407308880935	37.0	37.0	37.0	37.0	37.0
7	36.39629446443546	37.0	37.0	37.0	37.0	37.0
8	36.20540615207913	37.0	37.0	37.0	37.0	37.0
9	36.25651005027978	37.0	37.0	37.0	37.0	37.0
10-11	36.403826536109534	37.0	37.0	37.0	37.0	37.0
12-13	36.36496480080683	37.0	37.0	37.0	37.0	37.0
14-15	38.17095363006887	40.0	37.0	40.0	37.0	40.0
16-17	38.30783984311359	40.0	37.0	40.0	37.0	40.0
18-19	38.29243258975873	40.0	37.0	40.0	37.0	40.0
20-21	38.25576833220352	40.0	37.0	40.0	37.0	40.0
22-23	38.16454478210471	40.0	37.0	40.0	33.0	40.0
24-25	38.10863589661029	40.0	37.0	40.0	33.0	40.0
26-27	37.985876475907006	40.0	37.0	40.0	33.0	40.0
28-29	37.869669280945715	40.0	37.0	40.0	33.0	40.0
30-31	37.7357088406509	40.0	37.0	40.0	33.0	40.0
32-33	37.616088004655225	40.0	37.0	40.0	33.0	40.0
34-35	37.5385823145373	40.0	37.0	40.0	33.0	40.0
36-37	37.36341515941793	40.0	37.0	40.0	33.0	40.0
38-39	37.42414077886026	40.0	37.0	40.0	33.0	40.0
40-41	37.41738571739201	40.0	37.0	40.0	33.0	40.0
42-43	37.32392297536158	40.0	37.0	40.0	33.0	40.0
44-45	37.18517244174771	40.0	37.0	40.0	33.0	40.0
46-47	37.02712229013393	40.0	37.0	40.0	33.0	40.0
48-49	36.48011385210144	37.0	37.0	40.0	33.0	40.0
50-51	36.49123726623709	37.0	37.0	40.0	33.0	40.0
52-53	36.44179256316973	37.0	37.0	40.0	33.0	40.0
54-55	36.27482623348382	37.0	37.0	40.0	33.0	40.0
56-57	35.91193356851177	37.0	37.0	40.0	30.0	40.0
58-59	35.69511621995292	37.0	37.0	40.0	30.0	40.0
60-61	35.52665603756937	37.0	33.0	40.0	30.0	40.0
62-63	35.388479747588434	37.0	33.0	40.0	27.0	40.0
64-65	35.22195836994531	37.0	33.0	38.5	27.0	40.0
66-67	34.837793262999675	37.0	33.0	37.0	27.0	40.0
68-69	34.55580252689168	37.0	33.0	37.0	27.0	40.0
70-71	34.39976141711429	37.0	33.0	37.0	27.0	40.0
72-73	34.17624248681057	37.0	33.0	37.0	27.0	40.0
74-75	33.88002909895002	37.0	33.0	37.0	27.0	37.0
76-77	32.796700834288245	35.0	33.0	37.0	27.0	37.0
78-79	33.402576331949504	37.0	33.0	37.0	27.0	37.0
80-81	33.420603640854964	37.0	33.0	37.0	27.0	37.0
82-83	33.23020335094664	37.0	33.0	37.0	27.0	37.0
84-85	33.07133088634161	37.0	33.0	37.0	27.0	37.0
86-87	32.92109474057847	37.0	33.0	37.0	27.0	37.0
88-89	32.773455176256874	37.0	33.0	37.0	27.0	37.0
90-91	32.61754958921598	37.0	33.0	37.0	27.0	37.0
92-93	32.33908703709385	37.0	33.0	37.0	27.0	37.0
94-95	32.24243665210755	37.0	33.0	37.0	24.5	37.0
96-97	32.05910950763756	35.0	33.0	37.0	22.0	37.0
98-99	31.846697645890092	33.0	33.0	37.0	22.0	37.0
100	31.025114769238225	33.0	33.0	37.0	22.0	37.0
>>END_MODULE
>>Per sequence quality scores	pass
#Quality	Count
2	492.0
3	204.0
4	346.0
5	827.0
6	1895.0
7	4704.0
8	10907.0
9	19757.0
10	28787.0
11	34214.0
12	40228.0
13	45963.0
14	51407.0
15	58280.0
16	65765.0
17	74198.0
18	82277.0
19	90757.0
20	100127.0
21	114191.0
22	130195.0
23	147479.0
24	178960.0
25	223978.0
26	274878.0
27	339929.0
28	426464.0
29	539044.0
30	686516.0
31	881814.0
32	1164387.0
33	1552195.0
34	2068043.0
35	3043366.0
36	5512736.0
37	1.1060533E7
38	7467635.0
39	35800.0
>>END_MODULE
>>Per base sequence content	fail
#Base	G	A	T	C
1	23.2325332298096	14.434416160690603	16.56031460327611	45.77273600622368
2	21.933813403816245	20.58744970317333	35.96018131133286	21.51855558167756
3	24.955709564816505	23.832746974755455	24.395768283373663	26.81577517705438
4	25.18943599997779	31.044593033212664	20.188297700394134	23.577673266415413
5	28.589759100391564	30.900721437023755	21.18487406014179	19.324645402442894
6	22.893654703605176	34.051818907575	21.31542854010517	21.73909784871465
7	19.478705672331063	17.385108467882407	39.85651988957144	23.279665970215095
8	20.884674576912207	21.179908011067415	28.160568284867573	29.77484912715281
9	22.094323786015458	20.76574667378404	30.459260633011233	26.68066890718927
10-11	25.245621791582145	30.109830060687514	20.73528199748055	23.9092661502498
12-13	23.309358990483883	23.671490712972755	27.489980593340572	25.529169703202793
14-15	24.122199508595145	25.086436057765276	26.34074669099086	24.450617742648724
16-17	24.645842555960762	25.294715576598563	25.50887594761706	24.550565919823615
18-19	24.45416290772745	25.591182352669072	25.29759596671327	24.657058772890206
20-21	24.7341262100533	25.525651322127658	25.23636072023354	24.503861747585503
22-23	24.472404106195224	25.893479513709718	25.472402656333216	24.161713723761842
24-25	24.50563436344614	25.934846689761976	25.32659058909457	24.23292835769731
26-27	24.383006860489374	25.811420930275087	25.557769627562315	24.24780258167322
28-29	24.30616133068947	25.596016505246066	25.56002027967929	24.537801884385175
30-31	24.210603635967704	25.7490444460646	25.480613912712098	24.5597380052556
32-33	24.38708394263649	25.6889897834044	25.404804020679272	24.51912225327984
34-35	24.553963909481237	25.769458191635213	25.307171213816837	24.369406685066718
36-37	24.298551580381737	25.633597285021292	25.416731690384708	24.65111944421226
38-39	24.2769688149224	25.62200886380927	25.435491700876096	24.665530620392236
40-41	24.57382099091097	25.672931882232035	25.237588634097406	24.515658492759584
42-43	24.234739365764028	25.437639986075794	25.691347616867937	24.636273031292244
44-45	24.314605047737032	25.685546798051124	25.580168557032728	24.419679597179115
46-47	24.570101618388822	25.571672521163247	25.474891930666217	24.38333392978172
48-49	24.354105048819854	25.61868122670015	25.443387011418867	24.58382671306113
50-51	24.39992324673638	25.579759793367035	25.446204955784108	24.57411200411248
52-53	24.484491506787588	25.7699906157383	25.217937076222825	24.527580801251286
54-55	24.32715475167429	25.591086823316996	25.441983162959215	24.639775262049504
56-57	24.39059532183374	25.508373554330323	25.34538896982677	24.755642154009173
58-59	24.521873922806265	25.604226968935183	25.36985341948881	24.50404568876974
60-61	24.516867692164286	25.504609446468095	25.343257576252054	24.635265285115565
62-63	24.35034303847284	25.598208272673272	25.534350561590536	24.517098127263345
64-65	24.420252612924475	25.64753977983589	25.45977794162472	24.47242966561492
66-67	24.364587883342008	25.604899658828767	25.3771921923801	24.653320265449132
68-69	24.49686309654267	25.583130478066064	25.467743715667346	24.452262709723925
70-71	24.34611839403555	25.636074211179256	25.367909350218348	24.649898044566847
72-73	24.312601186598364	25.77750140615732	25.3475189969634	24.562378410280914
74-75	24.61814639831464	25.766153389973173	25.27366819723389	24.3420320144783
76-77	24.576082147062408	25.602148110454458	25.325396715980393	24.49637302650274
78-79	24.51228354274073	25.50536534193391	25.573148096072256	24.409203019253106
80-81	24.475448276675145	25.671173361834633	25.4559350967082	24.39744326478202
82-83	24.464520692962108	25.51902065276653	25.53955802641824	24.47690062785312
84-85	24.546477614775085	25.609159629166196	25.498775985712996	24.345586770345726
86-87	24.352729101580145	25.792669333180207	25.451284928232177	24.403316637007467
88-89	24.48761100719865	25.7170604230039	25.41200156427386	24.38332700552359
90-91	24.38468711280431	25.646197700696437	25.48747425190696	24.481640934592292
92-93	24.531981670996167	25.619210713400626	25.586510955441437	24.262296660161773
94-95	24.57398600529851	25.521588693235053	25.286715367572793	24.617709933893636
96-97	24.422299832931447	25.399999007126457	25.379549468581313	24.798151691360786
98-99	23.930684850965225	24.91578425551783	26.162227711072557	24.991303182444387
100	25.263660196370175	24.412235112756616	25.232216666269903	25.09188802460331
>>END_MODULE
>>Per sequence GC content	pass
#GC Content	Count
0	177.0
1	172.5
2	164.0
3	166.0
4	177.0
5	195.5
6	211.0
7	247.0
8	297.5
9	345.5
10	428.0
11	528.5
12	625.5
13	853.0
14	1191.5
15	1665.5
16	2530.5
17	3959.0
18	6149.0
19	9921.5
20	16101.5
21	25237.0
22	38408.5
23	55946.0
24	80166.5
25	110449.0
26	146937.0
27	190005.5
28	237301.0
29	287850.5
30	336097.0
31	384385.0
32	444607.5
33	501873.0
34	547838.0
35	605948.0
36	672282.0
37	743970.0
38	803734.0
39	853204.0
40	911019.0
41	951979.0
42	1020039.5
43	1101371.5
44	1146773.0
45	1199301.0
46	1265300.5
47	1301331.5
48	1309387.5
49	1305572.5
50	1288685.0
51	1260626.5
52	1212233.5
53	1161573.5
54	1129656.0
55	1102158.0
56	1081230.5
57	1015316.0
58	943224.0
59	909815.0
60	851106.0
61	806468.0
62	741400.5
63	654835.0
64	587603.5
65	524723.0
66	475275.5
67	425116.5
68	363545.0
69	303295.5
70	245209.0
71	192817.5
72	168210.0
73	146433.0
74	117428.0
75	94705.5
76	80429.5
77	70687.5
78	54740.5
79	40184.0
80	31547.5
81	23677.5
82	15986.5
83	10931.0
84	7363.5
85	5032.0
86	3774.0
87	2746.5
88	1994.0
89	1582.0
90	1265.5
91	1037.0
92	852.5
93	643.0
94	463.5
95	347.5
96	271.5
97	207.5
98	151.0
99	125.0
100	119.5
>>END_MODULE
>>Per base N content	pass
#Base	N-Count
1	0.033983165641290836
2	1.0120557171136871E-4
3	0.0028337635265366498
4	0.0
5	0.0
6	0.0
7	0.0
8	0.26406966252887326
9	0.0
10-11	0.0
12-13	0.0
14-15	0.20338320052739411
16-17	0.028565251857165373
18-19	0.0
20-21	0.018109360100426526
22-23	0.0
24-25	0.0
26-27	0.0
28-29	0.0
30-31	0.0
32-33	0.0
34-35	0.0
36-37	0.33700436204964146
38-39	0.00102594398953176
40-41	4.8698782884725204E-4
42-43	0.0
44-45	0.0
46-47	0.0
48-49	0.3354026113859373
50-51	0.0
52-53	0.0
54-55	0.0
56-57	0.0
58-59	2.7364901839839495E-6
60-61	2.7367255639655893E-6
62-63	0.0
64-65	1.3139369594398337E-4
66-67	0.1321182858853264
68-69	3.231306341711166E-4
70-71	2.739283051555841E-6
72-73	2.192410073641958E-5
74-75	4.716178913456814E-4
76-77	5.212767686766436E-4
78-79	8.236557330989722E-6
80-81	0.0
82-83	0.0
84-85	2.756214647326694E-6
86-87	2.6646747601537295E-4
88-89	7.401566497969978E-4
90-91	2.773794300962229E-6
92-93	6.260319876469699E-5
94-95	0.0021854504245443426
96-97	4.07835911693062E-4
98-99	0.0018243529678576963
100	3.19910236069833E-4
>>END_MODULE
>>Sequence Length Distribution	fail
#Length	Count
0-1	5321.0
2-3	335.0
4-5	215.0
6-7	167.0
8-9	500.0
10-11	354.0
12-13	466.0
14-15	454.0
16-17	429.0
18-19	537.0
20-21	469.0
22-23	461.0
24-25	458.0
26-27	457.0
28-29	443.0
30-31	379.0
32-33	405.0
34-35	420.0
36-37	487.0
38-39	477.0
40-41	478.0
42-43	495.0
44-45	518.0
46-47	624.0
48-49	711.0
50-51	946.0
52-53	901.0
54-55	1124.0
56-57	1710.0
58-59	2900.0
60-61	3939.0
62-63	4383.0
64-65	5025.0
66-67	7359.0
68-69	10826.0
70-71	15288.0
72-73	18871.0
74-75	20524.0
76-77	24314.0
78-79	32246.0
80-81	43552.0
82-83	56931.0
84-85	65895.0
86-87	70916.0
88-89	84268.0
90-91	105092.0
92-93	128929.0
94-95	180040.0
96-97	965301.0
98-99	0.0
100-101	3.4697233E7
>>END_MODULE
>>Sequence Duplication Levels	fail
#Total Deduplicated Percentage	44.26058727139181
#Duplication Level	Percentage of deduplicated	Percentage of total
1	78.24973805008436	34.63379359929307
2	11.637062228261382	10.301264166731603
3	3.8140867007137986	5.064411518327939
4	1.842807732991146	3.2625500996180126
5	1.042696509854283	2.307517993599058
6	0.6613863879297857	1.7564009965846124
7	0.44833186496712485	1.3890402145146294
8	0.32861264398163403	1.1635670885945537
9	0.26317114606751824	1.0483298530050231
>10	1.4425492410672207	11.980429157734704
>50	0.13564344399455958	4.153366561816896
>100	0.1092650916813826	9.968572672636006
>500	0.015226330036693473	4.673201439667413
>1k	0.009060871481824283	7.02481104010365
>5k	2.881792153252858E-4	0.8195482565357707
>10k+	7.357767199794533E-5	0.4531953412370974
>>END_MODULE
>>Overrepresented sequences	pass
>>END_MODULE
>>Adapter Content	pass
#Position	Illumina Universal Adapter	Illumina Small RNA 3' Adapter	Illumina Small RNA 5' Adapter	Nextera Transposase Sequence	SOLID Small RNA Adapter
1	0.0	8.204663021772469E-6	0.0	1.0939550695696624E-5	0.0
2	0.0	1.914421371746909E-5	0.0	4.922797813063481E-5	0.0
3	2.734887673924156E-6	2.187910139139325E-5	0.0	4.922797813063481E-5	0.0
4	5.469775347848312E-6	2.4613989065317406E-5	0.0	5.469775347848312E-5	2.734887673924156E-6
5	5.469775347848312E-6	2.4613989065317406E-5	0.0	5.469775347848312E-5	2.734887673924156E-6
6	5.469775347848312E-6	2.4613989065317406E-5	0.0	5.743264115240728E-5	2.734887673924156E-6
7	5.469775347848312E-6	4.102331510886234E-5	0.0	6.0167528826331434E-5	2.734887673924156E-6
8	5.469775347848312E-6	4.102331510886234E-5	0.0	6.290241650025559E-5	2.734887673924156E-6
9	5.469775347848312E-6	4.102331510886234E-5	0.0	7.110707952202806E-5	2.734887673924156E-6
10-11	5.469775347848312E-6	5.196286580455896E-5	0.0	7.247452335899014E-5	2.734887673924156E-6
12-13	5.469775347848312E-6	5.60651973154452E-5	1.367443836962078E-6	7.384196719595221E-5	5.469775347848312E-6
14-15	8.204663021772469E-6	6.426986033721766E-5	2.734887673924156E-6	8.204663021772468E-5	8.204663021772469E-6
16-17	1.0939550695696624E-5	8.614896172861092E-5	2.734887673924156E-6	8.888384940253507E-5	9.572106858734547E-6
18-19	1.6409326043544937E-5	8.7516405565573E-5	2.734887673924156E-6	9.98234000982317E-5	1.367443836962078E-5
20-21	1.7776769880507016E-5	8.888384940253507E-5	2.734887673924156E-6	1.1076295079392832E-4	1.367443836962078E-5
22-23	2.051165755443117E-5	9.708851242430754E-5	2.734887673924156E-6	1.1623272614177664E-4	1.6409326043544937E-5
24-25	2.3246545228355327E-5	1.0939550695696624E-4	2.734887673924156E-6	1.2170250148962494E-4	1.6409326043544937E-5
26-27	2.734887673924156E-5	1.0939550695696624E-4	2.734887673924156E-6	1.2717227683747324E-4	1.6409326043544937E-5
28-29	3.0083764413165717E-5	1.121303946308904E-4	2.734887673924156E-6	1.312746083483595E-4	1.6409326043544937E-5
30-31	3.2818652087089875E-5	1.1486528230481455E-4	2.734887673924156E-6	1.312746083483595E-4	1.6409326043544937E-5
32-33	3.965587127190026E-5	1.2306994532658704E-4	2.734887673924156E-6	1.312746083483595E-4	1.914421371746909E-5
34-35	4.649309045671065E-5	1.3400949602228364E-4	2.734887673924156E-6	1.312746083483595E-4	2.187910139139325E-5
36-37	5.196286580455896E-5	1.5178626590279067E-4	2.734887673924156E-6	1.3264205218532158E-4	2.598143290227948E-5
38-39	6.153497266329352E-5	1.5452115357671482E-4	2.734887673924156E-6	1.3400949602228364E-4	2.734887673924156E-5
40-41	6.563730417417975E-5	1.6682814810937353E-4	2.734887673924156E-6	1.3537693985924573E-4	2.734887673924156E-5
42-43	7.247452335899014E-5	1.6682814810937353E-4	2.734887673924156E-6	1.3811182753316987E-4	2.734887673924156E-5
44-45	8.478151789164884E-5	1.805025864789943E-4	2.734887673924156E-6	1.4221415904405613E-4	2.734887673924156E-5
46-47	9.98234000982317E-5	1.8597236182684262E-4	2.734887673924156E-6	1.435816028810182E-4	3.0083764413165717E-5
48-49	1.0939550695696624E-4	1.9007469333772885E-4	2.734887673924156E-6	1.4631649055494233E-4	3.0083764413165717E-5
50-51	1.1486528230481455E-4	1.9417702484861508E-4	2.734887673924156E-6	1.5862348508760104E-4	3.0083764413165717E-5
52-53	1.2853972067443533E-4	2.051165755443117E-4	2.734887673924156E-6	1.6682814810937353E-4	3.0083764413165717E-5
54-55	1.4221415904405613E-4	2.174235700769704E-4	2.734887673924156E-6	1.6682814810937353E-4	3.2818652087089875E-5
56-57	1.5178626590279067E-4	2.2699567693570494E-4	2.734887673924156E-6	1.7503281113114596E-4	3.2818652087089875E-5
58-59	1.6135837276152522E-4	2.3656778379443948E-4	2.734887673924156E-6	1.8597236182684262E-4	3.2818652087089875E-5
60-61	1.7640025496810805E-4	2.4067011530532574E-4	2.734887673924156E-6	2.0374913170734962E-4	3.2818652087089875E-5
62-63	2.0238168787038756E-4	2.5707944134887065E-4	2.734887673924156E-6	2.1058635089216002E-4	3.2818652087089875E-5
64-65	2.297305646096291E-4	2.6118177285975686E-4	2.734887673924156E-6	2.242607892617808E-4	3.2818652087089875E-5
66-67	2.6118177285975686E-4	2.7075387971849145E-4	2.734887673924156E-6	2.3246545228355325E-4	3.555353976101403E-5
68-69	3.0083764413165717E-4	2.80325986577226E-4	2.734887673924156E-6	2.4067011530532574E-4	3.965587127190026E-5
70-71	3.596377291210265E-4	3.0904230715342963E-4	2.734887673924156E-6	2.5844688518583274E-4	4.102331510886234E-5
72-73	4.280099209691304E-4	3.281865208708987E-4	2.734887673924156E-6	2.6528410437064317E-4	4.102331510886234E-5
74-75	4.786053429367273E-4	3.4459584691444363E-4	2.734887673924156E-6	2.7348876739241557E-4	4.102331510886234E-5
76-77	5.401403156000209E-4	3.50065622262292E-4	2.734887673924156E-6	2.7759109890330183E-4	4.6493090456710654E-5
78-79	6.112473951220489E-4	3.5280050993621615E-4	2.734887673924156E-6	2.8306087425115017E-4	4.922797813063481E-5
80-81	6.809870308071149E-4	3.5827028528406444E-4	2.734887673924156E-6	2.98102756457733E-4	4.922797813063481E-5
82-83	8.081593076445881E-4	3.7467961132760935E-4	2.734887673924156E-6	2.98102756457733E-4	4.922797813063481E-5
84-85	8.997780447210473E-4	3.842517181863439E-4	2.734887673924156E-6	3.049399756425434E-4	4.922797813063481E-5
86-87	9.435362475038339E-4	3.8972149353419224E-4	5.469775347848312E-6	3.33656296218747E-4	5.059542196759689E-5
88-89	9.44903691340796E-4	3.951912688820406E-4	6.83721918481039E-6	3.473307345883678E-4	5.60651973154452E-5
>>END_MODULE
