##FastQC	0.11.8
>>Basic Statistics	pass
#Measure	Value
Filename	reverse.gz
File type	Conventional base calls
Encoding	Sanger / Illumina 1.9
Total Sequences	62472286
Sequences flagged as poor quality	0
Sequence length	35-100
%GC	50
>>END_MODULE
>>Per base sequence quality	pass
#Base	Mean	Median	Lower Quartile	Upper Quartile	10th Percentile	90th Percentile
1	32.00748248591383	33.0	33.0	33.0	27.0	33.0
2	31.94932716244768	33.0	33.0	33.0	27.0	33.0
3	31.94173044988301	33.0	33.0	33.0	27.0	33.0
4	35.71807735673383	37.0	37.0	37.0	33.0	37.0
5	35.720721713305004	37.0	37.0	37.0	33.0	37.0
6	35.70005880687638	37.0	37.0	37.0	33.0	37.0
7	35.68041411194718	37.0	37.0	37.0	33.0	37.0
8	35.65225762668585	37.0	37.0	37.0	33.0	37.0
9	35.62987197234947	37.0	37.0	37.0	33.0	37.0
10-11	35.56249481570116	37.0	37.0	37.0	33.0	37.0
12-13	35.49608315117523	37.0	37.0	37.0	33.0	37.0
14-15	37.43316242661586	40.0	37.0	40.0	33.0	40.0
16-17	37.40685302439549	40.0	37.0	40.0	33.0	40.0
18-19	37.39125401141876	40.0	37.0	40.0	33.0	40.0
20-21	37.34326849348846	40.0	37.0	40.0	33.0	40.0
22-23	37.27952291516914	40.0	37.0	40.0	33.0	40.0
24-25	37.21221120354072	40.0	37.0	40.0	33.0	40.0
26-27	37.10997268452766	40.0	37.0	40.0	33.0	40.0
28-29	37.049055000164394	40.0	37.0	40.0	33.0	40.0
30-31	36.95090464594172	40.0	37.0	40.0	33.0	40.0
32-33	36.85280824364263	40.0	37.0	40.0	33.0	40.0
34-35	36.71788260637685	40.0	37.0	40.0	33.0	40.0
36-37	36.626897112914676	40.0	37.0	40.0	33.0	40.0
38-39	36.52967982051392	40.0	37.0	40.0	33.0	40.0
40-41	36.43989896820858	40.0	37.0	40.0	30.0	40.0
42-43	36.29769921222389	40.0	37.0	40.0	27.0	40.0
44-45	36.191907663747656	40.0	37.0	40.0	27.0	40.0
46-47	36.049616380255245	40.0	37.0	40.0	27.0	40.0
48-49	35.877541987968065	37.0	37.0	40.0	27.0	40.0
50-51	34.64507010792813	37.0	35.0	38.5	24.5	40.0
52-53	34.814878305447344	37.0	33.0	38.5	27.0	40.0
54-55	35.30521726694148	37.0	33.0	40.0	27.0	40.0
56-57	35.230264124388896	37.0	33.0	40.0	27.0	40.0
58-59	35.05861504181237	37.0	33.0	40.0	27.0	40.0
60-61	34.84263112985309	37.0	33.0	40.0	27.0	40.0
62-63	34.60841967752997	37.0	33.0	40.0	27.0	40.0
64-65	34.376770450944846	37.0	33.0	37.0	27.0	40.0
66-67	34.149339906758044	37.0	33.0	37.0	27.0	40.0
68-69	33.905510785440185	37.0	33.0	37.0	27.0	40.0
70-71	33.68495773330648	37.0	33.0	37.0	22.0	40.0
72-73	33.44719005306073	37.0	33.0	37.0	22.0	38.5
74-75	33.204109157388515	37.0	33.0	37.0	22.0	37.0
76-77	33.01500186927953	37.0	33.0	37.0	22.0	37.0
78-79	32.822093906972384	37.0	33.0	37.0	22.0	37.0
80-81	32.62221583443809	37.0	33.0	37.0	22.0	37.0
82-83	32.51200171608103	37.0	33.0	37.0	22.0	37.0
84-85	32.388557082443654	37.0	33.0	37.0	22.0	37.0
86-87	32.277758578187516	37.0	33.0	37.0	22.0	37.0
88-89	32.16050749915843	37.0	33.0	37.0	22.0	37.0
90-91	32.045535811023285	37.0	33.0	37.0	22.0	37.0
92-93	31.94803489041464	37.0	33.0	37.0	22.0	37.0
94-95	31.87038462964625	37.0	33.0	37.0	22.0	37.0
96-97	31.747962144181603	33.0	33.0	37.0	15.0	37.0
98-99	31.580098562957687	33.0	33.0	37.0	15.0	37.0
100	28.66160055016799	33.0	27.0	37.0	15.0	37.0
>>END_MODULE
>>Per sequence quality scores	pass
#Quality	Count
2	659.0
3	131.0
4	909.0
5	2484.0
6	2829.0
7	7461.0
8	24997.0
9	65381.0
10	114327.0
11	133349.0
12	141557.0
13	164787.0
14	192448.0
15	222852.0
16	256096.0
17	291067.0
18	328518.0
19	363589.0
20	392921.0
21	423295.0
22	458741.0
23	500122.0
24	549989.0
25	604782.0
26	668494.0
27	743454.0
28	853124.0
29	1001336.0
30	1195522.0
31	1460962.0
32	1842678.0
33	2345862.0
34	3062131.0
35	4240165.0
36	7320822.0
37	1.7228767E7
38	1.5163846E7
39	101832.0
>>END_MODULE
>>Per base sequence content	fail
#Base	G	A	T	C
1	33.56331926463617	15.161543436872316	12.758831243763936	38.51630605472758
2	23.681768034408606	27.087670248447225	27.979552529450096	21.251009187694073
3	24.940232211458447	27.152277560502135	20.85544414384536	27.052046084194053
4	27.091170658138203	31.29421280628065	18.15317424442524	23.461442291155905
5	27.61185101723785	31.457307292415848	19.682372271838798	21.248469418507508
6	23.539311669960984	34.721621622184074	19.32646994832731	22.412596759527627
7	22.807761870029182	20.041648621411902	31.72086459387752	25.429724914681394
8	23.932756334097423	23.652330281017843	24.0830075587744	28.331905826110333
9	24.334603280230784	22.39722660718965	26.35919232536248	26.908977787217083
10-11	26.007174289908953	29.96153120808267	19.4670578719527	24.56423663005568
12-13	26.232504709927166	24.08838614093826	23.026018115663526	26.65309103347105
14-15	25.156737540612617	26.601378977408558	24.012503770493158	24.22937971148567
16-17	25.764412871869837	26.14354912225249	23.289791491670325	24.80224651420735
18-19	25.394737175975024	26.51483087028582	23.594857689350572	24.495574264388583
20-21	25.34592549330079	26.532611719159494	23.612697092409814	24.5087656951299
22-23	25.46110771371633	26.61992944168079	23.40692394751148	24.512038897091397
24-25	25.29304986396558	26.485850898252767	23.63295799843487	24.58814123934678
26-27	25.1478656194047	26.65502206308424	23.65273545929406	24.544376858216996
28-29	25.63437645818602	26.28091728729856	23.524401127897818	24.560305126617603
30-31	25.235671775403702	26.356190123131174	23.72323552520059	24.684902576264538
32-33	25.13261668624826	26.41733660628509	23.779003192868398	24.67104351459825
34-35	25.576299313727212	26.319900277606585	23.364503333238968	24.73929707542724
36-37	25.279602480501428	26.366885630993504	23.5534402428841	24.800071645620967
38-39	25.065215402111818	26.44252715836486	23.661171808575258	24.831085630948067
40-41	25.57696684841142	25.997232892826684	23.517476630955116	24.908323627806777
42-43	25.293836662025676	26.195412640393954	23.57694634237305	24.93380435520732
44-45	25.334123364832177	26.31268248502315	23.63011027183754	24.723083878307133
46-47	25.55957395953653	26.171070325946054	23.40041309617617	24.86894261834124
48-49	25.342445704838017	26.220506454866843	23.545023402438424	24.892024437856715
50-51	25.21749170750791	26.339942169765973	23.574005084679598	24.868561038046522
52-53	25.434484801421853	26.191063958373096	23.399152518567885	24.975298721637166
54-55	25.15533983703437	26.32628691481274	23.63758959237461	24.880783655778277
56-57	25.202890280878353	26.41863720168403	23.641536492781164	24.73693602465645
58-59	25.472377491198888	26.28202931050641	23.291394122504368	24.954199075790335
60-61	25.19694117214579	26.416228697588412	23.61215741577875	24.774672714487046
62-63	25.292736073005983	26.64205663648689	23.476398946115058	24.588808344392067
64-65	25.412075097528515	26.512147829676337	23.28799012516838	24.787786947626767
66-67	25.250913471325394	26.697647365607335	23.317141923326595	24.734297239740677
68-69	25.27225258640068	26.836332519361694	23.40207793341879	24.48933696081884
70-71	25.52206946696609	26.551383647903997	23.23344703080755	24.693099854322362
72-73	25.359959990895835	26.71248475959733	23.435904773069346	24.49165047643749
74-75	25.279466086480433	26.899505554529835	23.42741939416018	24.393608964829554
76-77	25.45392186846433	26.704532565268103	23.285522213223402	24.55602335304416
78-79	25.25469614802037	26.67590229471634	23.505424787135507	24.56397677012778
80-81	25.290549500231315	26.77887840724327	23.533709590891963	24.396862501633457
82-83	25.549546282363096	26.59991006575909	23.34929148896338	24.50125216291444
84-85	25.396554799252186	26.776884805528006	23.348512133926928	24.47804826129288
86-87	25.287395350213966	26.879613268845524	23.402450363899806	24.430541017040703
88-89	25.46651677408334	26.636800516528197	23.275065125266288	24.621617584122177
90-91	25.28254665294312	26.753832305848523	23.426094335776185	24.53752670543217
92-93	25.22520186599214	27.001347552462242	23.297043424722588	24.47640715682303
94-95	25.539300447920038	26.533012466137173	23.15597983728397	24.771707248658817
96-97	25.301706469762202	26.47443985600018	23.311517245214116	24.912336429023505
98-99	25.615446617099064	23.15657202952028	24.84912615050562	26.37885520287504
100	27.919142137535975	0.0	34.00567159461309	38.07518626785094
>>END_MODULE
>>Per sequence GC content	pass
#GC Content	Count
0	17994.0
1	11242.5
2	4617.0
3	5532.0
4	6838.0
5	8186.0
6	11341.0
7	15518.0
8	20579.5
9	26123.5
10	30867.0
11	37063.5
12	42015.5
13	43155.5
14	42391.0
15	40982.5
16	39379.0
17	38517.0
18	39173.5
19	41049.5
20	45201.5
21	52764.0
22	64079.5
23	79229.5
24	100845.5
25	133156.0
26	180097.5
27	237856.5
28	299429.0
29	360294.0
30	434032.0
31	528657.0
32	635651.5
33	747731.0
34	865052.5
35	1004868.5
36	1140433.5
37	1270693.0
38	1370058.0
39	1465069.0
40	1586717.5
41	1633702.0
42	1666061.0
43	1762624.5
44	1822552.0
45	1869362.5
46	1917485.0
47	1920726.0
48	1950089.0
49	1983254.5
50	2000855.5
51	2006600.5
52	1992871.0
53	1979630.5
54	1936252.5
55	1899469.0
56	1866635.5
57	1792713.5
58	1741423.5
59	1723101.5
60	1657997.5
61	1554873.0
62	1417639.5
63	1253517.5
64	1119221.0
65	1013464.5
66	927488.5
67	856521.0
68	739842.0
69	594891.5
70	484474.5
71	405824.0
72	345851.5
73	287395.0
74	241221.5
75	200629.0
76	169101.0
77	150974.5
78	138082.5
79	123156.0
80	106394.5
81	91971.0
82	80636.5
83	72426.5
84	66219.5
85	61232.5
86	66819.0
87	72417.0
88	61294.0
89	47386.0
90	40378.5
91	38800.0
92	34510.5
93	25783.5
94	19804.5
95	15948.0
96	13951.0
97	11973.5
98	9467.5
99	6777.0
100	4089.5
>>END_MODULE
>>Per base N content	pass
#Base	N-Count
1	0.02886239828009495
2	0.0059674461088233596
3	0.014204698704318265
4	0.017652627598740343
5	0.013255477796986652
6	0.007467311184994895
7	0.003251041589865945
8	0.0014646494607224714
9	0.0010324578165748569
10-11	0.0011805234724402433
12-13	0.0016711410240374427
14-15	0.0032166263293134495
16-17	0.004045794002159614
18-19	0.011237783102734548
20-21	0.037163679267315425
22-23	0.06214915842842697
24-25	0.07596568500790896
26-27	0.07446021744746142
28-29	0.05244645601731302
30-31	0.0312746679383559
32-33	0.026464535009972263
34-35	0.03412393137014388
36-37	0.030875427674860977
38-39	0.027510544508023444
40-41	0.04413659581567365
42-43	0.06628845804700084
44-45	0.09730163299674378
46-47	0.12258187316737394
48-49	0.12366910479518717
50-51	0.07738733625893528
52-53	0.06177961987773186
54-55	0.0713199014559419
56-57	0.07182022252322848
58-59	0.06903282290343334
60-61	0.08103745709349625
62-63	0.09164008870199238
64-65	0.08752822865601681
66-67	0.10777573781481203
68-69	0.11192838934835683
70-71	0.10197228018766835
72-73	0.08898562565141528
74-75	0.07652386386273836
76-77	0.09053983277742066
78-79	0.10073214658834972
80-81	0.10568835470427217
82-83	0.11438527701052613
84-85	0.11156460403379222
86-87	0.09985450233359332
88-89	0.10896966022041006
90-91	0.10405756656310877
92-93	0.10404057099340376
94-95	0.1051352888958718
96-97	0.09853189351229101
98-99	0.13531808241344254
100	0.01691355882274837
>>END_MODULE
>>Sequence Length Distribution	warn
#Length	Count
34-35	6253.0
36-37	2090.0
38-39	2560.0
40-41	3137.0
42-43	3954.0
44-45	4579.0
46-47	5313.0
48-49	6580.0
50-51	7963.0
52-53	9680.0
54-55	11752.0
56-57	13773.0
58-59	17147.0
60-61	21556.0
62-63	25898.0
64-65	31871.0
66-67	36433.0
68-69	43222.0
70-71	51595.0
72-73	61726.0
74-75	71745.0
76-77	84838.0
78-79	99726.0
80-81	116668.0
82-83	140020.0
84-85	166435.0
86-87	195095.0
88-89	225945.0
90-91	263362.0
92-93	291999.0
94-95	411592.0
96-97	2049317.0
98-99	1.912615E7
100-101	3.8862312E7
>>END_MODULE
>>Sequence Duplication Levels	fail
#Total Deduplicated Percentage	38.00760925500769
#Duplication Level	Percentage of deduplicated	Percentage of total
1	72.28745942235129	27.47473511761951
2	13.127995945772405	9.979274804164854
3	5.074717308611945	5.786336176360411
4	2.6410910040012143	4.015262195479764
5	1.5968783663186972	3.034676448740804
6	1.0501598335028501	2.3948438764248148
7	0.7442105741321466	1.9799965293541693
8	0.5186728292070157	1.577081137895167
9	0.40873878982990963	1.3981665790097924
>10	2.209086750573259	15.202108228284153
>50	0.1725858201201035	4.5874832760355995
>100	0.1424965738176351	10.975348743945414
>500	0.01702080611979784	4.435015625213832
>1k	0.008463295023810253	5.522021127149468
>5k	3.1278365738301924E-4	0.7727447955975845
>10k+	1.0989696070214191E-4	0.864905338724733
>>END_MODULE
>>Overrepresented sequences	pass
>>END_MODULE
>>Adapter Content	pass
#Position	Illumina Universal Adapter	Illumina Small RNA 3' Adapter	Illumina Small RNA 5' Adapter	Nextera Transposase Sequence	SOLID Small RNA Adapter
1	1.600709793139313E-6	6.402839172557252E-6	0.0	0.0	0.0
2	8.003548965696564E-6	2.2409937103950382E-5	0.0	1.600709793139313E-6	0.0
3	8.003548965696564E-6	2.561135669022901E-5	0.0	3.201419586278626E-6	1.600709793139313E-6
4	9.604258758835878E-6	2.721206648336832E-5	0.0	3.201419586278626E-6	3.201419586278626E-6
5	9.604258758835878E-6	2.721206648336832E-5	0.0	4.802129379417939E-6	3.201419586278626E-6
6	9.604258758835878E-6	2.721206648336832E-5	0.0	8.003548965696564E-6	3.201419586278626E-6
7	9.604258758835878E-6	3.201419586278626E-5	0.0	8.003548965696564E-6	3.201419586278626E-6
8	1.1204968551975191E-5	3.841703503534351E-5	0.0	8.003548965696564E-6	3.201419586278626E-6
9	1.2805678345114504E-5	3.841703503534351E-5	0.0	8.003548965696564E-6	4.802129379417939E-6
10-11	1.7607807724532444E-5	3.921738993191317E-5	8.003548965696565E-7	1.2805678345114504E-5	1.1204968551975191E-5
12-13	2.561135669022901E-5	4.4819874207900764E-5	1.600709793139313E-6	1.920851751767176E-5	1.2805678345114504E-5
14-15	2.561135669022901E-5	4.7220938897609736E-5	1.600709793139313E-6	2.080922731081107E-5	1.6807452827962786E-5
16-17	2.721206648336832E-5	5.2023068277027674E-5	1.600709793139313E-6	2.080922731081107E-5	1.84081626211021E-5
18-19	3.0413486069646946E-5	5.762555255301527E-5	1.600709793139313E-6	2.1609582207380724E-5	2.0809227310811067E-5
20-21	3.361490565592557E-5	6.322803682900286E-5	1.600709793139313E-6	2.2409937103950382E-5	2.4010646897089697E-5
22-23	3.521561544906489E-5	7.523336027754772E-5	1.600709793139313E-6	2.4010646897089693E-5	2.561135669022901E-5
24-25	4.081809972505248E-5	9.124045820894084E-5	1.600709793139313E-6	2.6411711586798662E-5	2.561135669022901E-5
26-27	4.4819874207900764E-5	9.284116800208016E-5	1.600709793139313E-6	2.8812776276507635E-5	2.561135669022901E-5
28-29	5.362377807016698E-5	9.604258758835879E-5	1.600709793139313E-6	2.9613131173077292E-5	2.721206648336832E-5
30-31	7.123158579469942E-5	1.0084471696777672E-4	1.600709793139313E-6	3.0413486069646946E-5	2.721206648336832E-5
32-33	8.243655434667462E-5	1.0404613655405535E-4	1.600709793139313E-6	3.0413486069646946E-5	2.8812776276507635E-5
34-35	1.0164507186434638E-4	1.0724755614033396E-4	1.600709793139313E-6	3.921738993191317E-5	2.8812776276507635E-5
36-37	1.3045784814085402E-4	1.272564285545754E-4	1.600709793139313E-6	4.241880951819179E-5	2.8812776276507635E-5
38-39	1.9928836924584445E-4	1.4486423627910785E-4	1.600709793139313E-6	4.4819874207900764E-5	3.2814550759355915E-5
40-41	2.63316760971417E-4	1.4966636565852577E-4	1.600709793139313E-6	4.642058400104008E-5	3.841703503534351E-5
42-43	3.7216502690489025E-4	1.5206743034823473E-4	1.600709793139313E-6	4.642058400104008E-5	3.841703503534351E-5
44-45	5.138278435977195E-4	1.600709793139313E-4	1.600709793139313E-6	4.96220035873187E-5	3.841703503534351E-5
46-47	6.995101796018798E-4	1.6487310869334925E-4	1.600709793139313E-6	5.2823423173597325E-5	4.241880951819179E-5
48-49	9.252102604345229E-4	1.728766576590458E-4	1.600709793139313E-6	5.52244878633063E-5	4.4019519311331106E-5
50-51	0.0012549564778212214	1.7927949683160306E-4	1.600709793139313E-6	5.922626234615458E-5	4.4819874207900764E-5
52-53	0.001637526118381517	1.8488198110759064E-4	1.600709793139313E-6	6.24276819324332E-5	4.4819874207900764E-5
54-55	0.0020425056960457636	1.9448623986642653E-4	1.600709793139313E-6	6.402839172557252E-5	4.802129379417939E-5
56-57	0.002652376127231842	2.0248978883212308E-4	1.600709793139313E-6	6.402839172557252E-5	4.802129379417939E-5
58-59	0.003287857915108149	2.152954671772376E-4	1.600709793139313E-6	6.883052110499046E-5	5.042235848388836E-5
60-61	0.004047394711952753	2.2329901614293415E-4	1.600709793139313E-6	7.203194069126909E-5	5.282342317359733E-5
62-63	0.004991813489904948	2.3050221021206108E-4	1.600709793139313E-6	7.603371517411736E-5	5.282342317359733E-5
64-65	0.006094702537377934	2.3450398469490935E-4	1.600709793139313E-6	8.083584455353531E-5	5.362377807016698E-5
66-67	0.007364865758233979	2.4570895324688456E-4	1.600709793139313E-6	8.723868372609256E-5	6.963087600156012E-5
68-69	0.008722267662816117	2.489103728331632E-4	1.600709793139313E-6	8.963974841580153E-5	7.203194069126909E-5
70-71	0.00978433861056405	2.6091569628170804E-4	1.600709793139313E-6	9.284116800208016E-5	7.283229558783873E-5
72-73	0.010946453920383192	2.7692279421310113E-4	1.600709793139313E-6	9.92440071746374E-5	7.603371517411736E-5
74-75	0.012384691669518864	2.86527052971937E-4	1.600709793139313E-6	1.0324578165748569E-4	7.683407007068702E-5
76-77	0.01381492586968884	2.8972847255821565E-4	1.600709793139313E-6	1.04846491450625E-4	8.003548965696565E-5
78-79	0.015023461763509022	2.929298921444943E-4	1.600709793139313E-6	1.104489757266126E-4	8.403726413981394E-5
80-81	0.01657214848837131	3.0013308621362116E-4	1.600709793139313E-6	1.160514600026002E-4	8.64383288295229E-5
82-83	0.018677081866349504	3.105376998690267E-4	1.600709793139313E-6	1.2165394427858779E-4	8.963974841580153E-5
84-85	0.02036823176280119	3.3294763697297707E-4	1.600709793139313E-6	1.2325465407172711E-4	9.124045820894084E-5
86-87	0.021265429601855772	3.5055544469750956E-4	2.4010646897089694E-6	1.288571383477147E-4	9.444187779521947E-5
88-89	0.021272632795924902	3.585589936632061E-4	4.001774482848282E-6	1.3205855793399333E-4	1.0084471696777672E-4
>>END_MODULE
