##FastQC	0.11.8
>>Basic Statistics	pass
#Measure	Value
Filename	forward.gz
File type	Conventional base calls
Encoding	Sanger / Illumina 1.9
Total Sequences	66594303
Sequences flagged as poor quality	0
Sequence length	100
%GC	50
>>END_MODULE
>>Per base sequence quality	pass
#Base	Mean	Median	Lower Quartile	Upper Quartile	10th Percentile	90th Percentile
1	32.486274989618856	33.0	33.0	33.0	33.0	33.0
2	32.5235959898852	33.0	33.0	33.0	33.0	33.0
3	31.858591207118724	33.0	33.0	33.0	27.0	33.0
4	36.10191939391572	37.0	37.0	37.0	33.0	37.0
5	36.37842262573121	37.0	37.0	37.0	37.0	37.0
6	36.4215763621702	37.0	37.0	37.0	37.0	37.0
7	36.419167642613516	37.0	37.0	37.0	37.0	37.0
8	36.42098380397494	37.0	37.0	37.0	37.0	37.0
9	36.41535534954094	37.0	37.0	37.0	37.0	37.0
10-11	36.43108085386824	37.0	37.0	37.0	37.0	37.0
12-13	36.39852852728258	37.0	37.0	37.0	37.0	37.0
14-15	38.44204041748135	40.0	37.0	40.0	37.0	40.0
16-17	38.433828236027935	40.0	37.0	40.0	37.0	40.0
18-19	38.41092233520335	40.0	37.0	40.0	37.0	40.0
20-21	38.37069346607622	40.0	37.0	40.0	37.0	40.0
22-23	38.310060013692166	40.0	37.0	40.0	37.0	40.0
24-25	38.25692937277232	40.0	37.0	40.0	37.0	40.0
26-27	38.152153150397865	40.0	37.0	40.0	35.0	40.0
28-29	38.06017050737809	40.0	37.0	40.0	33.0	40.0
30-31	37.95554589707171	40.0	37.0	40.0	33.0	40.0
32-33	37.863060635982634	40.0	37.0	40.0	33.0	40.0
34-35	37.759887501187606	40.0	37.0	40.0	33.0	40.0
36-37	37.665026180993294	40.0	37.0	40.0	33.0	40.0
38-39	37.56182250304504	40.0	37.0	40.0	33.0	40.0
40-41	37.43832902643339	40.0	37.0	40.0	33.0	40.0
42-43	37.45434528386009	40.0	37.0	40.0	33.0	40.0
44-45	37.37394893974639	40.0	37.0	40.0	33.0	40.0
46-47	37.22567252487048	40.0	37.0	40.0	33.0	40.0
48-49	37.08941520117719	38.5	37.0	40.0	33.0	40.0
50-51	36.956757066741886	37.0	37.0	40.0	33.0	40.0
52-53	36.86550953164868	37.0	37.0	40.0	33.0	40.0
54-55	36.70042031973816	37.0	37.0	40.0	33.0	40.0
56-57	36.48427104192381	37.0	37.0	40.0	33.0	40.0
58-59	36.34571370166604	37.0	37.0	40.0	33.0	40.0
60-61	36.15432320089002	37.0	37.0	40.0	33.0	40.0
62-63	35.930141426662274	37.0	37.0	40.0	33.0	40.0
64-65	35.70396661408108	37.0	37.0	38.5	33.0	40.0
66-67	35.474018310545276	37.0	33.0	37.0	33.0	40.0
68-69	35.240871790489344	37.0	33.0	37.0	33.0	40.0
70-71	35.032042583282234	37.0	33.0	37.0	33.0	40.0
72-73	34.82040331588124	37.0	33.0	37.0	27.0	40.0
74-75	34.611230603314525	37.0	33.0	37.0	27.0	37.0
76-77	33.83292608378227	37.0	33.0	37.0	27.0	37.0
78-79	34.25311780799027	37.0	33.0	37.0	27.0	37.0
80-81	34.23865698391648	37.0	33.0	37.0	27.0	37.0
82-83	34.12872948756593	37.0	33.0	37.0	27.0	37.0
84-85	33.99696717300277	37.0	33.0	37.0	27.0	37.0
86-87	33.862253006837534	37.0	33.0	37.0	27.0	37.0
88-89	33.76296860558777	37.0	33.0	37.0	27.0	37.0
90-91	33.64179107032624	37.0	33.0	37.0	27.0	37.0
92-93	33.523364791429685	37.0	33.0	37.0	27.0	37.0
94-95	33.393929012215956	37.0	33.0	37.0	27.0	37.0
96-97	33.25497287658375	37.0	33.0	37.0	27.0	37.0
98-99	33.086821360680055	37.0	33.0	37.0	27.0	37.0
100	32.13037343449634	33.0	33.0	37.0	27.0	37.0
>>END_MODULE
>>Per sequence quality scores	pass
#Quality	Count
2	213.0
3	171.0
4	383.0
5	877.0
6	2190.0
7	5842.0
8	12860.0
9	22091.0
10	32049.0
11	39609.0
12	45348.0
13	50924.0
14	57189.0
15	65790.0
16	75567.0
17	83704.0
18	91851.0
19	101045.0
20	112681.0
21	128860.0
22	154166.0
23	190644.0
24	244246.0
25	313402.0
26	405483.0
27	523304.0
28	667584.0
29	850859.0
30	1084883.0
31	1397240.0
32	1827096.0
33	2432819.0
34	3325145.0
35	4908207.0
36	9133909.0
37	2.0829876E7
38	1.7313745E7
39	62451.0
>>END_MODULE
>>Per base sequence content	fail
#Base	G	A	T	C
1	23.9744763761522	13.334737068019061	14.61684430523324	48.0739422505955
2	21.455605916554244	19.74052074305096	36.12486245444843	22.67901088594637
3	25.53787405394771	23.058174133971796	23.782113452979182	27.621838359101307
4	26.004752659011356	30.289457205796893	19.568613229660798	24.137176905530954
5	29.74898688007596	30.166438599058225	20.68700997298747	19.39756454787834
6	23.722973720439718	33.296642507092535	20.757051845711185	22.223331926756558
7	20.40453851442125	16.752233546948204	39.0630747957986	23.78015314283195
8	21.64184529397108	20.621682739191044	27.39355021869818	30.342921748139695
9	22.47772505531524	20.274234923431862	29.89475797875963	27.35328204249327
10-11	26.053618585145326	28.966859155729036	20.324747207942544	24.65477505118309
12-13	23.991017451224273	22.925856244111444	26.918944895518663	26.164181409145616
14-15	24.769084224328665	24.29113145736187	25.855566987279254	25.08421733103021
16-17	25.40208882432481	24.539904712269454	24.877564977292426	25.18044148611331
18-19	25.153798065879602	24.82126586714182	24.742767410599672	25.28216865637891
20-21	25.389123296309315	24.738228849053854	24.783741013089493	25.08890684154734
22-23	25.139075330048748	25.1227360730753	24.950643047968633	24.78754554890732
24-25	25.16648800874364	25.162387802465204	24.842175281888807	24.82894890690235
26-27	25.057033071466794	25.0775416642969	24.9991697830305	24.86625548120581
28-29	24.948589330079805	24.880598127370792	24.980168043745802	25.190644498803604
30-31	24.91994444345242	24.95861290109082	24.888143736970626	25.23329891848613
32-33	25.043253957471816	25.02176497414676	24.890254408865133	25.044726659516286
34-35	25.17162576055099	24.987206477358203	24.77020418109916	25.070963580991645
36-37	24.922548959888466	24.811355058521666	24.959272931148703	25.306823050441164
38-39	24.896574320551657	24.902488414240903	24.970761054200267	25.230176211007173
40-41	25.180047961928892	24.90102332112618	24.832988786669137	25.085939930275792
42-43	24.931930138782977	24.740591229637847	25.120015477773112	25.20746315380607
44-45	24.89479771961345	25.001159105369027	25.054983641391065	25.049059533626455
46-47	25.16989027266192	24.922715853093226	24.907753901141074	24.999639973103776
48-49	24.9462329099086	24.89868012547694	24.952820757169953	25.202266207444506
50-51	24.979693331653667	24.92925158399972	24.962325801176547	25.128729283170063
52-53	25.10043725538833	25.04318633609891	24.70051573429468	25.15586067421808
54-55	24.925785061512865	24.875105607848457	24.93924817573338	25.259861154905295
56-57	25.023336057178074	24.813791573935383	24.87699426372099	25.285878105165548
58-59	25.179691646887566	24.909398530616475	24.828416267877003	25.082493554618964
60-61	25.117531256660726	24.85979396923331	24.81761291889181	25.205061855214154
62-63	24.922356375374022	24.95107771481408	25.02077654400666	25.105789365805236
64-65	25.071807739568293	24.991147937400328	24.92907311124859	25.007971211782788
66-67	24.969011112547417	24.95219577774911	24.87518813803282	25.203604971670657
68-69	25.136116259444584	24.903830873041628	24.96058739599197	24.99946547152182
70-71	24.949376327010732	24.947584066156786	24.856527904330182	25.2465117025023
72-73	24.849257000257214	25.058830482841753	24.8330994619765	25.258813054924534
74-75	25.175350419847152	25.078776080434338	24.792626941937197	24.953246557781313
76-77	25.18353327436579	25.00875694848743	24.743487837716703	25.06422193943008
78-79	25.0891529999312	24.860580148668006	25.039385066711368	25.01088178468942
80-81	25.03767342140683	24.98957491513738	24.930600801755403	25.042150861700392
82-83	24.99584206960521	24.920301359376108	24.980374245648854	25.103482325369836
84-85	25.017244217816227	24.979636378039757	25.03096779357729	24.972151610566723
86-87	24.956792237703116	25.121593610492397	25.001742504364298	24.91987164744019
88-89	25.13937492992711	25.028712143461817	24.89942883601994	24.932484090591135
90-91	24.96857827029612	24.970216692009142	24.963581159159485	25.097623878535252
92-93	25.020190552561218	25.009602972583973	25.054932081838327	24.91527439301648
94-95	25.14014384649046	24.881470866099114	24.77769982184569	25.20068546556474
96-97	24.992545558520245	24.912110426683295	24.769484490849596	25.325859523946864
98-99	25.015296553036563	24.894674279806267	25.056279069372827	25.033750097784342
100	25.061699726904546	24.939319879909238	24.70220198131678	25.296778411869436
>>END_MODULE
>>Per sequence GC content	pass
#GC Content	Count
0	13.0
1	9.5
2	10.0
3	14.5
4	16.5
5	29.0
6	47.5
7	71.5
8	106.0
9	151.5
10	201.5
11	285.0
12	409.0
13	582.0
14	868.0
15	1341.0
16	2371.5
17	4061.5
18	6724.0
19	11379.5
20	19119.0
21	31279.5
22	48946.5
23	73194.0
24	106489.5
25	149865.0
26	202195.5
27	262865.5
28	330900.5
29	404203.5
30	479904.5
31	562305.0
32	656113.0
33	748324.0
34	837339.0
35	941120.5
36	1056670.0
37	1192707.5
38	1312044.5
39	1421948.5
40	1524048.5
41	1598551.0
42	1716933.0
43	1851286.5
44	1961276.5
45	2080468.0
46	2179972.0
47	2225206.0
48	2253596.5
49	2254486.0
50	2245027.0
51	2266123.0
52	2258519.0
53	2216584.0
54	2183978.0
55	2149598.5
56	2125793.5
57	2006732.5
58	1882677.5
59	1839514.0
60	1735769.0
61	1641746.5
62	1534661.5
63	1397895.0
64	1265510.5
65	1125251.0
66	1010413.5
67	890418.0
68	764020.5
69	650091.5
70	530862.0
71	426398.5
72	382354.0
73	337961.5
74	276348.0
75	225574.5
76	189764.5
77	161673.5
78	117783.0
79	82526.5
80	61036.0
81	42652.5
82	24589.5
83	13224.0
84	6581.5
85	4037.5
86	3116.0
87	2035.0
88	1105.5
89	717.0
90	505.0
91	406.0
92	273.5
93	162.0
94	102.0
95	62.5
96	35.5
97	23.0
98	11.5
99	8.0
100	5.0
>>END_MODULE
>>Per base N content	pass
#Base	N-Count
1	0.08636324341438036
2	1.5016299517392652E-6
3	9.00977971043559E-4
4	4.504889855217796E-6
5	2.2524449276088978E-5
6	0.0
7	1.5016299517392652E-6
8	2.1022819324349712E-5
9	1.291401758495768E-4
10-11	6.45700879247884E-5
12-13	9.610431691131297E-5
14-15	5.698685666850512E-4
16-17	0.0
18-19	0.0
20-21	2.7780154107176407E-5
22-23	1.313926207771857E-4
24-25	1.3890077053588202E-4
26-27	3.9868275218677486E-4
28-29	5.908913860094008E-4
30-31	0.011610602786848
32-33	0.02402908248773172
34-35	0.025026915590662464
36-37	0.012564137806202432
38-39	0.011412387633218415
40-41	0.011309525981524276
42-43	0.008878387089658405
44-45	0.002998004198647443
46-47	0.0030873511807759293
48-49	0.002985240344057659
50-51	0.0024716829005628303
52-53	9.197483454402999E-4
54-55	0.0018635227701084278
56-57	0.015183731257011581
58-59	0.03073160777731993
60-61	0.025547981183915987
62-63	0.017126840414562187
64-65	0.016444349601496693
66-67	0.022816516301702262
68-69	0.025427850787776846
70-71	0.003654967302533371
72-73	0.0
74-75	1.2763854589783755E-5
76-77	6.532090290065804E-5
78-79	3.2660451450329016E-4
80-81	0.007383514472701966
82-83	0.011548285143850819
84-85	0.028663863333774964
86-87	0.02444278153943589
88-89	0.017791311668206813
90-91	0.008754502618639916
92-93	0.010283912724486357
94-95	0.008108801739392033
96-97	0.009736568607077395
98-99	7.733394251457215E-5
100	7.508149758696326E-6
>>END_MODULE
>>Sequence Length Distribution	pass
#Length	Count
100	6.6594303E7
>>END_MODULE
>>Sequence Duplication Levels	fail
#Total Deduplicated Percentage	37.39801606062023
#Duplication Level	Percentage of deduplicated	Percentage of total
1	69.75972546688145	26.0887533339489
2	14.07999306129939	10.531276132797917
3	5.8447129715771355	6.557420087422713
4	2.992465797162001	4.47649135772485
5	1.7667056847431888	3.303564378620742
6	1.1639605588609718	2.611788940452667
7	0.8031503120408269	2.1025359788156495
8	0.5470150187890616	1.636582116645904
9	0.4231343830056969	1.4241947806302915
>10	2.312227746655824	15.60588684937996
>50	0.1656057835701229	4.2647055182619305
>100	0.11581556888029872	8.755531888749568
>500	0.01521553023613308	3.9379132456554977
>1k	0.00968684594319854	6.666998629551429
>5k	4.238164637734652E-4	1.0551139191306396
>10k+	1.614538909613201E-4	0.981242842211695
>>END_MODULE
>>Overrepresented sequences	pass
>>END_MODULE
>>Adapter Content	pass
#Position	Illumina Universal Adapter	Illumina Small RNA 3' Adapter	Illumina Small RNA 5' Adapter	Nextera Transposase Sequence	SOLID Small RNA Adapter
1	8.559290724913811E-5	2.1022819324349712E-5	0.0	7.508149758696326E-6	0.0
2	1.98215153629583E-4	1.1412387633218415E-4	0.0	9.310105700783444E-5	1.5016299517392652E-6
3	6.637204386687552E-4	1.1562550628392341E-4	0.0	9.91075768147915E-5	3.0032599034785304E-6
4	0.0023515525044236893	1.2163202609088048E-4	0.0	1.1412387633218415E-4	6.006519806957061E-6
5	0.0026653931643371956	1.2613691594609826E-4	0.0	1.1412387633218415E-4	6.006519806957061E-6
6	0.0033276119730542117	1.2763854589783753E-4	0.0	1.1562550628392341E-4	7.508149758696326E-6
7	0.0036114200339329326	1.8770374396740813E-4	0.0	1.1712713623566268E-4	7.508149758696326E-6
8	0.004371244789513001	2.072249333400186E-4	0.0	1.2013039613914121E-4	7.508149758696326E-6
9	0.0049944212194847955	2.192379729539327E-4	0.0	1.3214343575305534E-4	7.508149758696326E-6
10-11	0.007201817248541516	2.3875916232654317E-4	1.5016299517392652E-6	1.381499555600124E-4	8.258964734565957E-6
12-13	0.00929659103121779	2.57529536723284E-4	1.5016299517392652E-6	1.4115321546349092E-4	9.00977971043559E-6
14-15	0.011902669812461285	2.980735454202441E-4	1.5016299517392652E-6	1.4866136522218726E-4	9.00977971043559E-6
16-17	0.014667170553613272	3.408699990448132E-4	1.5016299517392652E-6	1.6442847971544954E-4	1.201303961391412E-5
18-19	0.017405392770609825	3.506305937311184E-4	1.5016299517392652E-6	1.794447792328422E-4	1.5016299517392652E-5
20-21	0.02012409379823376	3.799123777900341E-4	1.5016299517392652E-6	1.959627087019741E-4	1.726874444500155E-5
22-23	0.02253420987077528	4.0243682706612305E-4	1.5016299517392652E-6	2.094773782676275E-4	1.801955942087118E-5
24-25	0.024920299864088974	4.2571209131808164E-4	1.5016299517392652E-6	2.282477526643683E-4	1.801955942087118E-5
26-27	0.02699855571729612	4.399775758596047E-4	1.5016299517392652E-6	2.49270571988718E-4	1.8770374396740815E-5
28-29	0.02910083764973109	4.5949876523221513E-4	1.5016299517392652E-6	2.5527709179567505E-4	2.2524449276088978E-5
30-31	0.031001901168632995	4.7826913962895594E-4	3.00325990347853E-6	2.605327966267625E-4	2.2524449276088978E-5
32-33	0.03259062565757314	5.00793588905045E-4	4.504889855217795E-6	2.642868715061107E-4	2.4776894203697875E-5
34-35	0.03414781591752676	5.218164082293947E-4	4.504889855217795E-6	2.6954257633719813E-4	2.9281784058915672E-5
36-37	0.03576657300550169	5.631112319022245E-4	4.504889855217795E-6	2.7029339131306773E-4	3.1534228986524566E-5
38-39	0.03767364304421055	5.811307913230956E-4	4.504889855217795E-6	2.71795021264807E-4	3.1534228986524566E-5
40-41	0.039431300902721365	5.916422009852704E-4	4.504889855217795E-6	2.762999111200248E-4	3.22850439623942E-5
42-43	0.04099074360760259	6.021536106474453E-4	4.504889855217795E-6	3.0032599034785304E-4	3.754074879348163E-5
44-45	0.042535170012966424	6.3368783963397E-4	4.504889855217795E-6	3.025784352754619E-4	4.054400869696016E-5
46-47	0.04414867139611026	6.757334782826693E-4	4.504889855217795E-6	3.115882149858975E-4	4.129482367282979E-5
48-49	0.045600747559442135	7.21533191810717E-4	4.504889855217795E-6	3.2960777440676874E-4	4.2045638648699424E-5
50-51	0.047236773391862066	7.463100860144148E-4	4.504889855217795E-6	3.4462407392416136E-4	4.354726860043869E-5
52-53	0.049016955699648965	8.033720241805069E-4	4.504889855217795E-6	3.5588629856220586E-4	4.655052850391722E-5
54-55	0.05067926005622433	8.566798874672508E-4	4.504889855217795E-6	3.626436333450325E-4	4.805215845565648E-5
56-57	0.052530018971742976	8.889649314296449E-4	4.504889855217795E-6	3.8441726764525184E-4	5.255704831087428E-5
58-59	0.05461202889982947	9.09236935778125E-4	4.504889855217795E-6	4.0619090194547123E-4	5.856356811783134E-5
60-61	0.05697559444386707	9.17495900512691E-4	4.504889855217795E-6	4.4748572561830103E-4	5.856356811783134E-5
62-63	0.059538125956510125	9.505317594509548E-4	4.504889855217795E-6	4.6325284011156326E-4	5.9314383093700976E-5
64-65	0.062137447402970794	9.723053937511742E-4	4.504889855217795E-6	4.827740294841738E-4	6.682253285239729E-5
66-67	0.06480434219725972	0.0010173542923033521	4.504889855217795E-6	5.030460338326537E-4	7.3579867635224E-5
68-69	0.06784063795967651	0.001031619776844875	4.504889855217795E-6	5.345802628191784E-4	7.3579867635224E-5
70-71	0.0714017533902262	0.0010669080807107479	4.504889855217795E-6	5.563538971193977E-4	7.3579867635224E-5
72-73	0.07549219337876395	0.0011457436531770592	4.504889855217795E-6	5.7212101161266E-4	7.3579867635224E-5
74-75	0.0801637641586248	0.0011945466266085854	4.504889855217795E-6	5.878881261059223E-4	7.3579867635224E-5
76-77	0.08511689055443677	0.0012290841154985886	4.504889855217795E-6	5.961470908404883E-4	7.433068261109363E-5
78-79	0.0909537261768473	0.0012388447101848938	4.504889855217795E-6	6.029044256233149E-4	7.583231256283289E-5
80-81	0.09837853547322209	0.0012516085647746775	4.504889855217795E-6	6.411959893926663E-4	7.658312753870252E-5
82-83	0.10816916275856209	0.0012756346440025057	4.504889855217795E-6	6.554614739341892E-4	7.658312753870252E-5
84-85	0.12074606441935432	0.001355221031444687	4.504889855217795E-6	6.945038526794101E-4	7.658312753870252E-5
86-87	0.136055932592312	0.0014235451942488232	4.504889855217795E-6	8.221423985772477E-4	7.733394251457215E-5
88-89	0.15470092088808257	0.0014400631237179553	5.255704831087428E-6	8.611847773224686E-4	7.883557246631142E-5
>>END_MODULE
