##FastQC	0.11.8
>>Basic Statistics	pass
#Measure	Value
Filename	SRR3184285_reverse.gz
File type	Conventional base calls
Encoding	Sanger / Illumina 1.9
Total Sequences	36566270
Sequences flagged as poor quality	0
Sequence length	100
%GC	49
>>END_MODULE
>>Per base sequence quality	pass
#Base	Mean	Median	Lower Quartile	Upper Quartile	10th Percentile	90th Percentile
1	32.05956946114548	33.0	33.0	33.0	33.0	33.0
2	32.085234643839804	33.0	33.0	33.0	33.0	33.0
3	32.08108251128704	33.0	33.0	33.0	33.0	33.0
4	35.481756246945615	37.0	37.0	37.0	33.0	37.0
5	35.742826408053105	37.0	37.0	37.0	33.0	37.0
6	35.81588201366998	37.0	37.0	37.0	33.0	37.0
7	35.82190042900192	37.0	37.0	37.0	33.0	37.0
8	35.8171663940566	37.0	37.0	37.0	33.0	37.0
9	35.82065233889046	37.0	37.0	37.0	33.0	37.0
10-11	35.82951311413497	37.0	37.0	37.0	33.0	37.0
12-13	35.79014102340764	37.0	37.0	37.0	33.0	37.0
14-15	37.6814028748352	40.0	37.0	40.0	33.0	40.0
16-17	37.673585178362465	40.0	37.0	40.0	33.0	40.0
18-19	37.65190705806198	40.0	37.0	40.0	33.0	40.0
20-21	37.60743205418545	40.0	37.0	40.0	33.0	40.0
22-23	37.53558116537454	40.0	37.0	40.0	33.0	40.0
24-25	37.41604570277472	40.0	37.0	40.0	33.0	40.0
26-27	37.36046394669185	40.0	37.0	40.0	33.0	40.0
28-29	37.280355994745975	40.0	37.0	40.0	33.0	40.0
30-31	37.1889709560204	40.0	37.0	40.0	33.0	40.0
32-33	37.06446585883657	40.0	37.0	40.0	33.0	40.0
34-35	36.94611345373755	40.0	37.0	40.0	33.0	40.0
36-37	36.85083596166631	40.0	37.0	40.0	33.0	40.0
38-39	36.69991162620634	40.0	37.0	40.0	33.0	40.0
40-41	36.5846398607241	40.0	37.0	40.0	33.0	40.0
42-43	36.44191495331627	40.0	37.0	40.0	33.0	40.0
44-45	36.2944228383152	38.5	37.0	40.0	33.0	40.0
46-47	36.12604166353309	37.0	37.0	40.0	33.0	40.0
48-49	35.93614143580956	37.0	37.0	40.0	33.0	40.0
50-51	35.186859228463824	37.0	35.0	38.5	27.0	40.0
52-53	35.10399191659417	37.0	33.0	40.0	27.0	40.0
54-55	35.3098292360692	37.0	33.0	40.0	27.0	40.0
56-57	35.154141494333444	37.0	33.0	40.0	27.0	40.0
58-59	34.928216564063	37.0	33.0	40.0	27.0	40.0
60-61	34.98015179016071	37.0	33.0	40.0	27.0	40.0
62-63	34.94185951971585	37.0	33.0	40.0	27.0	40.0
64-65	34.73169260906295	37.0	33.0	38.5	27.0	40.0
66-67	34.47354579780765	37.0	33.0	37.0	27.0	40.0
68-69	34.21083185405566	37.0	33.0	37.0	27.0	40.0
70-71	33.96753587390784	37.0	33.0	37.0	27.0	40.0
72-73	33.73943995381536	37.0	33.0	37.0	27.0	40.0
74-75	33.65285901460554	37.0	33.0	37.0	27.0	37.0
76-77	33.51054004140975	37.0	33.0	37.0	27.0	37.0
78-79	33.30898935002121	37.0	33.0	37.0	27.0	37.0
80-81	33.1311195126	37.0	33.0	37.0	27.0	37.0
82-83	32.96494965168719	37.0	33.0	37.0	27.0	37.0
84-85	32.802870842445785	37.0	33.0	37.0	27.0	37.0
86-87	32.663842538492446	37.0	33.0	37.0	27.0	37.0
88-89	32.5106236293721	37.0	33.0	37.0	27.0	37.0
90-91	32.33659708797205	37.0	33.0	37.0	22.0	37.0
92-93	32.190760022829785	37.0	33.0	37.0	22.0	37.0
94-95	32.02089626587563	37.0	33.0	37.0	22.0	37.0
96-97	31.778330302762626	37.0	33.0	37.0	22.0	37.0
98-99	31.622582259552313	37.0	33.0	37.0	22.0	37.0
100	31.011580973394334	33.0	33.0	37.0	15.0	37.0
>>END_MODULE
>>Per sequence quality scores	pass
#Quality	Count
2	197504.0
3	52429.0
4	47235.0
5	46269.0
6	48753.0
7	52165.0
8	55266.0
9	60623.0
10	67347.0
11	70669.0
12	72392.0
13	73147.0
14	74480.0
15	76775.0
16	78498.0
17	80291.0
18	82159.0
19	85468.0
20	92012.0
21	103017.0
22	120319.0
23	146330.0
24	178785.0
25	218643.0
26	267538.0
27	328594.0
28	404960.0
29	504205.0
30	637028.0
31	820139.0
32	1092286.0
33	1484508.0
34	2057527.0
35	3031522.0
36	5254571.0
37	1.025811E7
38	8206533.0
39	38173.0
>>END_MODULE
>>Per base sequence content	fail
#Base	G	A	T	C
1	24.88425597058096	12.905882142847084	15.456986031025496	46.75287585554646
2	23.57197272142619	19.099101153905856	36.09964767928543	21.229278445382523
3	27.295748544828218	22.425231061626842	23.90775081383455	26.371269579710386
4	28.372090975340058	28.98752362212789	18.912163903006583	23.728221499525475
5	28.867695363251713	30.545652882342463	20.99109650952237	19.595555244883457
6	23.12129457010518	33.52189873345026	21.16028788279472	22.196518813649845
7	19.771360327427434	17.26120274230869	39.557887637978936	23.40954929228494
8	21.03227920157019	21.03748345127901	28.04817937405155	29.88205797309925
9	22.29227919610067	20.662101986338776	30.28061653540271	26.765002282157845
10-11	25.46045987189834	29.81899165542452	20.730637825515153	23.989910647161988
12-13	23.528846312672652	23.499301323285167	27.429603972710588	25.542248391331597
14-15	24.31508388557015	24.908434935897038	26.363180938227632	24.41330024030518
16-17	24.788902350472984	25.205020314734156	25.477187008814578	24.528890325978285
18-19	24.592304763477905	25.475810750599752	25.311441709442406	24.62044277647994
20-21	24.81485757334009	25.44482936384997	25.27641308928108	24.463899973528864
22-23	24.627818480824544	25.795903374157987	25.461632140784634	24.11464600423284
24-25	24.66841640310637	25.809230085793	25.304713204401573	24.21764030669905
26-27	24.404572848146667	25.792071491021645	25.58795441810171	24.215401242729982
28-29	24.35902127064211	25.566295143928823	25.585367366448224	24.48931621898084
30-31	24.281545533629764	25.7283105441162	25.48036756278395	24.50977635947008
32-33	24.386061252624344	25.729862520842296	25.451206808897926	24.432869417635434
34-35	24.59970486461977	25.78020809888457	25.292168164814182	24.32791887168147
36-37	24.364711488456134	25.602198563453634	25.46050912726453	24.572580820825703
38-39	24.332423047222434	25.626426882845422	25.469981684431225	24.571168385500922
40-41	24.655166760364427	25.668048810056664	25.20929669577218	24.467487733806724
42-43	24.30263218959101	25.47255530639744	25.65750864957464	24.567303854436915
44-45	24.347587271001387	25.750809420813226	25.562671554960346	24.338931753225033
46-47	24.667792184862837	25.561216692936778	25.43347737865948	24.337513743540907
48-49	24.447239218000632	25.513180589652706	25.454420152780145	24.58516003956652
50-51	24.435743985314115	25.577956482544657	25.452154751525857	24.534144780615367
52-53	24.56242117564688	25.79172077960702	25.136261509206747	24.50959653553935
54-55	24.415876981710195	25.58779306721741	25.410059598641045	24.586270352431352
56-57	24.448751450243865	25.483533127693875	25.342623189506043	24.725092232556218
58-59	24.63000395254982	25.571729781892707	25.31762947978094	24.48063678577653
60-61	24.57478025513677	25.506421628457044	25.316709907792074	24.602088208614113
62-63	24.37595767903043	25.64512732635842	25.52183884218981	24.457076152421344
64-65	24.512913130051274	25.66637368263156	25.423395659442434	24.397317527874733
66-67	24.446183600350814	25.587401996430042	25.341817746245376	24.624596656973765
68-69	24.591037220094904	25.601070910856592	25.436279632187116	24.371612236861388
70-71	24.48904687297884	25.652464689452874	25.270240853114085	24.588247584454198
72-73	24.458321835943345	25.750966669556398	25.294998642191285	24.495712852308973
74-75	24.707294438688685	25.812690264152742	25.22079502343526	24.25922027372331
76-77	24.692055000414317	25.63543259949675	25.22606899746679	24.446443402622144
78-79	24.680430899842943	25.487397265293943	25.503578844656566	24.32859299020655
80-81	24.613322584629092	25.712469481435736	25.403194003828883	24.271013930106296
82-83	24.663029617185455	25.55320107848025	25.467382918739045	24.316386385595248
84-85	24.781485779107356	25.618555023523044	25.356759111607502	24.243200085762098
86-87	24.595836545537733	25.822112837869437	25.351229425369336	24.230821191223498
88-89	24.810106417745097	25.743496670565523	25.256374248727038	24.190022662962342
90-91	24.797749401292503	25.690468292226686	25.298404786706435	24.21337751977437
92-93	24.896493407722474	25.727269967650514	25.37420825257813	24.002028372048887
94-95	25.063793764034447	25.654095974240743	24.972370712134435	24.309739549590372
96-97	25.014721217121682	25.659663947129417	24.954058754146924	24.371556081601977
98-99	25.170928016447945	25.59787202796457	25.243173558582814	23.98802639700467
100	25.328550054462763	25.695984304661103	24.755995074148935	24.219470566727207
>>END_MODULE
>>Per sequence GC content	pass
#GC Content	Count
0	37.0
1	30.5
2	25.0
3	35.5
4	53.0
5	88.5
6	120.5
7	171.5
8	233.5
9	298.5
10	404.0
11	532.0
12	700.0
13	921.5
14	1260.5
15	1737.5
16	2549.0
17	3876.5
18	5956.5
19	9347.5
20	15005.0
21	23635.5
22	36104.0
23	52652.0
24	75683.5
25	105372.0
26	141133.0
27	182280.0
28	227421.0
29	277159.5
30	324654.5
31	370800.5
32	428998.5
33	486231.5
34	532798.0
35	590401.0
36	657807.5
37	728281.0
38	789193.0
39	843623.5
40	899058.0
41	936289.0
42	1007045.5
43	1092098.5
44	1142053.5
45	1194583.0
46	1254068.5
47	1287921.0
48	1293631.0
49	1290765.0
50	1280235.5
51	1255638.5
52	1206694.5
53	1155116.0
54	1126181.5
55	1098330.0
56	1071636.5
57	1005255.0
58	937342.0
59	906997.5
60	847441.5
61	802603.0
62	740285.5
63	656758.0
64	591144.5
65	530562.5
66	486296.5
67	437068.5
68	376863.0
69	317662.5
70	256889.5
71	202622.0
72	176423.0
73	155408.0
74	127490.0
75	103755.5
76	88537.0
77	78129.5
78	62067.5
79	45757.0
80	34872.5
81	26341.5
82	18482.0
83	12915.5
84	8489.0
85	5570.5
86	4069.5
87	3098.0
88	2279.0
89	1783.5
90	1465.0
91	1204.5
92	971.0
93	724.0
94	518.5
95	387.5
96	297.5
97	200.0
98	128.0
99	97.0
100	60.0
>>END_MODULE
>>Per base N content	pass
#Base	N-Count
1	5.742997576728499E-5
2	0.001974497262094274
3	0.0013236242033983778
4	0.0012279075771195695
5	0.0010556176498177146
6	0.0
7	0.0
8	0.0
9	0.0
10-11	0.0
12-13	5.4695215016461894E-6
14-15	1.5998350392315103E-4
16-17	2.0920919743796674E-4
18-19	2.1194395818878984E-4
20-21	8.067544214928128E-5
22-23	1.7775944880350115E-5
24-25	2.7347607508230947E-6
26-27	0.0
28-29	5.4695215016461894E-6
30-31	0.0
32-33	0.0
34-35	0.0
36-37	8.067544214928128E-5
38-39	3.035584433413635E-4
40-41	3.1996700784630205E-4
42-43	5.742997576728499E-5
44-45	0.0
46-47	5.4695215016461894E-6
48-49	0.0
50-51	1.3673803754115474E-6
52-53	2.7347607508230947E-6
54-55	0.0
56-57	1.6408564504938568E-5
58-59	2.7347607508230947E-6
60-61	0.0
62-63	0.0
64-65	0.0
66-67	0.0
68-69	3.965403088693487E-5
70-71	0.0
72-73	0.0
74-75	5.4695215016461894E-6
76-77	0.0
78-79	0.0
80-81	5.4695215016461894E-6
82-83	0.0
84-85	0.0
86-87	0.0
88-89	0.0
90-91	0.0
92-93	0.0
94-95	0.0
96-97	0.0
98-99	0.0
100	0.0
>>END_MODULE
>>Sequence Length Distribution	pass
#Length	Count
100	3.656627E7
>>END_MODULE
>>Sequence Duplication Levels	fail
#Total Deduplicated Percentage	44.124364363991674
#Duplication Level	Percentage of deduplicated	Percentage of total
1	78.59285504625866	34.678597724674994
2	11.484990962311823	10.135358518763967
3	3.7863087458478737	5.0120540008907986
4	1.8450558631715943	3.2564766871401036
5	1.0300559728033751	2.2725282529641015
6	0.6517070695934406	1.7253696118398154
7	0.4224077424692091	1.3046931197217777
8	0.3223331844314913	1.1378197501168679
9	0.23392725979575102	0.9289702481308073
>10	1.3618998661681236	11.19979867112969
>50	0.13091862957970082	4.02562201025634
>100	0.11096814608181743	10.216616600973346
>500	0.016109927495401653	4.957764793522395
>1k	0.01009833470200257	7.860832666893236
>5k	3.0168161360054303E-4	0.878426507973798
>10k+	6.156767624500878E-5	0.4090708350080702
>>END_MODULE
>>Overrepresented sequences	pass
>>END_MODULE
>>Adapter Content	pass
#Position	Illumina Universal Adapter	Illumina Small RNA 3' Adapter	Illumina Small RNA 5' Adapter	Nextera Transposase Sequence	SOLID Small RNA Adapter
1	1.6408564504938568E-5	2.7347607508230947E-6	0.0	5.4695215016461894E-6	0.0
2	2.7347607508230947E-5	3.2817129009877137E-5	0.0	2.7347607508230947E-5	0.0
3	2.2698514231831685E-4	3.2817129009877137E-5	0.0	3.008236825905404E-5	0.0
4	6.973639914598891E-4	3.2817129009877137E-5	0.0	4.3756172013169515E-5	0.0
5	8.231629859977514E-4	3.828665051152332E-5	0.0	4.3756172013169515E-5	0.0
6	0.0010474133675652452	3.828665051152332E-5	0.0	4.649093276399261E-5	0.0
7	0.0011185171470866457	4.92256935148157E-5	0.0	4.92256935148157E-5	0.0
8	0.0013701151361623703	5.1960454265638795E-5	0.0	5.1960454265638795E-5	0.0
9	0.001536935541962579	5.4695215016461894E-5	0.0	5.1960454265638795E-5	0.0
10-11	0.0026910045788099248	5.4695215016461894E-5	0.0	5.742997576728499E-5	5.4695215016461894E-6
12-13	0.0035086980433060304	6.153211689351962E-5	1.3673803754115474E-6	6.426687764434272E-5	1.3673803754115474E-5
14-15	0.004569785214625391	7.110377952140046E-5	2.7347607508230947E-6	6.836901877057736E-5	1.3673803754115474E-5
16-17	0.005639076668197221	7.930806177386975E-5	2.7347607508230947E-6	8.614496365092748E-5	1.3673803754115474E-5
18-19	0.006768532858287159	8.751234402633903E-5	2.7347607508230947E-6	9.161448515257367E-5	1.3673803754115474E-5
20-21	0.007995073055031318	9.161448515257367E-5	2.7347607508230947E-6	9.298186552798522E-5	1.5041184129527022E-5
22-23	0.009262634663037821	1.0802304965751224E-4	2.7347607508230947E-6	9.571662627880832E-5	1.6408564504938568E-5
24-25	0.010316884932480124	1.1622733190998152E-4	2.7347607508230947E-6	1.1759471228539306E-4	1.6408564504938568E-5
26-27	0.011367033060796193	1.2032947303621616E-4	2.7347607508230947E-6	1.3673803754115472E-4	1.914332525576166E-5
28-29	0.012444528796620492	1.2169685341162771E-4	2.7347607508230947E-6	1.3947279829197782E-4	2.461284675740785E-5
30-31	0.0134755335996808	1.2579899453786235E-4	2.7347607508230947E-6	1.4220755904280092E-4	2.461284675740785E-5
32-33	0.014354759181070424	1.29901135664097E-4	2.7347607508230947E-6	1.4767708054444712E-4	3.144974863446559E-5
34-35	0.015326966627988034	1.4220755904280092E-4	2.7347607508230947E-6	1.504118412952702E-4	3.2817129009877137E-5
36-37	0.01632378692166305	1.504118412952702E-4	2.7347607508230947E-6	1.531466020460933E-4	3.2817129009877137E-5
38-39	0.017562633541785916	1.5724874317232795E-4	2.7347607508230947E-6	1.5451398242150483E-4	3.2817129009877137E-5
40-41	0.018719437339384082	1.6545302542479723E-4	2.7347607508230947E-6	1.586161235477395E-4	3.418450938528868E-5
42-43	0.01990222136411507	1.6682040580020876E-4	2.7347607508230947E-6	1.7228992730185496E-4	3.691927013611178E-5
44-45	0.02107680110659359	1.7502468805267806E-4	2.7347607508230947E-6	1.8049420955432423E-4	3.828665051152332E-5
46-47	0.022457855285759255	1.8049420955432426E-4	2.7347607508230947E-6	1.8049420955432423E-4	3.828665051152332E-5
48-49	0.024023505815605473	1.9553539368385124E-4	2.7347607508230947E-6	1.8733111143138197E-4	3.828665051152332E-5
50-51	0.0260636373357195	2.02372295560909E-4	2.7347607508230947E-6	1.9827015443467437E-4	3.828665051152332E-5
52-53	0.028467492035693005	2.1331133856420138E-4	2.7347607508230947E-6	2.02372295560909E-4	3.828665051152332E-5
54-55	0.031034065000340477	2.3245466381996305E-4	2.7347607508230947E-6	2.1057657781337828E-4	4.102141126234642E-5
56-57	0.034293899815321605	2.3929156569702079E-4	4.102141126234642E-6	2.1604609931502448E-4	4.102141126234642E-5
58-59	0.039688215396320156	2.515979890757247E-4	5.4695215016461894E-6	2.283525226937284E-4	4.649093276399261E-5
60-61	0.048179647527625866	2.5843489095278246E-4	5.4695215016461894E-6	2.502306087003132E-4	4.649093276399261E-5
62-63	0.059252693807708576	2.7074131433148637E-4	5.4695215016461894E-6	2.6527179282984017E-4	4.785831313940415E-5
64-65	0.07139639892173853	2.7621083583313256E-4	5.4695215016461894E-6	2.803129769593672E-4	4.92256935148157E-5
66-67	0.08618735244256523	2.871498788364249E-4	5.4695215016461894E-6	2.9398678071348267E-4	4.92256935148157E-5
68-69	0.10853034777678992	2.9672154146430575E-4	5.4695215016461894E-6	3.227017685971252E-4	4.92256935148157E-5
70-71	0.14076360536636634	3.1996700784630205E-4	5.4695215016461894E-6	3.47314615354533E-4	4.92256935148157E-5
72-73	0.18538806391792217	3.350081919758291E-4	5.4695215016461894E-6	3.514167564807677E-4	5.19604542656388E-5
74-75	0.23797614577587486	3.404777134774753E-4	5.4695215016461894E-6	3.5962103873323696E-4	5.742997576728499E-5
76-77	0.29582864207916204	3.4594723497912143E-4	5.4695215016461894E-6	3.637231798594716E-4	5.742997576728499E-5
78-79	0.36656322889920134	3.555188976070023E-4	5.4695215016461894E-6	3.7329484248735243E-4	6.016473651810808E-5
80-81	0.4613664450872348	3.6235579948406003E-4	5.4695215016461894E-6	3.992750696201718E-4	6.289949726893117E-5
82-83	0.5891125892796831	3.7466222286276394E-4	5.4695215016461894E-6	4.04744591121818E-4	6.426687764434272E-5
84-85	0.7502652034238111	3.8560126586605634E-4	5.4695215016461894E-6	4.115814929988757E-4	6.563425801975427E-5
86-87	0.9318574194195908	3.938055481185256E-4	8.204282252469284E-6	4.4986814351039906E-4	6.700163839516582E-5
88-89	1.130146717179521	4.088467322480526E-4	9.571662627880832E-6	4.703788491415723E-4	7.247115989681201E-5
>>END_MODULE
