##FastQC	0.11.8
>>Basic Statistics	pass
#Measure	Value
Filename	SRR3184296_forward.gz
File type	Conventional base calls
Encoding	Sanger / Illumina 1.9
Total Sequences	76472375
Sequences flagged as poor quality	0
Sequence length	100
%GC	47
>>END_MODULE
>>Per base sequence quality	pass
#Base	Mean	Median	Lower Quartile	Upper Quartile	10th Percentile	90th Percentile
1	32.47517117128898	33.0	33.0	33.0	33.0	33.0
2	32.53435323540037	33.0	33.0	33.0	33.0	33.0
3	31.829922073166944	33.0	33.0	33.0	27.0	33.0
4	36.048634882858025	37.0	37.0	37.0	33.0	37.0
5	36.2597868838257	37.0	37.0	37.0	33.0	37.0
6	36.285511140460855	37.0	37.0	37.0	33.0	37.0
7	36.2631541128414	37.0	37.0	37.0	33.0	37.0
8	36.20637359569387	37.0	37.0	37.0	33.0	37.0
9	36.245716194900446	37.0	37.0	37.0	33.0	37.0
10-11	36.26168335951381	37.0	37.0	37.0	33.0	37.0
12-13	36.226250583952705	37.0	37.0	37.0	33.0	37.0
14-15	38.08437760040799	40.0	37.0	40.0	33.0	40.0
16-17	38.05430182467852	40.0	37.0	40.0	33.0	40.0
18-19	38.00730177400663	40.0	37.0	40.0	33.0	40.0
20-21	37.963203189387016	40.0	37.0	40.0	33.0	40.0
22-23	37.88390321995361	40.0	37.0	40.0	33.0	40.0
24-25	37.782687205673945	40.0	37.0	40.0	33.0	40.0
26-27	37.603233605599414	40.0	37.0	40.0	33.0	40.0
28-29	37.43987364064474	40.0	37.0	40.0	33.0	40.0
30-31	37.30051699061262	40.0	37.0	40.0	33.0	40.0
32-33	37.14916961844065	40.0	37.0	40.0	33.0	40.0
34-35	37.127586961958485	40.0	37.0	40.0	33.0	40.0
36-37	37.08977719078294	40.0	37.0	40.0	33.0	40.0
38-39	37.130266132050956	40.0	37.0	40.0	33.0	40.0
40-41	37.14866665250033	40.0	37.0	40.0	33.0	40.0
42-43	37.058469362302404	40.0	37.0	40.0	33.0	40.0
44-45	36.934695372021594	40.0	37.0	40.0	33.0	40.0
46-47	36.78040593089989	40.0	37.0	40.0	33.0	40.0
48-49	36.608633875958475	37.0	37.0	40.0	33.0	40.0
50-51	36.44682445785161	37.0	37.0	40.0	33.0	40.0
52-53	36.25689282567724	37.0	37.0	40.0	33.0	40.0
54-55	36.07047293875729	37.0	37.0	40.0	33.0	40.0
56-57	35.847250886349485	37.0	37.0	40.0	30.0	40.0
58-59	35.63940150936858	37.0	37.0	40.0	27.0	40.0
60-61	35.40703824747172	37.0	33.0	40.0	27.0	40.0
62-63	35.14812618282092	37.0	33.0	40.0	27.0	40.0
64-65	34.885915116406416	37.0	33.0	38.5	27.0	40.0
66-67	34.61678142597245	37.0	33.0	37.0	27.0	40.0
68-69	34.34222348266286	37.0	33.0	37.0	27.0	40.0
70-71	34.062643967838056	37.0	33.0	37.0	27.0	40.0
72-73	33.75368417680241	37.0	33.0	37.0	27.0	40.0
74-75	33.50021779760338	37.0	33.0	37.0	27.0	37.0
76-77	32.60292998615513	35.0	33.0	37.0	27.0	37.0
78-79	32.98761913043762	37.0	33.0	37.0	27.0	37.0
80-81	32.908274170901585	37.0	33.0	37.0	27.0	37.0
82-83	32.74027600816635	37.0	33.0	37.0	27.0	37.0
84-85	32.531550550116954	37.0	33.0	37.0	27.0	37.0
86-87	32.3221546931163	35.0	33.0	37.0	27.0	37.0
88-89	32.1497727578096	33.0	33.0	37.0	22.0	37.0
90-91	31.975417090158373	33.0	33.0	37.0	22.0	37.0
92-93	31.777206873724005	33.0	33.0	37.0	22.0	37.0
94-95	31.52476629632596	33.0	33.0	37.0	22.0	37.0
96-97	31.20336730747541	33.0	33.0	37.0	18.5	37.0
98-99	30.823969505327902	33.0	33.0	37.0	15.0	37.0
100	28.5764140710943	33.0	27.0	37.0	2.0	37.0
>>END_MODULE
>>Per sequence quality scores	pass
#Quality	Count
2	288.0
3	232.0
4	595.0
5	1320.0
6	3243.0
7	9351.0
8	25743.0
9	52297.0
10	76703.0
11	92622.0
12	107936.0
13	121894.0
14	136205.0
15	150064.0
16	167279.0
17	184480.0
18	202568.0
19	218248.0
20	238473.0
21	264603.0
22	302754.0
23	359922.0
24	440914.0
25	549336.0
26	687237.0
27	855941.0
28	1065372.0
29	1324048.0
30	1655077.0
31	2082249.0
32	2663394.0
33	3481458.0
34	4680869.0
35	6815740.0
36	1.1722073E7
37	2.1851619E7
38	1.384591E7
39	34318.0
>>END_MODULE
>>Per base sequence content	warn
#Base	G	A	T	C
1	29.3913012503872	14.8429930163444	13.219122674822001	42.546583058446394
2	20.25379763102596	21.83807492760945	33.57098438657792	24.33714305478667
3	24.029139699659897	23.5402594442524	24.270869042066927	28.159731814020777
4	24.635310463418982	30.908792881089415	21.426418363494008	23.029478291997602
5	27.938715124252383	31.50989752835583	21.453617727970396	19.097769619421392
6	22.766999194153446	34.87488521181669	21.85601794111926	20.50209765291061
7	19.42876496251097	19.71899918107683	39.359356891949545	21.49287896446266
8	20.731552558577512	23.346922037406756	28.87853454414883	27.0429908598669
9	21.390647276222296	22.522129069484244	31.169437329493167	24.917786324800296
10-11	24.320857695344234	31.551961083986214	21.815655653430404	22.311525567239148
12-13	22.862247314798317	25.038847688462663	27.572666600193863	24.526238396545157
14-15	22.985421924588827	26.275736719999138	27.19689310259167	23.541948252820372
16-17	23.603615702435434	26.183048491003813	26.367523838949353	23.8458119676114
18-19	23.486907460965707	26.330959481384635	26.230240525899106	23.951892531750552
20-21	23.495128790139955	26.351365249693437	26.30881453441787	23.844691425748742
22-23	23.4877651448666	26.7117114805136	26.137822942170626	23.662700432449174
24-25	23.478404309534568	26.526959096779102	26.15371819335943	23.840918400326895
26-27	23.385498105943924	26.522911855600857	26.28031820680864	23.811271831646586
28-29	23.65953376797469	26.297959080619275	26.22042901838015	23.82207813302588
30-31	23.29117777968982	26.487294807385354	26.37643480470188	23.84509260822294
32-33	23.44942857370841	26.48012732576263	26.14768014673805	23.92276395379091
34-35	23.72830154840447	26.36794855988422	26.080419886481465	23.823330005229845
36-37	23.510811110442145	26.451279532542365	26.172916277944157	23.864993079071333
38-39	23.42875521232565	26.55614536774199	26.10812241892655	23.906977001005814
40-41	23.62133216178101	26.351403380515386	26.07965829671529	23.947606160988315
42-43	23.39742352596969	26.469871812746582	26.279357975491695	23.85334668579203
44-45	23.388985876954376	26.470120968538307	26.40604148527675	23.734851669230565
46-47	23.52705740702776	26.57455861388382	26.147455386071755	23.750928593016667
48-49	23.320112273853898	26.553997902284536	26.301843935961127	23.82404588790044
50-51	23.59405985222543	26.408133027421716	26.329093163971564	23.66871395638129
52-53	23.42920375946573	26.523685414299326	26.10817835213213	23.938932474102824
54-55	23.369710068775575	26.593462069638914	26.19488034217176	23.841947519413747
56-57	23.36370547090969	26.44984018217526	26.332162344222233	23.854292002692816
58-59	23.30288325391057	26.492183100343237	26.331271932608757	23.87366171313744
60-61	23.396815293862993	26.308655971011113	26.429422731029064	23.86510600409683
62-63	23.330991256329405	26.49761558993515	26.41645381076177	23.754939342973678
64-65	23.391946912099794	26.499419091513644	26.312918596710478	23.79571539967608
66-67	23.156546374732184	26.499703585015805	26.400283980913553	23.943466059338455
68-69	23.31161329646801	26.647300296733345	26.453439568517208	23.58764683828144
70-71	23.37058913929308	26.531280434868915	26.359904939247564	23.73822548659044
72-73	23.221382400572214	26.535215464802764	26.347139278706035	23.89626285591899
74-75	23.4005282189632	26.606368069682713	26.336930261907142	23.65617344944695
76-77	23.35408211191211	26.546228416857755	26.355504080107806	23.744185391122333
78-79	23.265850935603435	26.370508088066735	26.541014816102194	23.82262616022764
80-81	23.334716951503435	26.61986505518501	26.354684940452415	23.69073305285914
82-83	23.50184422268654	26.56540896331255	26.19759753621262	23.735149277788288
84-85	23.4667432323888	26.53677851881892	26.095514731401607	23.900963517390668
86-87	23.37862053824042	26.5995544472026	26.2513840970822	23.77044091747478
88-89	23.40120880609544	26.60549266952233	26.261485986138833	23.731812538243396
90-91	23.291765877623238	26.585037873523238	26.26447189649174	23.858724352361783
92-93	23.262282613937447	26.677940462707667	26.35539888974799	23.7043780336069
94-95	23.338913829608078	26.697207460066963	26.214987229125647	23.74889148119931
96-97	23.445643312091917	26.45833088119322	26.221967461212376	23.874058345502487
98-99	23.369108215090975	26.49876665822814	26.48540990729612	23.646715219384763
100	22.947750432631114	26.875210705674412	25.857567599767933	24.31947126192654
>>END_MODULE
>>Per sequence GC content	pass
#GC Content	Count
0	862.0
1	527.5
2	165.0
3	141.0
4	154.5
5	181.0
6	196.5
7	236.0
8	317.0
9	413.5
10	538.5
11	731.0
12	997.0
13	1312.0
14	1970.5
15	3022.5
16	4953.5
17	8081.5
18	13193.5
19	21976.0
20	36250.5
21	58189.5
22	89903.0
23	132946.0
24	189486.0
25	258850.0
26	342322.0
27	438944.0
28	540742.0
29	643117.5
30	741515.0
31	860645.0
32	1013656.5
33	1146112.0
34	1254126.5
35	1404867.0
36	1599496.5
37	1827302.0
38	1987823.0
39	2107516.0
40	2235008.0
41	2344217.5
42	2602399.0
43	2860300.5
44	2899483.0
45	2938620.0
46	3033414.5
47	2943073.5
48	2839487.5
49	2834722.0
50	2799400.5
51	2668673.0
52	2407804.0
53	2226537.0
54	2169789.5
55	2080003.0
56	1896127.5
57	1704911.5
58	1593629.5
59	1512234.0
60	1409930.5
61	1300994.0
62	1195208.5
63	1098761.0
64	1005048.0
65	893781.0
66	775337.0
67	672303.5
68	577028.0
69	481861.5
70	396354.0
71	315692.5
72	244914.5
73	189907.0
74	149403.0
75	117572.5
76	90407.0
77	67639.5
78	49151.0
79	35487.5
80	25128.0
81	16985.0
82	11357.0
83	7890.0
84	5526.5
85	3990.5
86	2964.0
87	2239.0
88	1696.0
89	1264.5
90	945.0
91	723.0
92	545.5
93	384.0
94	265.0
95	194.0
96	133.5
97	76.0
98	47.5
99	30.5
100	17.0
>>END_MODULE
>>Per base N content	pass
#Base	N-Count
1	0.07297537182544678
2	3.922985261017459E-5
3	9.153632275707404E-5
4	0.0
5	0.0
6	0.0
7	0.0
8	0.02570732241544741
9	0.0
10-11	0.0
12-13	0.0
14-15	9.415164626441901E-5
16-17	1.274970209830674E-4
18-19	8.794025293447471E-4
20-21	1.3076617536724865E-4
22-23	5.00180620779726E-4
24-25	5.897554509062913E-4
26-27	0.006535693444855086
28-29	0.015314680628135324
30-31	0.020379254600108865
32-33	0.03392728419903266
34-35	0.050939309783434875
36-37	0.04720789696933043
38-39	0.059626760643958034
40-41	0.05289426410517524
42-43	0.04252581406030609
44-45	0.05530820770245465
46-47	0.06490252198914967
48-49	0.0874492259459707
50-51	0.08629652211010838
52-53	0.09303555695765954
54-55	0.09281783127567307
56-57	0.04949107439124259
58-59	0.009013712468064448
60-61	0.01159634443156761
62-63	0.006992721227763621
64-65	0.002704898337471538
66-67	0.001358006731188877
68-69	0.003981830039932721
70-71	0.0022217173194895544
72-73	0.0037032980864004812
74-75	0.004848809782617579
76-77	0.00577986495123239
78-79	0.004635660916768964
80-81	0.004946884414143016
82-83	0.005558216283984903
84-85	0.0061930860653928955
86-87	0.009628313492290517
88-89	0.03956396018823791
90-91	0.0576868444323849
92-93	0.049948756005027954
94-95	0.0336971357303863
96-97	0.01118704630266812
98-99	0.002199487069677122
100	2.379944391683925E-4
>>END_MODULE
>>Sequence Length Distribution	pass
#Length	Count
100	7.6472375E7
>>END_MODULE
>>Sequence Duplication Levels	fail
#Total Deduplicated Percentage	34.49262399668165
#Duplication Level	Percentage of deduplicated	Percentage of total
1	72.27963431337528	24.931142489889027
2	13.66119724744695	9.424210800013798
3	5.092519590442572	5.269630902866127
4	2.5554696874141687	3.5257942025157805
5	1.5086424179879676	2.60185178345518
6	0.9953796194987853	2.059995296959899
7	0.6780876119342719	1.6372314724679635
8	0.4773800392978692	1.317287215921801
9	0.38570504174461506	1.1973581080669269
>10	2.0333852697496395	12.804917167647927
>50	0.16629214517487503	3.9663551770083414
>100	0.12753202067075214	8.90126186391346
>500	0.01875880372602154	4.54456873951743
>1k	0.018146384368003022	12.600726123055594
>5k	0.0015423053015764603	3.5631639453871093
>10k+	3.2750186650759404E-4	1.6545047113134579
>>END_MODULE
>>Overrepresented sequences	pass
>>END_MODULE
>>Adapter Content	pass
#Position	Illumina Universal Adapter	Illumina Small RNA 3' Adapter	Illumina Small RNA 5' Adapter	Nextera Transposase Sequence	SOLID Small RNA Adapter
1	3.1383882088139674E-5	1.3076617536724864E-6	0.0	1.1768955783052377E-5	0.0
2	4.4460499624864536E-5	1.9614926305087294E-5	0.0	3.530686734915713E-5	1.3076617536724864E-6
3	1.1768955783052376E-4	2.484557331977724E-5	0.0	3.6614529102829616E-5	1.3076617536724864E-6
4	4.668352460610776E-4	2.6153235073449725E-5	0.0	4.315283787119205E-5	3.922985261017459E-6
5	5.688328628475315E-4	2.7460896827122214E-5	0.0	4.4460499624864536E-5	3.922985261017459E-6
6	7.832893904498193E-4	3.0076220334467185E-5	0.0	4.576816137853702E-5	3.922985261017459E-6
7	8.65672080931186E-4	4.707582313220951E-5	0.0	4.8383484885881996E-5	5.230647014689946E-6
8	0.0010356681089086091	4.8383484885881996E-5	0.0	4.969114663955448E-5	5.230647014689946E-6
9	0.0012252790631911196	5.361413190057194E-5	0.0	5.492179365424443E-5	5.230647014689946E-6
10-11	0.0018065347126985398	5.361413190057194E-5	0.0	5.557562453108067E-5	5.230647014689946E-6
12-13	0.0025577863901833833	5.557562453108067E-5	0.0	6.015244066893437E-5	5.230647014689946E-6
14-15	0.0035051873307190996	6.276776417627933E-5	6.538308768362432E-7	6.342159505311559E-5	5.230647014689946E-6
16-17	0.004414012249521477	6.734458031413305E-5	1.3076617536724864E-6	7.061373469831425E-5	5.230647014689946E-6
18-19	0.00544902652755325	7.192139645198674E-5	1.3076617536724864E-6	7.453671995933171E-5	6.538308768362431E-6
20-21	0.006454618416127393	7.388288908249547E-5	1.3076617536724864E-6	8.17288596045304E-5	7.845970522034917E-6
22-23	0.007534747024660866	7.911353609718543E-5	1.3076617536724864E-6	8.892099924972906E-5	9.153632275707404E-6
24-25	0.008650182500543497	9.022866100340155E-5	1.3076617536724864E-6	1.0199761678645393E-4	9.153632275707404E-6
26-27	0.009856500468306365	9.415164626441901E-5	1.3076617536724864E-6	1.150742343231788E-4	9.153632275707404E-6
28-29	0.011266813669642141	1.000361241559452E-4	1.9614926305087296E-6	1.1899721958419626E-4	1.0461294029379891E-5
30-31	0.012831430957911272	1.0722826380114388E-4	2.615323507344973E-6	1.274970209830674E-4	1.1768955783052377E-5
32-33	0.01440127889319509	1.150742343231788E-4	3.922985261017459E-6	1.3076617536724862E-4	1.3076617536724862E-5
34-35	0.016171852907667636	1.229202048452137E-4	3.922985261017459E-6	1.3076617536724862E-4	1.438427929039735E-5
36-37	0.01826149639003627	1.320738371209211E-4	3.922985261017459E-6	1.3272766799775736E-4	1.438427929039735E-5
38-39	0.02042109977622638	1.346891606282661E-4	3.922985261017459E-6	1.3599682238193858E-4	1.7653433674578564E-5
40-41	0.022523166045254905	1.3861214588928354E-4	3.922985261017459E-6	1.4188130027346476E-4	2.2230249812432268E-5
42-43	0.024786728540861978	1.4449662378080975E-4	3.922985261017459E-6	1.5168876342600842E-4	2.87685585807947E-5
44-45	0.0270836364111877	1.5561174868702587E-4	3.922985261017459E-6	1.5430408693335338E-4	2.87685585807947E-5
46-47	0.029528310059678414	1.6541921183956952E-4	3.922985261017459E-6	1.5822707219437086E-4	3.0076220334467185E-5
48-49	0.03221097814733752	1.7064985885425945E-4	3.922985261017459E-6	1.634577192090608E-4	3.1383882088139674E-5
50-51	0.03511987171838196	1.7784199849945814E-4	3.922985261017459E-6	1.680345353469145E-4	3.3999205595484645E-5
52-53	0.03811834011955298	1.968030939277092E-4	3.922985261017459E-6	1.7064985885425945E-4	3.530686734915713E-5
54-55	0.041269151115026825	2.0791821883392534E-4	3.922985261017459E-6	1.7653433674578566E-4	3.530686734915713E-5
56-57	0.04457622769006454	2.242639907548314E-4	3.922985261017459E-6	1.954954321740367E-4	3.596069822599337E-5
58-59	0.048213488857904566	2.3407145390737504E-4	3.922985261017459E-6	2.059567262034166E-4	3.6614529102829616E-5
60-61	0.05236989174195257	2.3864827004522874E-4	3.922985261017459E-6	2.2361015987799516E-4	3.6614529102829616E-5
62-63	0.056949977034190455	2.556478728429711E-4	3.922985261017459E-6	2.3145613040003008E-4	3.6614529102829616E-5
64-65	0.061896207617456636	2.654553359955147E-4	3.922985261017459E-6	2.4257125530624622E-4	3.7922190856502105E-5
66-67	0.06717066130089461	2.693783212565322E-4	3.922985261017459E-6	2.543402110892986E-4	4.0537514363847076E-5
68-69	0.07278183788590326	2.713398138870409E-4	3.922985261017459E-6	2.648015051186785E-4	4.1191345240683324E-5
70-71	0.07912334356033796	2.7526279914805835E-4	3.922985261017459E-6	2.746089682712221E-4	4.315283787119205E-5
72-73	0.086433826594244	2.981468798373269E-4	3.922985261017459E-6	2.837626005469295E-4	4.838348488588199E-5
74-75	0.09473747873006429	3.2103096052659536E-4	3.922985261017459E-6	2.9357006369947316E-4	5.099880839322697E-5
76-77	0.1036550780592338	3.288769310486303E-4	3.922985261017459E-6	2.9945454159099937E-4	5.4267962777408186E-5
78-79	0.11372211206988145	3.327999163096478E-4	3.922985261017459E-6	3.007622033446718E-4	5.557562453108067E-5
80-81	0.1260592468849045	3.406458868316827E-4	4.576816137853703E-6	3.236462840339404E-4	5.75371171615894E-5
82-83	0.14184533957523876	3.497995191073901E-4	5.230647014689946E-6	3.2953076192546654E-4	5.75371171615894E-5
84-85	0.16135761443266278	3.6026081313677E-4	5.884477891526188E-6	3.412997177085189E-4	5.819094803842564E-5
86-87	0.18387293450739564	3.700682762893137E-4	6.538308768362431E-6	3.936061878554184E-4	5.884477891526188E-5
88-89	0.2096731009073538	3.739912615503311E-4	7.192139645198675E-6	4.119134524068332E-4	6.080627154577061E-5
>>END_MODULE
