##FastQC	0.11.8
>>Basic Statistics	pass
#Measure	Value
Filename	SRR3184281_reverse.gz
File type	Conventional base calls
Encoding	Sanger / Illumina 1.9
Total Sequences	83417309
Sequences flagged as poor quality	0
Sequence length	100
%GC	50
>>END_MODULE
>>Per base sequence quality	pass
#Base	Mean	Median	Lower Quartile	Upper Quartile	10th Percentile	90th Percentile
1	31.823855334388693	33.0	33.0	33.0	27.0	33.0
2	31.842710413974157	33.0	33.0	33.0	27.0	33.0
3	31.870460529960276	33.0	33.0	33.0	33.0	33.0
4	35.652875675958335	37.0	37.0	37.0	33.0	37.0
5	35.64114652751505	37.0	37.0	37.0	33.0	37.0
6	35.61839561379281	37.0	37.0	37.0	33.0	37.0
7	35.51502481337536	37.0	37.0	37.0	33.0	37.0
8	35.546850989882685	37.0	37.0	37.0	33.0	37.0
9	35.52923833829259	37.0	37.0	37.0	33.0	37.0
10-11	35.5292291135884	37.0	37.0	37.0	33.0	37.0
12-13	35.467558465593754	37.0	37.0	37.0	33.0	37.0
14-15	37.39162339197492	40.0	37.0	40.0	33.0	40.0
16-17	37.2406212900011	40.0	37.0	40.0	33.0	40.0
18-19	37.29115626350402	40.0	37.0	40.0	33.0	40.0
20-21	37.28971490796952	40.0	37.0	40.0	33.0	40.0
22-23	37.237832857926406	40.0	37.0	40.0	33.0	40.0
24-25	37.19234381559827	40.0	37.0	40.0	33.0	40.0
26-27	37.08106565149446	40.0	37.0	40.0	33.0	40.0
28-29	37.001062447363296	40.0	37.0	40.0	33.0	40.0
30-31	36.90156376298353	40.0	37.0	40.0	33.0	40.0
32-33	36.77960642436931	40.0	37.0	40.0	33.0	40.0
34-35	36.670265807783366	40.0	37.0	40.0	33.0	40.0
36-37	36.52829252139985	40.0	37.0	40.0	33.0	40.0
38-39	36.40880827862716	40.0	37.0	40.0	33.0	40.0
40-41	36.295138398674545	40.0	37.0	40.0	33.0	40.0
42-43	36.15015768489967	40.0	37.0	40.0	33.0	40.0
44-45	35.96182384042142	37.0	37.0	40.0	33.0	40.0
46-47	35.815831388183476	37.0	37.0	40.0	27.0	40.0
48-49	35.6337230082548	37.0	37.0	40.0	27.0	40.0
50-51	34.952649401576835	37.0	35.0	38.5	27.0	40.0
52-53	34.96343872109324	37.0	33.0	40.0	27.0	40.0
54-55	35.506825112279756	37.0	37.0	40.0	27.0	40.0
56-57	35.50026456739332	37.0	37.0	40.0	27.0	40.0
58-59	35.33316054944903	37.0	37.0	40.0	27.0	40.0
60-61	35.1173107969714	37.0	37.0	40.0	27.0	40.0
62-63	34.885033218945004	37.0	33.0	40.0	27.0	40.0
64-65	34.64748910804591	37.0	33.0	38.5	27.0	40.0
66-67	34.40754403261798	37.0	33.0	37.0	27.0	40.0
68-69	34.16285624845558	37.0	33.0	37.0	27.0	40.0
70-71	33.93990349772611	37.0	33.0	37.0	27.0	40.0
72-73	33.72884995606847	37.0	33.0	37.0	27.0	38.5
74-75	33.51504452151531	37.0	33.0	37.0	27.0	37.0
76-77	33.314315767486576	37.0	33.0	37.0	27.0	37.0
78-79	33.11103075142354	37.0	33.0	37.0	27.0	37.0
80-81	32.93438515260664	37.0	33.0	37.0	27.0	37.0
82-83	32.76856286505239	37.0	33.0	37.0	27.0	37.0
84-85	32.62835521342459	37.0	33.0	37.0	27.0	37.0
86-87	32.48431253638259	37.0	33.0	37.0	27.0	37.0
88-89	32.35410269588054	37.0	33.0	37.0	22.0	37.0
90-91	32.21000672654161	37.0	33.0	37.0	22.0	37.0
92-93	32.04915359353057	37.0	33.0	37.0	22.0	37.0
94-95	31.89220200090607	37.0	33.0	37.0	22.0	37.0
96-97	31.718720433669226	37.0	33.0	37.0	22.0	37.0
98-99	31.525852200530707	37.0	33.0	37.0	18.5	37.0
100	30.394676325509373	33.0	33.0	37.0	15.0	37.0
>>END_MODULE
>>Per sequence quality scores	pass
#Quality	Count
2	919570.0
3	175420.0
4	135258.0
5	128380.0
6	130143.0
7	136160.0
8	141709.0
9	147794.0
10	155125.0
11	156026.0
12	155464.0
13	157343.0
14	160925.0
15	165815.0
16	170550.0
17	177934.0
18	186095.0
19	194278.0
20	208456.0
21	239546.0
22	283081.0
23	341088.0
24	410124.0
25	495015.0
26	598178.0
27	727884.0
28	885453.0
29	1094568.0
30	1372475.0
31	1770503.0
32	2329296.0
33	3136009.0
34	4325521.0
35	6360278.0
36	1.1560022E7
37	2.5066126E7
38	1.8581095E7
39	38602.0
>>END_MODULE
>>Per base sequence content	warn
#Base	G	A	T	C
1	34.00356273780062	11.26878715303559	10.741306699308653	43.986343409855145
2	24.519782818695337	17.099822771794283	31.466841012576896	26.91355339693348
3	28.391880874507713	19.73258691430576	21.781634073091475	30.093898138095053
4	30.87216206167687	26.11412343754419	18.151412712277164	24.862301788501775
5	31.42053267598725	28.754665226378464	20.02062466243245	19.804177435201836
6	25.712441793279663	32.66028504013485	20.275271436353652	21.35200173023184
7	22.764137797955645	19.60831409094932	36.117913328308695	21.509634782786332
8	22.533045549679276	22.287055479267934	28.20160084403026	26.978298127022533
9	23.41372811820144	20.848150384050737	30.53339824044657	25.204723257301254
10-11	26.26748619817349	29.157055688036802	21.798611333582844	22.77684678020686
12-13	25.098287259986346	23.58398798863929	26.40579410680384	24.91193064457053
14-15	24.974088707336442	24.758780598818923	25.95235044305389	24.314780250790747
16-17	25.810770307370802	24.632244634576832	25.104327514522307	24.45265754353006
18-19	25.40015538175898	24.77840956582927	25.15891595523953	24.66251909717222
20-21	25.238338247568187	24.75710173905633	25.23633322032652	24.76822679304896
22-23	25.38937711703808	24.98683878103348	25.03136738454856	24.59241671737988
24-25	25.26480977351625	24.917586110995956	25.002344971770302	24.815259143717494
26-27	25.00222318179813	25.027216444520317	25.247695059777158	24.7228653139044
28-29	25.210275820241446	24.67156131584603	25.195204003438974	24.92295886047355
30-31	24.871570234142812	24.769805785733833	25.337656035528973	25.02096794459438
32-33	24.859540283746806	24.90001004325301	25.296705648152724	24.94374402484746
34-35	25.39207919054111	24.937719931027306	24.906591886620273	24.763608991811303
36-37	25.09225069231058	24.9810976987204	25.02713516764995	24.899516441319065
38-39	25.01110560313401	25.09587243489842	24.950453401110007	24.942568560857563
40-41	25.194072965075897	24.962413716700556	24.82355455989634	25.019958758327203
42-43	24.989690470217436	24.953030367452598	25.088994935476467	24.968284226853495
44-45	25.098825003406354	25.016392185020436	25.191168030315875	24.693614781257338
46-47	25.1538461017415	25.17378207990541	24.852926604052143	24.819445214300945
48-49	25.100606079236254	25.060754009715485	25.01760556182654	24.82103434922172
50-51	25.060528047003945	24.94943371181823	25.162298686622464	24.827739554555365
52-53	25.040077749503364	25.215779567162944	24.79083542234574	24.953307260987952
54-55	24.865796589037632	25.139919806908477	24.97838051259459	25.0159030914593
56-57	24.79628594220842	25.103759769139224	25.262665118868693	24.837289169783663
58-59	24.759395978563028	25.200462736735552	25.08177933104409	24.95836195365733
60-61	24.792136862570942	25.073177471778045	25.23296258427529	24.901723081375724
62-63	24.767013416821236	25.29194338016586	25.31847768828836	24.622565514724542
64-65	25.05177963025169	25.23093265729308	25.069829741839488	24.647457970615744
66-67	24.747462129504257	25.12217865375191	25.15618848415527	24.974170732588572
68-69	24.852584568513095	25.306117630404927	25.26731602119182	24.573981779890154
70-71	24.949930954557743	25.206223909196922	25.02091875050279	24.822926385742544
72-73	24.798047220620763	25.27062799803058	25.114147405584962	24.817177375763684
74-75	24.88917524806121	25.355455890085395	25.086767192850047	24.66860166900335
76-77	24.96832795488245	25.400908554846335	24.888451852812015	24.742311637459196
78-79	24.92992228902909	25.190547934698614	25.13739741992013	24.74213235635216
80-81	24.949186488471817	25.367765135971375	24.987007721581225	24.696040653975583
82-83	25.195840645620414	25.359604843890267	24.843990079227638	24.600564431261688
84-85	25.05634442331091	25.384493600743973	24.823775209939203	24.735386766005917
86-87	25.00138979660469	25.572600100842894	24.890321859614932	24.53568824293748
88-89	25.094061548189572	25.423896217101767	24.82810458960029	24.653937645108375
90-91	24.941273152371956	25.251740769143126	25.026518110168972	24.780467968315946
92-93	24.781987290030152	25.58578036889586	24.977023520995548	24.655208820078442
94-95	25.03887938546922	25.532356760862402	24.855444437607346	24.573319416061036
96-97	25.074629148057465	25.278669120058012	24.80489965763118	24.84180207425334
98-99	25.013777634981054	25.34539317716742	25.184902879202127	24.4559263086494
100	25.6166595612706	25.256089516468194	24.40762841083016	24.719622511431048
>>END_MODULE
>>Per sequence GC content	pass
#GC Content	Count
0	361.0
1	362.5
2	382.0
3	439.5
4	543.0
5	680.0
6	793.5
7	928.5
8	1105.5
9	1322.0
10	1544.5
11	1828.0
12	2215.5
13	2684.0
14	3250.0
15	4034.0
16	5040.0
17	6403.0
18	8629.5
19	12106.0
20	17572.5
21	26013.0
22	38285.0
23	55049.5
24	77432.5
25	107618.5
26	146199.0
27	194460.0
28	252636.0
29	315932.0
30	384706.5
31	472719.5
32	594675.0
33	733757.0
34	874440.5
35	1040741.5
36	1249996.5
37	1471001.0
38	1682965.0
39	1896926.0
40	2101346.0
41	2267859.5
42	2499674.5
43	2737058.5
44	2863671.5
45	2949079.5
46	3018483.0
47	3058614.5
48	3105491.5
49	3141511.5
50	3156103.0
51	3083053.5
52	2949309.5
53	2914828.5
54	2856277.5
55	2798472.5
56	2611660.0
57	2382418.5
58	2238492.0
59	2119846.5
60	2028787.0
61	1878637.0
62	1730178.5
63	1589824.0
64	1446108.5
65	1282225.5
66	1138150.0
67	1016235.5
68	882248.5
69	740903.5
70	614423.5
71	505611.0
72	417659.0
73	344572.5
74	289649.0
75	242870.0
76	194210.5
77	152014.0
78	116300.5
79	87042.5
80	61050.5
81	38605.0
82	23445.5
83	14661.0
84	9368.5
85	6384.0
86	4817.0
87	3911.5
88	3192.0
89	2655.5
90	2214.0
91	1842.0
92	1526.5
93	1231.0
94	986.0
95	809.5
96	673.5
97	530.5
98	391.5
99	262.5
100	173.5
>>END_MODULE
>>Per base N content	pass
#Base	N-Count
1	0.0
2	0.0
3	0.0
4	0.003824146377102623
5	8.043894103560689E-4
6	0.002275307154777673
7	0.0035028701297472923
8	0.005018143176975416
9	0.006957788580784834
10-11	0.013135163590568476
12-13	0.03227567554354936
14-15	0.03297816763664721
16-17	0.013162735805826581
18-19	2.1758074214549408E-4
20-21	0.0023778038680197654
22-23	0.005553403790573009
24-25	0.005743412317460396
26-27	9.937985412595844E-4
28-29	3.1767987145209876E-5
30-31	0.007261682344607881
32-33	0.015653226118814263
34-35	0.018011849315350128
36-37	0.07477944415588855
38-39	0.0809076686949947
40-41	0.06567401976489076
42-43	0.02246895785142146
44-45	0.003982986312828672
46-47	0.0063529980330581035
48-49	0.009096433451239718
50-51	9.764160577272997E-4
52-53	8.379555854528943E-4
54-55	0.020209234992224455
56-57	0.060779951556576825
58-59	0.07474887496071109
60-61	0.09448758410559611
62-63	0.08676976141726174
64-65	0.09243165588091555
66-67	0.09899624069628045
68-69	0.07958120538268623
70-71	0.03142573203841903
72-73	0.017926135689656446
74-75	8.391543774206383E-4
76-77	0.0022435391676324636
78-79	0.017432832794929888
80-81	0.048986236177913624
82-83	0.07590151343769673
84-85	0.09122507176538144
86-87	0.09323724408323937
88-89	0.08457717090825838
90-91	0.1020261873947528
92-93	0.09709975180330979
94-95	0.12645517011343532
96-97	0.12670272065477442
98-99	0.11143670434154139
100	0.12029757517111946
>>END_MODULE
>>Sequence Length Distribution	pass
#Length	Count
100	8.3417309E7
>>END_MODULE
>>Sequence Duplication Levels	fail
#Total Deduplicated Percentage	33.19159078096464
#Duplication Level	Percentage of deduplicated	Percentage of total
1	70.47097062272256	23.39043618846788
2	13.963648796703682	9.269514333385958
3	5.354026667813897	5.331259865653517
4	2.821290685730118	3.7457250365960473
5	1.6659891448898616	2.7648414971356745
6	1.0821955193795207	2.155187449454312
7	0.7744036067999291	1.7992581331344404
8	0.5491847307735478	1.4582651877591868
9	0.43419813426876996	1.2970554111456614
>10	2.494169112825648	15.218452049425347
>50	0.20299049046645823	4.702653784272094
>100	0.15165839002779796	10.129635842816732
>500	0.01969053948537306	4.529449658838063
>1k	0.014002620166622253	9.055716342570392
>5k	0.001112108072621222	2.4606035569081643
>10k+	4.6882987375208385E-4	2.6919456624361966
>>END_MODULE
>>Overrepresented sequences	pass
>>END_MODULE
>>Adapter Content	pass
#Position	Illumina Universal Adapter	Illumina Small RNA 3' Adapter	Illumina Small RNA 5' Adapter	Nextera Transposase Sequence	SOLID Small RNA Adapter
1	1.9780067467772185E-4	1.7981879516156532E-5	0.0	2.3975839354875378E-6	1.1987919677437689E-6
2	2.9730040800045467E-4	7.192751806462613E-5	1.1987919677437689E-6	2.397583935487538E-5	2.3975839354875378E-6
3	6.557392063558416E-4	8.271664577432006E-5	1.1987919677437689E-6	2.397583935487538E-5	4.7951678709750755E-6
4	0.002360421384487481	8.271664577432006E-5	2.3975839354875378E-6	3.116859116133799E-5	7.192751806462613E-6
5	0.0029897871675529596	8.990939758078266E-5	2.3975839354875378E-6	3.236738312908176E-5	7.192751806462613E-6
6	0.004657306794684542	9.470456545175774E-5	2.3975839354875378E-6	3.236738312908176E-5	8.391543774206383E-6
7	0.0052183414355886255	1.2587315661309573E-4	2.3975839354875378E-6	3.236738312908176E-5	8.391543774206383E-6
8	0.006400350315783982	1.354634923550459E-4	2.3975839354875378E-6	3.356617509682553E-5	8.391543774206383E-6
9	0.00796117745778637	1.4385503612925226E-4	2.3975839354875378E-6	4.315651083877568E-5	8.391543774206383E-6
10-11	0.012076630283050727	1.5644235179056184E-4	2.3975839354875378E-6	4.435530280651945E-5	8.990939758078268E-6
12-13	0.017839822667978896	1.7382483532284648E-4	2.3975839354875378E-6	4.974986666136641E-5	1.198791967743769E-5
14-15	0.02435525701266628	2.0319523853256884E-4	2.3975839354875378E-6	5.274684658072583E-5	1.198791967743769E-5
16-17	0.03087668531719238	2.3975839354875377E-4	2.3975839354875378E-6	5.75420144517009E-5	1.378610762905334E-5
18-19	0.03733337885546032	2.511469172423196E-4	2.3975839354875378E-6	6.353597429041975E-5	1.498489959679711E-5
20-21	0.04334771815763081	2.6013785700039786E-4	2.3975839354875378E-6	6.653295420977918E-5	1.618369156454088E-5
22-23	0.04901800416505884	2.667312128229886E-4	2.3975839354875378E-6	7.492449798398555E-5	1.6783087548412766E-5
24-25	0.05389289170188888	2.841136963552732E-4	2.3975839354875378E-6	8.511422970980758E-5	1.7981879516156532E-5
26-27	0.058179172382556724	2.9070705217786394E-4	2.3975839354875378E-6	9.530396143562963E-5	2.0978859435515954E-5
28-29	0.062090231177320765	2.996979919359422E-4	2.3975839354875378E-6	9.830094135498905E-5	2.5174631322619148E-5
30-31	0.06584664580824587	3.080895357101486E-4	2.9969799193594223E-6	1.0309610922596412E-4	2.7572215258106685E-5
32-33	0.06923143492917039	3.1887866341984253E-4	4.7951678709750755E-6	1.078912770969392E-4	2.877100722585045E-5
34-35	0.07248615512159473	3.428545027747179E-4	5.993959838718845E-6	1.1148765300017051E-4	2.9370403209722336E-5
36-37	0.07645475593081047	3.8301403369413417E-4	7.192751806462613E-6	1.1328584095178615E-4	3.116859116133799E-5
38-39	0.08033464613441318	4.0159530919416255E-4	7.192751806462613E-6	1.1568342488727369E-4	3.236738312908176E-5
40-41	0.08377637787380554	4.1298383288772836E-4	7.192751806462613E-6	1.1987919677437689E-4	3.656315501618495E-5
42-43	0.08700292645498789	4.2557114854903795E-4	7.192751806462613E-6	1.234755726776082E-4	3.776194698392872E-5
44-45	0.09030200195021876	4.441524240490664E-4	7.192751806462613E-6	1.270719485808395E-4	3.8361342967800604E-5
46-47	0.09343504475791709	4.5554094774263214E-4	7.192751806462613E-6	1.2946953251632704E-4	4.315651083877568E-5
48-49	0.09665320179532524	4.861101429200983E-4	7.192751806462613E-6	1.3726168030666155E-4	4.315651083877568E-5
50-51	0.10021481273149196	4.986974585814079E-4	7.192751806462613E-6	1.4385503612925226E-4	4.375590682264756E-5
52-53	0.10395804065077188	5.286672577750021E-4	7.192751806462613E-6	1.5224657990345865E-4	4.435530280651945E-5
54-55	0.10797159615877802	5.724231645976496E-4	7.192751806462613E-6	1.5464416383894619E-4	4.435530280651945E-5
56-57	0.11193000723626795	6.029923597751157E-4	7.192751806462613E-6	1.6303570761315258E-4	4.795167870975076E-5
58-59	0.11612398093541954	6.521428304526103E-4	7.192751806462613E-6	1.732254393389746E-4	5.034926264523829E-5
60-61	0.12090895907466878	6.653295420977917E-4	7.192751806462613E-6	1.804181911454372E-4	5.034926264523829E-5
62-63	0.12618963769258007	7.018926971139766E-4	7.192751806462613E-6	1.8581275500028418E-4	5.0948658629110175E-5
64-65	0.13195103188955665	7.162782007269019E-4	7.192751806462613E-6	1.9840007066159376E-4	5.39456385484696E-5
66-67	0.13802890716601754	7.264679324527239E-4	7.192751806462613E-6	2.07391010419672E-4	5.4545034532341485E-5
68-69	0.14475413010506008	7.378564561462897E-4	7.192751806462613E-6	2.1698134616162217E-4	5.514443051621337E-5
70-71	0.1525372869556365	7.648292754205246E-4	7.192751806462613E-6	2.2956866182293173E-4	5.5743826500085255E-5
72-73	0.16175539779160222	8.067869942915564E-4	7.192751806462613E-6	2.421559774842413E-4	5.694261846782902E-5
74-75	0.1722016709985214	8.325610215980475E-4	7.192751806462613E-6	2.511469172423196E-4	5.75420144517009E-5
76-77	0.18388509751615217	8.457477332432289E-4	7.192751806462613E-6	2.59538461016526E-4	5.814141043557279E-5
78-79	0.1973223566825921	8.535398810335634E-4	7.192751806462613E-6	2.6433362888750105E-4	5.874080641944467E-5
80-81	0.21405449557237577	8.583350489045385E-4	7.192751806462613E-6	2.883094682423764E-4	5.993959838718844E-5
82-83	0.23625372523105487	8.673259886626168E-4	7.192751806462613E-6	2.95502220048839E-4	5.993959838718844E-5
84-85	0.2656199326688901	8.829102842432858E-4	7.192751806462613E-6	3.0269497185530164E-4	5.993959838718844E-5
86-87	0.30078289866675034	8.978951838400829E-4	7.192751806462613E-6	3.656315501618495E-4	5.993959838718844E-5
88-89	0.3420992638350393	9.098831035175205E-4	7.792147790334498E-6	3.9919772525867506E-4	6.053899437106033E-5
>>END_MODULE
