##FastQC	0.11.8
>>Basic Statistics	pass
#Measure	Value
Filename	SRR3184289_reverse.gz
File type	Conventional base calls
Encoding	Sanger / Illumina 1.9
Total Sequences	80651371
Sequences flagged as poor quality	0
Sequence length	100
%GC	50
>>END_MODULE
>>Per base sequence quality	pass
#Base	Mean	Median	Lower Quartile	Upper Quartile	10th Percentile	90th Percentile
1	31.879899524584648	33.0	33.0	33.0	27.0	33.0
2	31.902432904705364	33.0	33.0	33.0	27.0	33.0
3	31.928579825382013	33.0	33.0	33.0	33.0	33.0
4	35.716151644836884	37.0	37.0	37.0	33.0	37.0
5	35.70571308701002	37.0	37.0	37.0	33.0	37.0
6	35.68339816566788	37.0	37.0	37.0	33.0	37.0
7	35.58385721676077	37.0	37.0	37.0	33.0	37.0
8	35.61770517205467	37.0	37.0	37.0	33.0	37.0
9	35.599660370311625	37.0	37.0	37.0	33.0	37.0
10-11	35.599723041285934	37.0	37.0	37.0	33.0	37.0
12-13	35.538800127774635	37.0	37.0	37.0	33.0	37.0
14-15	37.47347422029565	40.0	37.0	40.0	33.0	40.0
16-17	37.32019960330247	40.0	37.0	40.0	33.0	40.0
18-19	37.373534121323246	40.0	37.0	40.0	33.0	40.0
20-21	37.37357751178216	40.0	37.0	40.0	33.0	40.0
22-23	37.322012523506885	40.0	37.0	40.0	33.0	40.0
24-25	37.27328790852172	40.0	37.0	40.0	33.0	40.0
26-27	37.163947014614294	40.0	37.0	40.0	33.0	40.0
28-29	37.087006847037976	40.0	37.0	40.0	33.0	40.0
30-31	36.989430061889465	40.0	37.0	40.0	33.0	40.0
32-33	36.86770497676971	40.0	37.0	40.0	33.0	40.0
34-35	36.757000987621154	40.0	37.0	40.0	33.0	40.0
36-37	36.61778292646755	40.0	37.0	40.0	33.0	40.0
38-39	36.50028455188939	40.0	37.0	40.0	33.0	40.0
40-41	36.38598188864018	40.0	37.0	40.0	33.0	40.0
42-43	36.24306381598895	40.0	37.0	40.0	33.0	40.0
44-45	36.05871705516327	37.0	37.0	40.0	33.0	40.0
46-47	35.91867546182197	37.0	37.0	40.0	33.0	40.0
48-49	35.735763251935296	37.0	37.0	40.0	27.0	40.0
50-51	35.06143259486562	37.0	35.0	38.5	27.0	40.0
52-53	35.063994312012376	37.0	35.0	40.0	27.0	40.0
54-55	35.60310511026527	37.0	37.0	40.0	27.0	40.0
56-57	35.59735645411409	37.0	37.0	40.0	27.0	40.0
58-59	35.4326640212973	37.0	37.0	40.0	27.0	40.0
60-61	35.22315430942891	37.0	37.0	40.0	27.0	40.0
62-63	35.00611683960091	37.0	33.0	40.0	27.0	40.0
64-65	34.77769726939918	37.0	33.0	40.0	27.0	40.0
66-67	34.54784833105937	37.0	33.0	37.0	27.0	40.0
68-69	34.303466676344534	37.0	33.0	37.0	27.0	40.0
70-71	34.083279601037404	37.0	33.0	37.0	27.0	40.0
72-73	33.87252074115392	37.0	33.0	37.0	27.0	40.0
74-75	33.65570949810636	37.0	33.0	37.0	27.0	37.0
76-77	33.44453549958872	37.0	33.0	37.0	27.0	37.0
78-79	33.23492275785368	37.0	33.0	37.0	27.0	37.0
80-81	33.04379947862263	37.0	33.0	37.0	27.0	37.0
82-83	32.8662192859685	37.0	33.0	37.0	27.0	37.0
84-85	32.71882442023211	37.0	33.0	37.0	27.0	37.0
86-87	32.57005560389048	37.0	33.0	37.0	27.0	37.0
88-89	32.43157217376999	37.0	33.0	37.0	24.5	37.0
90-91	32.28123171024582	37.0	33.0	37.0	22.0	37.0
92-93	32.11791612941087	37.0	33.0	37.0	22.0	37.0
94-95	31.95840005001279	37.0	33.0	37.0	22.0	37.0
96-97	31.782667674675984	37.0	33.0	37.0	22.0	37.0
98-99	31.593631061770793	37.0	33.0	37.0	18.5	37.0
100	30.476935215397642	33.0	33.0	37.0	15.0	37.0
>>END_MODULE
>>Per sequence quality scores	pass
#Quality	Count
2	740266.0
3	158771.0
4	127329.0
5	120094.0
6	122233.0
7	130137.0
8	136675.0
9	142513.0
10	151327.0
11	152092.0
12	153420.0
13	154501.0
14	158488.0
15	163436.0
16	167973.0
17	175557.0
18	183102.0
19	191416.0
20	205811.0
21	235258.0
22	276375.0
23	331400.0
24	400547.0
25	482460.0
26	581943.0
27	705198.0
28	857716.0
29	1055871.0
30	1324332.0
31	1700390.0
32	2230361.0
33	2988765.0
34	4104282.0
35	6038097.0
36	1.0946943E7
37	2.3663948E7
38	1.9125882E7
39	66462.0
>>END_MODULE
>>Per base sequence content	warn
#Base	G	A	T	C
1	31.99412071990692	11.16666076265461	11.578712034541855	45.26050648289661
2	23.860985574566364	17.228846611919344	32.06971893881382	26.840448874700467
3	28.208031330304355	19.68624067159379	21.820251511905482	30.285476486196373
4	30.603006510351182	26.044071866515928	18.105874522853487	25.247047100279406
5	31.46540324935384	28.590232238708563	20.127652734885153	19.816711777052447
6	25.74857764992294	32.688793695292325	20.38379084276199	21.178837812022746
7	22.737835395139875	19.568201677079543	36.15133468644748	21.5426282413331
8	22.63541883208854	22.224210991825576	28.153420396803142	26.98694977928274
9	23.18928757555879	20.767088643978514	30.40668146663886	25.636942313823834
10-11	26.147547313554153	29.053604289873437	21.791528542242194	23.007319854330213
12-13	24.859977632191583	23.71751224540488	26.394531137136966	25.027978985266568
14-15	24.931784928233032	24.710429396330174	25.965742376539954	24.39204329889684
16-17	25.809231511823377	24.603105080469998	24.99664033793618	24.591023069770443
18-19	25.43103432777018	24.76029270497299	24.924690185852842	24.88398278140399
20-21	25.163843839370397	24.780754964156195	25.137377440782082	24.918023755691323
22-23	25.310603910943957	24.9282712878175	25.057516762821603	24.703608038416938
24-25	25.226503912285914	24.955002887217866	25.038154935293743	24.780338265202477
26-27	24.9743926256912	25.04553903110648	25.227546365559405	24.752521977642918
28-29	25.14356905374171	24.78162841335823	25.01016520536331	25.064637327536744
30-31	24.946934091857198	24.804821537342583	25.065381887267797	25.182862483532425
32-33	24.95718245535471	24.978662921204588	25.145147537466382	24.91900708597431
34-35	25.23507021151109	24.945671227120634	24.89572306431399	24.923535497054285
36-37	25.029354006621045	24.909818021972196	25.00649791683865	25.05433005456811
38-39	24.913120612160707	25.063301245554925	25.01691556353392	25.006662578750444
40-41	25.096556423465604	24.969921265254786	24.940930020135617	24.99259229114399
42-43	24.993462671871892	24.945629955045135	25.072376299086624	24.988531073996352
44-45	24.992442161940083	25.013500324242134	25.159364335879957	24.834693177937826
46-47	25.07038339718569	25.10646563540045	24.84223041650595	24.980920550907914
48-49	24.98649421002709	25.08930580199239	24.95514412387418	24.969055864106345
50-51	24.982744855584464	25.057682935234237	25.10273654491944	24.856835664261855
52-53	25.011536326475937	25.136870679697427	24.910428677325307	24.94116431650134
54-55	24.80260107799137	25.042961714500322	25.045699363670497	25.108737843837808
56-57	24.821932699514246	25.07311631826302	25.18177996955177	24.923171012670963
58-59	24.93891809304549	25.068905654648464	25.01226793790598	24.979908314400067
60-61	24.81549643991883	25.050717706555886	25.126638511674965	25.00714734185032
62-63	24.699658176312482	25.197272389760535	25.19535569912541	24.907713734801572
64-65	24.87483777945154	25.110357132795784	25.07619230939636	24.938612778356315
66-67	24.802029797416242	25.03985622907483	25.11914701355535	25.03896695995358
68-69	24.868915108328324	25.19684154624847	25.178431072764447	24.75581227265876
70-71	24.965453270351702	25.16358677796972	25.0065566678644	24.86440328381418
72-73	24.80921966581308	25.217320309725892	25.020817715731923	24.952642308729104
74-75	24.796451080953748	25.32564736559597	25.072487127932312	24.805414425517963
76-77	24.93738134805994	25.26768100865607	24.90193227192347	24.893005371360523
78-79	24.887616678414677	25.146826224534568	25.08891737909174	24.87663971795902
80-81	24.799859261144704	25.24257408925005	25.066412961595535	24.891153688009712
82-83	24.963008563539564	25.244414108829062	24.917457781568032	24.87511954606334
84-85	24.877167360599746	25.26880027689894	24.983950050469648	24.87008231203167
86-87	24.829417886289487	25.44151309891884	25.018111821699318	24.710957193092355
88-89	24.958933912072	25.291805935213407	24.93092074084327	24.818339411871328
90-91	24.877717873184167	25.233338981678727	24.963799649910154	24.92514349522695
92-93	24.75102057350892	25.412088000738308	25.01901932207737	24.817872103675406
94-95	24.974769237201972	25.37838509139109	24.887524733708112	24.759320937698835
96-97	24.949104814194257	25.19261448696425	24.959606448552226	24.898674250289265
98-99	24.884036763828448	25.33754731618115	25.0183420130959	24.7600739068945
100	25.218448359483013	25.14346672564462	24.619467991025644	25.01861692384672
>>END_MODULE
>>Per sequence GC content	pass
#GC Content	Count
0	284.0
1	268.0
2	273.5
3	350.5
4	440.0
5	520.5
6	617.5
7	741.0
8	924.0
9	1121.5
10	1383.0
11	1712.5
12	2081.5
13	2609.5
14	3326.5
15	4176.0
16	5661.5
17	8019.5
18	11431.5
19	16667.0
20	25325.0
21	39053.5
22	59344.5
23	87519.5
24	126667.0
25	177988.0
26	242544.0
27	318024.0
28	400713.0
29	491792.5
30	585570.5
31	687579.5
32	802323.5
33	914896.0
34	1025628.5
35	1168653.0
36	1327190.5
37	1489731.0
38	1652222.0
39	1805180.5
40	1935580.5
41	2042979.5
42	2178844.5
43	2326675.0
44	2439752.0
45	2524812.5
46	2574303.0
47	2597907.0
48	2601998.0
49	2590433.0
50	2601037.5
51	2574331.5
52	2568390.0
53	2583561.0
54	2548897.5
55	2547425.5
56	2496573.5
57	2387211.0
58	2301542.0
59	2212905.0
60	2133052.0
61	2050152.5
62	1943239.0
63	1801328.0
64	1642533.5
65	1458658.0
66	1261695.0
67	1110168.5
68	970797.0
69	818282.5
70	681096.5
71	560368.5
72	451871.0
73	367656.5
74	305230.0
75	246831.0
76	193341.0
77	153428.5
78	120097.0
79	88191.0
80	59801.5
81	37747.0
82	22915.5
83	14016.5
84	8545.5
85	5543.0
86	4071.5
87	3175.0
88	2467.5
89	1985.0
90	1606.0
91	1316.5
92	1085.5
93	878.5
94	702.0
95	552.0
96	456.5
97	355.0
98	251.0
99	162.0
100	103.0
>>END_MODULE
>>Per base N content	pass
#Base	N-Count
1	0.0
2	0.0
3	0.0
4	0.003951575727088384
5	8.555341235302746E-4
6	0.0023830965006162138
7	0.003522568760796391
8	0.005053850851462897
9	0.0070972135117207125
10-11	0.013345712374808853
12-13	0.0323956055254163
14-15	0.0332003035633455
16-17	0.013415766980576189
18-19	2.430212872636722E-4
20-21	0.002404794829836185
22-23	0.005513855430926276
24-25	0.005616767506655281
26-27	9.609260083129896E-4
28-29	3.0377660907959024E-5
30-31	0.007611153938102305
32-33	0.01610573985158913
34-35	0.01831524971844558
36-37	0.07459017652657138
38-39	0.08069484646454429
40-41	0.06559218937518123
42-43	0.022660495132810574
44-45	0.004101604174837896
46-47	0.006253458481195565
48-49	0.008994887390073009
50-51	9.739450058449719E-4
52-53	8.648334074816905E-4
54-55	0.02045284512274441
56-57	0.06073176362990779
58-59	0.07464039265990903
60-61	0.09418438776446839
62-63	0.08650813883870616
64-65	0.09217574243096252
66-67	0.09867966162658288
68-69	0.0794654811261671
70-71	0.03153387187925175
72-73	0.01800589353899514
74-75	8.338357943103038E-4
76-77	0.002329160653698001
78-79	0.017723815259135522
80-81	0.049173993582824524
82-83	0.07575444687728868
84-85	0.09080564792878723
86-87	0.0928124334055028
88-89	0.0841262822426168
90-91	0.10173850609433534
92-93	0.0967708286074889
94-95	0.12632643281414274
96-97	0.1264752213573654
98-99	0.11126841228774648
100	0.12024346120538981
>>END_MODULE
>>Sequence Length Distribution	pass
#Length	Count
100	8.0651371E7
>>END_MODULE
>>Sequence Duplication Levels	fail
#Total Deduplicated Percentage	37.60436722044814
#Duplication Level	Percentage of deduplicated	Percentage of total
1	70.11604641660566	26.366695574960257
2	13.865356453623063	10.427959114489044
3	5.440310688628817	6.137383227855815
4	2.861426633326522	4.304085515759247
5	1.732240440952896	3.256990282785186
6	1.136831712844351	2.564990231859001
7	0.7877094213231097	2.0734920039708644
8	0.5989103141759875	1.8017314709110241
9	0.44249193572971235	1.4975666318940337
>10	2.647146752884842	18.48821147647624
>50	0.21860577716792426	5.687837061023642
>100	0.13570090876288501	9.701407572325135
>500	0.011248104296934082	2.890906250075472
>1k	0.005641049427947888	3.7622091823193684
>5k	2.7727505896194855E-4	0.6913322127519343
>10k+	5.6115190504203884E-5	0.34720219054365975
>>END_MODULE
>>Overrepresented sequences	pass
>>END_MODULE
>>Adapter Content	pass
#Position	Illumina Universal Adapter	Illumina Small RNA 3' Adapter	Illumina Small RNA 5' Adapter	Nextera Transposase Sequence	SOLID Small RNA Adapter
1	1.8970539260888697E-4	8.679331687988293E-6	0.0	1.2399045268554703E-6	2.4798090537109407E-6
2	2.665794732739261E-4	7.315436708447275E-5	0.0	2.6037995063964876E-5	4.959618107421881E-6
3	5.728358914072273E-4	7.93538897187501E-5	0.0	2.851780411767582E-5	4.959618107421881E-6
4	0.0022343079573935577	8.183369877246104E-5	1.2399045268554703E-6	3.223751769824223E-5	6.199522634277352E-6
5	0.002812103466908207	8.679331687988292E-5	2.4798090537109407E-6	3.595723127880864E-5	6.199522634277352E-6
6	0.004340905748521001	8.927312593359386E-5	2.4798090537109407E-6	3.595723127880864E-5	6.199522634277352E-6
7	0.004906302212767096	1.1159140741699232E-4	2.4798090537109407E-6	3.595723127880864E-5	6.199522634277352E-6
8	0.006105289890236336	1.1655102552441421E-4	2.4798090537109407E-6	3.967694485937505E-5	6.199522634277352E-6
9	0.007774201383383799	1.339096889003908E-4	2.4798090537109407E-6	4.2156753913085993E-5	8.679331687988293E-6
10-11	0.011732596585369888	1.5374816133007833E-4	3.719713580566411E-6	4.711637202050787E-5	9.919236214843763E-6
12-13	0.017619043326616235	1.7606644281347678E-4	4.959618107421881E-6	5.145603786450202E-5	1.1779093005126968E-5
14-15	0.024532750968362334	2.027243901408694E-4	4.959618107421881E-6	5.393584691821296E-5	1.2399045268554704E-5
16-17	0.031225135652064737	2.3868162141967803E-4	6.199522634277352E-6	6.0135369552490313E-5	1.425890205883791E-5
18-19	0.03787784339090776	2.50460714424805E-4	6.199522634277352E-6	6.88147012404786E-5	1.6118758849121115E-5
20-21	0.04391679838895733	2.5975999837622103E-4	6.199522634277352E-6	7.625412840161142E-5	1.6118758849121115E-5
22-23	0.04965755634829816	2.659595210104984E-4	7.439427161132822E-6	8.245365103588878E-5	1.6118758849121115E-5
24-25	0.05498976576604011	2.733989481716312E-4	7.439427161132822E-6	9.051303046044934E-5	1.6118758849121115E-5
26-27	0.059585471894829906	2.8083837533276405E-4	8.679331687988293E-6	9.857240988500989E-5	1.7358663375976586E-5
28-29	0.06363685993633016	2.8827780249389683E-4	8.679331687988293E-6	1.041519802558595E-4	1.9838472429687525E-5
30-31	0.06732247614240805	2.944773251281742E-4	8.679331687988293E-6	1.0849164609985366E-4	2.169832921997073E-5
32-33	0.07074771239784627	3.000568954990238E-4	8.679331687988293E-6	1.1221135968042006E-4	2.4178138273681674E-5
34-35	0.0741971267915582	3.2485498603613324E-4	9.299283951416027E-6	1.1717097778784195E-4	2.4798090537109408E-5
36-37	0.07792489975154918	3.614321695783696E-4	9.919236214843763E-6	1.1965078684155289E-4	2.541804280053714E-5
38-39	0.08164089361853502	3.8003073748120165E-4	9.919236214843763E-6	1.2275054815869156E-4	2.7897851854248084E-5
40-41	0.08538850505095567	3.918098304863286E-4	9.919236214843763E-6	1.3018997531982437E-4	2.9137756381103552E-5
42-43	0.08883667954014074	4.0482882801831107E-4	9.919236214843763E-6	1.35769545690674E-4	3.0377660907959024E-5
44-45	0.09221417947129504	4.197076823405767E-4	9.919236214843763E-6	1.4072916379809588E-4	3.223751769824223E-5
46-47	0.09560655825677161	4.358264411896978E-4	9.919236214843763E-6	1.4382892511523456E-4	3.34774222250977E-5
48-49	0.09901629570562415	4.49465390985108E-4	9.919236214843763E-6	1.4692868643237324E-4	3.409737448852543E-5
50-51	0.10267711382116493	4.600045794633795E-4	1.1159140741699232E-5	1.4940849548608417E-4	3.5337279015380906E-5
52-53	0.10647556133918665	4.866625267907721E-4	1.1159140741699232E-5	1.5684792264721698E-4	3.843704033251958E-5
54-55	0.11053376885558461	5.096007605375983E-4	1.1159140741699232E-5	1.6056763622778343E-4	3.843704033251958E-5
56-57	0.1147847815259086	5.31299089757569E-4	1.1159140741699232E-5	1.6986692017919946E-4	3.905699259594732E-5
58-59	0.11957453271315127	5.672563210363776E-4	1.3638949795410173E-5	1.7916620413061546E-4	3.967694485937505E-5
60-61	0.12465442155967812	5.815152230952156E-4	1.3638949795410173E-5	1.9962462882373071E-4	3.967694485937505E-5
62-63	0.1301881154630341	6.187123589008797E-4	1.3638949795410173E-5	2.0706405598486352E-4	4.4016610703369195E-5
64-65	0.1360113270734108	6.323513086962898E-4	1.3638949795410173E-5	2.1884314898999052E-4	4.525651523022467E-5
66-67	0.14240303490935077	6.497099720722665E-4	1.3638949795410173E-5	2.2690252841455106E-4	4.835627654736334E-5
68-69	0.14928326512887177	6.602491605505379E-4	1.425890205883791E-5	2.4302128726367216E-4	4.8976228810791074E-5
70-71	0.1570425876579333	6.875270601413583E-4	1.4878854322265643E-5	2.554203325322269E-4	5.083608560107428E-5
72-73	0.16610318998792967	7.284439095275887E-4	1.6118758849121115E-5	2.6719942553735386E-4	5.3315894654785226E-5
74-75	0.17635844032955122	7.476624296938486E-4	1.6738711112548852E-5	2.8455808891333044E-4	5.517575144506843E-5
76-77	0.1874128091387312	7.569617136452646E-4	1.9838472429687525E-5	2.9695713418188515E-4	5.579570370849616E-5
78-79	0.20015282815217117	7.656410453332528E-4	1.9838472429687525E-5	3.050165136064457E-4	5.579570370849616E-5
80-81	0.21527408380943702	7.761802338115244E-4	2.0458424693115263E-5	3.2299512924585E-4	5.889546502563484E-5
82-83	0.23487511452223175	7.848595654995127E-4	2.1078376956542997E-5	3.279547473532719E-4	5.951541728906257E-5
84-85	0.26017040677461023	7.978785630314951E-4	2.1078376956542997E-5	3.4593336299267626E-4	5.951541728906257E-5
86-87	0.2900979823393207	8.189569399880382E-4	2.2318281483398465E-5	4.252872527114263E-4	5.951541728906257E-5
88-89	0.3254730784427706	8.26396367149171E-4	2.3558186010253936E-5	4.6682405436108455E-4	6.0135369552490313E-5
>>END_MODULE
