##FastQC	0.11.8
>>Basic Statistics	pass
#Measure	Value
Filename	SRR3184279_2.gz
File type	Conventional base calls
Encoding	Sanger / Illumina 1.9
Total Sequences	82427768
Sequences flagged as poor quality	0
Sequence length	0-100
%GC	50
>>END_MODULE
>>Per base sequence quality	pass
#Base	Mean	Median	Lower Quartile	Upper Quartile	10th Percentile	90th Percentile
1	31.85955398556622	33.0	33.0	33.0	27.0	33.0
2	31.878381272805964	33.0	33.0	33.0	27.0	33.0
3	31.929424383966115	33.0	33.0	33.0	33.0	33.0
4	35.71982973318065	37.0	37.0	37.0	33.0	37.0
5	35.720680533303856	37.0	37.0	37.0	33.0	37.0
6	35.70795125776847	37.0	37.0	37.0	33.0	37.0
7	35.65481409617526	37.0	37.0	37.0	33.0	37.0
8	35.64069401863624	37.0	37.0	37.0	33.0	37.0
9	35.64570251753637	37.0	37.0	37.0	33.0	37.0
10-11	35.67291208972942	37.0	37.0	37.0	33.0	37.0
12-13	35.62925807437613	37.0	37.0	37.0	33.0	37.0
14-15	37.51014337363452	40.0	37.0	40.0	33.0	40.0
16-17	37.4830466199664	40.0	37.0	40.0	33.0	40.0
18-19	37.435198502780096	40.0	37.0	40.0	33.0	40.0
20-21	37.3757610729879	40.0	37.0	40.0	33.0	40.0
22-23	37.262923747857855	40.0	37.0	40.0	33.0	40.0
24-25	37.21541595626004	40.0	37.0	40.0	33.0	40.0
26-27	37.1409476859627	40.0	37.0	40.0	33.0	40.0
28-29	37.04900354820457	40.0	37.0	40.0	33.0	40.0
30-31	36.9608143190368	40.0	37.0	40.0	33.0	40.0
32-33	36.853467274317154	40.0	37.0	40.0	33.0	40.0
34-35	36.71495945801211	40.0	37.0	40.0	33.0	40.0
36-37	36.582569362151276	40.0	37.0	40.0	33.0	40.0
38-39	36.447017783900364	40.0	37.0	40.0	33.0	40.0
40-41	36.27647656833675	40.0	37.0	40.0	33.0	40.0
42-43	36.34776226075614	40.0	37.0	40.0	33.0	40.0
44-45	36.24136015003576	40.0	37.0	40.0	33.0	40.0
46-47	36.04416181264878	37.0	37.0	40.0	33.0	40.0
48-49	35.885851396815326	37.0	37.0	40.0	30.0	40.0
50-51	35.22443377291059	37.0	35.0	38.5	30.0	40.0
52-53	35.37353411429757	37.0	35.0	40.0	27.0	40.0
54-55	35.685465908181826	37.0	37.0	40.0	30.0	40.0
56-57	35.599025885496175	37.0	37.0	40.0	27.0	40.0
58-59	35.43733765738522	37.0	37.0	40.0	27.0	40.0
60-61	35.22944131606806	37.0	37.0	40.0	27.0	40.0
62-63	34.981246714653054	37.0	33.0	40.0	27.0	40.0
64-65	34.72954938646065	37.0	33.0	40.0	27.0	40.0
66-67	34.48576130782874	37.0	33.0	37.0	27.0	40.0
68-69	34.25028254924031	37.0	33.0	37.0	27.0	40.0
70-71	34.0225156679248	37.0	33.0	37.0	27.0	40.0
72-73	33.77303870329811	37.0	33.0	37.0	27.0	40.0
74-75	33.527266447926294	37.0	33.0	37.0	27.0	37.0
76-77	33.31765445652648	37.0	33.0	37.0	27.0	37.0
78-79	33.115489145821826	37.0	33.0	37.0	27.0	37.0
80-81	32.93201443135708	37.0	33.0	37.0	27.0	37.0
82-83	32.76040123110208	37.0	33.0	37.0	27.0	37.0
84-85	32.59220216730375	37.0	33.0	37.0	27.0	37.0
86-87	32.40834796751731	37.0	33.0	37.0	24.5	37.0
88-89	32.23468791385267	37.0	33.0	37.0	22.0	37.0
90-91	32.06646399113784	37.0	33.0	37.0	22.0	37.0
92-93	31.896389702134705	37.0	33.0	37.0	22.0	37.0
94-95	31.69482677148088	37.0	33.0	37.0	22.0	37.0
96-97	31.456558917512567	35.0	33.0	37.0	18.5	37.0
98-99	31.23963378205636	33.0	33.0	37.0	15.0	37.0
100	29.477023302947632	33.0	27.0	37.0	2.0	37.0
>>END_MODULE
>>Per sequence quality scores	pass
#Quality	Count
2	708281.0
3	142575.0
4	116132.0
5	113668.0
6	115827.0
7	123154.0
8	131092.0
9	139947.0
10	150920.0
11	155392.0
12	156791.0
13	160311.0
14	165986.0
15	173337.0
16	181555.0
17	189165.0
18	197464.0
19	206452.0
20	223824.0
21	251084.0
22	291432.0
23	347988.0
24	419421.0
25	508483.0
26	615063.0
27	748049.0
28	911809.0
29	1126726.0
30	1413354.0
31	1812023.0
32	2380749.0
33	3200280.0
34	4373888.0
35	6391744.0
36	1.1350994E7
37	2.3837097E7
38	1.8826116E7
39	69563.0
>>END_MODULE
>>Per base sequence content	warn
#Base	G	A	T	C
1	29.377038096950887	11.334810771138873	13.249953437804116	46.038197694106124
2	23.377897424683262	17.586831372575187	31.251361116663112	27.78391008607844
3	26.912485355346	19.386882005306713	22.489600278741282	31.211032360606005
4	29.74874583526781	24.14025943188983	18.770321856756446	27.340672876085915
5	31.32484582123417	26.86129346759155	21.27049516987231	20.543365541301974
6	26.383993470521677	31.14468643028608	20.500512620728646	21.9708074784636
7	22.611758776382867	18.784991418867854	36.59102381452215	22.012225990227126
8	22.994437554799088	21.956244342965313	28.23663667783413	26.812681424401465
9	22.638609124949404	20.60452522604481	31.07117242743776	25.68569322156803
10-11	25.808553595173123	28.54367364304833	22.205676970182118	23.44209579159643
12-13	24.820704221012775	23.65145680775714	26.3392873634835	25.188551607746586
14-15	25.047610277848598	24.681551046905646	25.86792784631501	24.40291082893075
16-17	25.65468042379105	24.54686269154682	24.99907521203183	24.7993816726303
18-19	25.395506232952243	24.648087486647647	24.950427904658785	25.00597837574133
20-21	25.241441881248882	24.723014839743623	25.070322515826472	24.965220763181026
22-23	25.4625807511786	24.705448845777685	24.967228212012415	24.8647421910313
24-25	25.27171787876065	24.86560575791464	24.99901544679655	24.86366091652816
26-27	25.068128925890036	25.064506172978056	25.006839371685558	24.86052552944635
28-29	25.203656824458392	24.731981102033192	24.805949396317985	25.258412677190428
30-31	25.044575229145348	24.70233472402358	24.907336403202176	25.345753643628893
32-33	25.051600835368	24.892387966456795	25.025002469748575	25.031008728426627
34-35	25.368849350759554	24.77912461864366	24.736110580474282	25.115915450122507
36-37	25.13556680412421	24.77368285060311	24.855808317226938	25.234942028045747
38-39	25.09366526529088	24.885323409911102	24.91131495647376	25.109696368324258
40-41	25.333583974705533	24.674191998546576	24.69393222086079	25.298291805887104
42-43	25.07456237947342	24.73930041866265	24.931334277607338	25.25480292425659
44-45	25.13034742573973	24.863655210115766	24.986125559714047	25.019871804430455
46-47	25.282714503303293	24.823633664384857	24.734017956228605	25.15963387608324
48-49	25.132094994671867	24.799236361903525	24.839311042841075	25.229357600583533
50-51	25.07819463165732	24.88122081783481	24.969734789444576	25.070849761063297
52-53	25.24438879222274	24.844655214136864	24.694859772593272	25.216096221047124
54-55	24.994385082391364	24.80092045032983	24.879305130884745	25.32538933639406
56-57	24.977068399319368	24.84018982440334	24.99091708772597	25.19182468855133
58-59	25.23991762930186	24.741219241062012	24.774700507472303	25.244162622163817
60-61	24.988372506070835	24.8431905924639	24.880627419032457	25.28780948243281
62-63	24.87171296466315	25.093485962776658	24.922066085993343	25.11273498656685
64-65	25.050807248582096	24.930026386484464	24.782405939532115	25.23676042540132
66-67	25.002485505465287	24.951443604508967	24.870678176825162	25.17539271320058
68-69	25.110522852695503	25.007754837352653	24.899044222629335	24.982678087322512
70-71	25.17747143205996	24.871952366940693	24.76535179009528	25.185224410904066
72-73	24.97645933079624	24.988757829703978	24.837663546384515	25.19711929311527
74-75	25.014403711121357	25.149742638886114	24.821857780015293	25.013995869977236
76-77	25.24180730318196	24.941151759252893	24.644656720790707	25.172384216774436
78-79	25.07737838366195	24.892146276918847	24.900663784044095	25.129811555375102
80-81	25.11595258848	24.962104787030103	24.9484241652793	24.973518459210595
82-83	25.222710138939092	24.742828980592716	24.8469886200423	25.187472260425892
84-85	25.03960602638056	24.862192655230533	24.91270879170801	25.185492526680896
86-87	25.01552404259125	25.065555817615664	24.957283202955526	24.961636936837564
88-89	25.184415871931236	24.902247732417255	24.669936079049776	25.243400316601733
90-91	25.0309625400503	24.88239299430407	24.77538340249096	25.31126106315467
92-93	24.96689625907432	25.03393933383388	24.84602235103152	25.153142056060275
94-95	25.280645554242575	24.840062982444525	24.632348256384045	25.24694320692885
96-97	25.130691036362823	24.62362868345968	24.9012605427056	25.344419737471895
98-99	24.488971478950127	24.335872285503747	25.39024622004686	25.784910015499268
100	26.02728609522697	23.300058446471642	24.61868082135164	26.05397463694975
>>END_MODULE
>>Per sequence GC content	pass
#GC Content	Count
0	185.0
1	171.5
2	172.5
3	209.5
4	271.5
5	348.5
6	444.0
7	537.0
8	641.0
9	782.5
10	907.5
11	1085.5
12	1314.5
13	1563.0
14	1934.5
15	2503.5
16	3394.5
17	4799.0
18	7103.5
19	10790.0
20	16953.0
21	27008.5
22	43196.5
23	65824.5
24	96882.5
25	139327.5
26	194113.5
27	264680.5
28	347655.5
29	442763.5
30	545058.0
31	657132.5
32	774814.0
33	891945.5
34	1015198.0
35	1157718.5
36	1303353.5
37	1458651.5
38	1615059.5
39	1766302.5
40	1907482.0
41	2013666.0
42	2126893.0
43	2252701.0
44	2370721.0
45	2514515.5
46	2609983.0
47	2629175.5
48	2653642.5
49	2664299.0
50	2679431.0
51	2733548.5
52	2776421.5
53	2766250.5
54	2741683.5
55	2737406.5
56	2685613.0
57	2581281.0
58	2522304.0
59	2475580.0
60	2372522.0
61	2239936.0
62	2081426.0
63	1894666.5
64	1708738.5
65	1513264.5
66	1314765.0
67	1150081.5
68	985307.5
69	816576.5
70	662938.0
71	521852.5
72	424712.5
73	350538.0
74	287793.0
75	234242.0
76	188439.0
77	152431.0
78	115967.5
79	84854.0
80	61572.5
81	42907.0
82	28676.5
83	19690.0
84	13229.5
85	9036.0
86	6897.0
87	5361.5
88	4087.0
89	3325.5
90	2764.0
91	2318.5
92	1976.5
93	1632.0
94	1312.0
95	1059.5
96	893.5
97	737.0
98	565.5
99	431.5
100	353.0
>>END_MODULE
>>Per base N content	pass
#Base	N-Count
1	4.270407232827552E-4
2	0.0
3	0.0
4	0.0
5	0.0
6	0.0
7	0.0
8	0.0
9	0.0
10-11	0.0
12-13	0.0
14-15	0.0
16-17	0.0015559489865412718
18-19	0.001184105047005725
20-21	0.0015292742367172991
22-23	0.007552991505720493
24-25	8.705000297152919E-4
26-27	0.0
28-29	0.0
30-31	0.0
32-33	0.0
34-35	0.0
36-37	4.428456919594971E-5
38-39	0.0
40-41	4.246513532009785E-6
42-43	6.327339939031742E-4
44-45	1.2618350879817547E-4
46-47	5.459893536079968E-5
48-49	6.794576304690447E-5
50-51	1.577323906194121E-5
52-53	0.0
54-55	0.0
56-57	0.0
58-59	0.0
60-61	0.0
62-63	0.0
64-65	1.207376390215798E-4
66-67	1.9415603677533762E-4
68-69	3.962121727956402E-4
70-71	0.001655300633055407
72-73	9.660542317723453E-4
74-75	0.006296864945331002
76-77	4.976823902175161E-5
78-79	0.0
80-81	0.0
82-83	0.0
84-85	0.0
86-87	2.1273260045777382E-4
88-89	0.0016853109537986629
90-91	2.3557869556545627E-4
92-93	1.3164684942759949E-4
94-95	0.0010410142392308847
96-97	0.008657862108375327
98-99	0.002491903516012934
100	1.2585371292994616E-5
>>END_MODULE
>>Sequence Length Distribution	fail
#Length	Count
0-1	43.0
2-3	156.0
4-5	157.0
6-7	173.0
8-9	361.0
10-11	325.0
12-13	427.0
14-15	428.0
16-17	462.0
18-19	424.0
20-21	413.0
22-23	418.0
24-25	386.0
26-27	340.0
28-29	417.0
30-31	368.0
32-33	426.0
34-35	455.0
36-37	438.0
38-39	490.0
40-41	445.0
42-43	448.0
44-45	476.0
46-47	468.0
48-49	586.0
50-51	659.0
52-53	767.0
54-55	827.0
56-57	975.0
58-59	1148.0
60-61	1473.0
62-63	1774.0
64-65	2087.0
66-67	2441.0
68-69	3136.0
70-71	4422.0
72-73	6391.0
74-75	8020.0
76-77	9675.0
78-79	12784.0
80-81	19017.0
82-83	28942.0
84-85	39144.0
86-87	49274.0
88-89	65462.0
90-91	92818.0
92-93	130549.0
94-95	270867.0
96-97	2208256.0
98-99	0.0
100-101	7.945733E7
>>END_MODULE
>>Sequence Duplication Levels	fail
#Total Deduplicated Percentage	36.05293164731982
#Duplication Level	Percentage of deduplicated	Percentage of total
1	68.12533020027554	24.561178731616263
2	14.000102765815917	10.094894961428286
3	5.900857899194378	6.382296795006062
4	3.1689510425188674	4.569999013185424
5	1.976283145062608	3.562540057234622
6	1.2869386177928095	2.7838746012948246
7	0.9111214302705019	2.299401905356547
8	0.6807462416953595	1.9634318176810124
9	0.5141091115857455	1.6681626593338679
>10	3.025597796800176	20.105311949453927
>50	0.24524614253663085	6.108982409803251
>100	0.14937672727521145	10.18749335408831
>500	0.010791087990070225	2.628630958150219
>1k	0.004399713244727821	2.609515661683428
>5k	1.2115467948777629E-4	0.2810080153337832
>10k+	2.6923262108394735E-5	0.19327710935011072
>>END_MODULE
>>Overrepresented sequences	pass
>>END_MODULE
>>Adapter Content	pass
#Position	Illumina Universal Adapter	Illumina Small RNA 3' Adapter	Illumina Small RNA 5' Adapter	Nextera Transposase Sequence	SOLID Small RNA Adapter
1	0.0	1.5771384225762367E-5	0.0	7.279100411890323E-6	0.0
2	0.0	9.705467215853765E-5	0.0	4.246141906936022E-5	0.0
3	3.6395502059451617E-6	1.0554695597240968E-4	0.0	4.73141526772871E-5	1.2131834019817206E-6
4	1.2131834019817206E-5	1.1282605638430001E-4	0.0	5.216688628521398E-5	4.8527336079268825E-6
5	1.2131834019817206E-5	1.2010515679619033E-4	0.0	5.216688628521398E-5	6.065917009908603E-6
6	1.4558200823780647E-5	1.2738425720808065E-4	0.0	5.580643649115914E-5	8.492283813872043E-6
7	1.4558200823780647E-5	1.722720430814043E-4	0.0	5.580643649115914E-5	9.705467215853765E-6
8	1.5771384225762367E-5	2.0260162813094733E-4	0.0	5.823280329512259E-5	9.705467215853765E-6
9	1.941093443170753E-5	2.2807847957256346E-4	0.0	6.0659170099086024E-5	1.0918650617835485E-5
10-11	2.183730123567097E-5	2.47489414004271E-4	0.0	6.247894520205861E-5	1.1525242318826346E-5
12-13	2.183730123567097E-5	2.717530820439054E-4	0.0	6.429872030503118E-5	1.2738425720808065E-5
14-15	2.9722993348552154E-5	3.2634633513308283E-4	6.065917009908603E-7	6.490531200602204E-5	1.3345017421798926E-5
16-17	3.578891035846075E-5	3.7730003801631504E-4	1.2131834019817206E-6	7.279100411890323E-5	1.3345017421798926E-5
18-19	4.42811941723328E-5	3.894318720361323E-4	1.819775102972581E-6	7.94635128298027E-5	1.3345017421798926E-5
20-21	5.03471111822414E-5	3.9792415585000436E-4	2.4263668039634413E-6	8.2496471334757E-5	1.3951609122789787E-5
22-23	6.0052578398095166E-5	4.076296230658581E-4	2.4263668039634413E-6	9.705467215853763E-5	1.4558200823780647E-5
24-25	6.672508710899463E-5	4.191548653846844E-4	2.4263668039634413E-6	1.1707219829123603E-4	1.6984567627744086E-5
26-27	7.279100411890323E-5	4.2764714919855647E-4	2.4263668039634413E-6	1.279908489090715E-4	1.880434273071667E-5
28-29	8.128328793277528E-5	4.3613943301242853E-4	2.4263668039634413E-6	1.3769631612492526E-4	2.062411783368925E-5
30-31	9.887444726151022E-5	4.434185334243188E-4	2.4263668039634413E-6	1.4558200823780646E-4	2.123070953468011E-5
32-33	1.1707219829123602E-4	4.579767342480995E-4	2.4263668039634413E-6	1.498281501447425E-4	2.305048463765269E-5
34-35	1.2981062401204408E-4	4.925524612045785E-4	2.4263668039634413E-6	1.5225451694870592E-4	2.4870259740625273E-5
36-37	1.4982815014474247E-4	5.331941051709662E-4	2.4263668039634413E-6	1.5468088375266938E-4	2.8509809946570432E-5
38-39	1.6559953437050487E-4	5.489654893967285E-4	2.4263668039634413E-6	1.5953361736059624E-4	3.0329585049543012E-5
40-41	1.8743683560617583E-4	5.60490731715555E-4	2.4263668039634413E-6	1.6256657586555056E-4	3.3362543554497314E-5
42-43	2.001752613269839E-4	5.768687076423082E-4	2.4263668039634413E-6	1.7469840988536777E-4	3.396913525548817E-5
44-45	2.1776642065571885E-4	5.859675831571709E-4	2.4263668039634413E-6	1.7651818498834034E-4	3.5182318657469894E-5
46-47	2.317180297785086E-4	6.090180677948237E-4	2.4263668039634413E-6	1.8258410199824894E-4	3.8215277162424196E-5
48-49	2.4809600570526184E-4	6.442003864522936E-4	2.4263668039634413E-6	1.9168297751311184E-4	3.882186886341506E-5
50-51	2.626542065290425E-4	6.666442793889554E-4	2.4263668039634413E-6	1.9714230282202958E-4	4.0035052265396775E-5
52-53	2.784255907548049E-4	7.254836743850689E-4	2.4263668039634413E-6	2.0442140323391993E-4	4.064164396638764E-5
54-55	2.990497085884941E-4	8.279976718525243E-4	2.4263668039634413E-6	2.104873202438285E-4	4.12482356673785E-5
56-57	3.208870098241651E-4	8.850172917456652E-4	3.6395502059451617E-6	2.2019278745968228E-4	4.246141906936022E-5
58-59	3.3847816915290004E-4	9.778258219972668E-4	3.6395502059451617E-6	2.365707633864355E-4	4.488778587332366E-5
60-61	3.566759201826258E-4	0.0010281729331795082	3.6395502059451617E-6	2.808519575587683E-4	4.610096927530538E-5
62-63	3.797264048202785E-4	0.001120374871730119	3.6395502059451617E-6	3.142145011132656E-4	4.610096927530538E-5
64-65	4.088428064678398E-4	0.0011670824327064152	3.6395502059451617E-6	3.4939681977073553E-4	4.9740519481250545E-5
66-67	4.318932911054925E-4	0.0011961988343539764	3.6395502059451617E-6	3.748736712123516E-4	5.7019619893140865E-5
68-69	4.597965093510721E-4	0.0012101504434767663	3.6395502059451617E-6	3.985307475509952E-4	5.823280329512259E-5
70-71	4.7556789357683447E-4	0.001233200928114419	3.6395502059451617E-6	4.2886033260053824E-4	6.55119037070129E-5
72-73	5.028645201214231E-4	0.001272022796977834	3.6395502059451617E-6	4.6950197656692584E-4	6.672508710899463E-5
74-75	5.441127557888016E-4	0.0013029589737283678	3.6395502059451617E-6	4.8284699398872476E-4	6.793827051097634E-5
76-77	5.701961989314087E-4	0.001345420392797728	3.6395502059451617E-6	4.913392778025968E-4	7.157782071692152E-5
78-79	5.908203167650979E-4	0.0013569456351165544	3.6395502059451617E-6	4.943722363075511E-4	7.279100411890323E-5
80-81	6.272158188245495E-4	0.0013696840608373624	3.6395502059451617E-6	5.016513367194415E-4	7.400418752088495E-5
82-83	7.200243490761511E-4	0.0013854554450631249	3.6395502059451617E-6	5.046842952243957E-4	7.461077922187582E-5
84-85	7.98881270204963E-4	0.0014267036807305033	3.6395502059451617E-6	5.198490877491673E-4	7.521737092286668E-5
86-87	8.304240386564877E-4	0.0014637057744909458	4.246141906936022E-6	5.841478080541985E-4	7.643055432484839E-5
88-89	8.316372220584694E-4	0.0014752310168097723	5.459325308917743E-6	6.071982926918511E-4	7.825032942782098E-5
>>END_MODULE
