##FastQC	0.11.8
>>Basic Statistics	pass
#Measure	Value
Filename	forward.gz
File type	Conventional base calls
Encoding	Sanger / Illumina 1.9
Total Sequences	50084443
Sequences flagged as poor quality	0
Sequence length	100
%GC	49
>>END_MODULE
>>Per base sequence quality	pass
#Base	Mean	Median	Lower Quartile	Upper Quartile	10th Percentile	90th Percentile
1	32.48059777763726	33.0	33.0	33.0	33.0	33.0
2	32.539949181425456	33.0	33.0	33.0	33.0	33.0
3	31.83446933811363	33.0	33.0	33.0	27.0	33.0
4	36.08521823832602	37.0	37.0	37.0	33.0	37.0
5	36.3701690562876	37.0	37.0	37.0	37.0	37.0
6	36.41622130049445	37.0	37.0	37.0	37.0	37.0
7	36.4156785970446	37.0	37.0	37.0	37.0	37.0
8	36.41486610922278	37.0	37.0	37.0	37.0	37.0
9	36.41272017340794	37.0	37.0	37.0	37.0	37.0
10-11	36.42934636409953	37.0	37.0	37.0	37.0	37.0
12-13	36.39881803217818	37.0	37.0	37.0	37.0	37.0
14-15	38.446745619193564	40.0	37.0	40.0	37.0	40.0
16-17	38.441137240959236	40.0	37.0	40.0	37.0	40.0
18-19	38.42253986931631	40.0	37.0	40.0	37.0	40.0
20-21	38.389925310739706	40.0	37.0	40.0	37.0	40.0
22-23	38.34092038320163	40.0	37.0	40.0	37.0	40.0
24-25	38.29970127650217	40.0	37.0	40.0	37.0	40.0
26-27	38.21083457991137	40.0	37.0	40.0	37.0	40.0
28-29	38.12894871367543	40.0	37.0	40.0	33.0	40.0
30-31	38.03378775720836	40.0	37.0	40.0	33.0	40.0
32-33	37.96525437050383	40.0	37.0	40.0	33.0	40.0
34-35	37.88028703843227	40.0	37.0	40.0	33.0	40.0
36-37	37.79937647504635	40.0	37.0	40.0	33.0	40.0
38-39	37.711773614014234	40.0	37.0	40.0	33.0	40.0
40-41	37.59888838136824	40.0	37.0	40.0	33.0	40.0
42-43	37.626922825117575	40.0	37.0	40.0	33.0	40.0
44-45	37.55707954064698	40.0	37.0	40.0	33.0	40.0
46-47	37.422279778573156	40.0	37.0	40.0	33.0	40.0
48-49	37.29892912056544	40.0	37.0	40.0	33.0	40.0
50-51	37.17487637827978	40.0	37.0	40.0	33.0	40.0
52-53	37.092805135119505	37.0	37.0	40.0	33.0	40.0
54-55	36.939782029721286	37.0	37.0	40.0	33.0	40.0
56-57	36.734806015512646	37.0	37.0	40.0	33.0	40.0
58-59	36.61058427863519	37.0	37.0	40.0	33.0	40.0
60-61	36.427554430424635	37.0	37.0	40.0	33.0	40.0
62-63	36.2106717748663	37.0	37.0	40.0	33.0	40.0
64-65	35.9846748021137	37.0	37.0	40.0	33.0	40.0
66-67	35.74832287742523	37.0	37.0	38.5	33.0	40.0
68-69	35.51286783802308	37.0	35.0	37.0	33.0	40.0
70-71	35.287242527584866	37.0	33.0	37.0	33.0	40.0
72-73	35.05754563348144	37.0	33.0	37.0	33.0	40.0
74-75	34.83689111806635	37.0	33.0	37.0	33.0	37.0
76-77	34.082089761884745	37.0	33.0	37.0	27.0	37.0
78-79	34.46799978388499	37.0	33.0	37.0	27.0	37.0
80-81	34.4349353251268	37.0	33.0	37.0	27.0	37.0
82-83	34.32028281716141	37.0	33.0	37.0	27.0	37.0
84-85	34.19617906103099	37.0	33.0	37.0	27.0	37.0
86-87	34.06179285052646	37.0	33.0	37.0	27.0	37.0
88-89	33.97133109776223	37.0	33.0	37.0	27.0	37.0
90-91	33.86067239481929	37.0	33.0	37.0	27.0	37.0
92-93	33.749636359138506	37.0	33.0	37.0	27.0	37.0
94-95	33.62522244681847	37.0	33.0	37.0	27.0	37.0
96-97	33.50273460164067	37.0	33.0	37.0	27.0	37.0
98-99	33.34633926147487	37.0	33.0	37.0	27.0	37.0
100	32.41558208004829	33.0	33.0	37.0	27.0	37.0
>>END_MODULE
>>Per sequence quality scores	pass
#Quality	Count
2	165.0
3	93.0
4	169.0
5	412.0
6	1050.0
7	2848.0
8	6802.0
9	12627.0
10	19012.0
11	24009.0
12	28432.0
13	32388.0
14	37194.0
15	42257.0
16	48682.0
17	54132.0
18	60189.0
19	66488.0
20	75153.0
21	86989.0
22	103808.0
23	129521.0
24	166491.0
25	216871.0
26	283059.0
27	367426.0
28	472329.0
29	608078.0
30	777583.0
31	1004721.0
32	1316113.0
33	1758506.0
34	2392784.0
35	3465607.0
36	6306329.0
37	1.5566433E7
38	1.450615E7
39	43543.0
>>END_MODULE
>>Per base sequence content	fail
#Base	G	A	T	C
1	19.964896314632618	13.9750097571299	14.17005443409346	51.89003949414403
2	20.742293999048528	20.197334337823598	37.260192242137634	21.800179420990244
3	25.103943826557224	23.25084588352657	24.472255353768208	27.172954936148003
4	25.196623438404753	30.152617656249774	20.178368367932865	24.472390537412604
5	29.447929869787487	30.614899231964966	21.441965381898896	18.495205516348655
6	23.247526182930695	33.67177109267243	21.230023462574994	21.850679261821877
7	20.296961273982824	16.937087630184884	39.89949733493093	22.866453760901365
8	21.263043948206423	20.97811709279009	28.213399161372156	29.545439797631335
9	21.59966996497371	20.387307971321437	30.99424149816287	27.018780565541977
10-11	25.64796553977919	29.02038288757091	21.048808296952256	24.28284327569764
12-13	23.501600059355816	23.37823428105107	27.432541259560463	25.68762440003265
14-15	24.358427996647563	24.65565865045417	26.271814079051886	24.714099273846376
16-17	25.175046870342555	24.787541312978163	25.2225236886432	24.814888128036085
18-19	24.85891976476608	25.062776479315147	25.154003409801323	24.924300346117455
20-21	24.8499880616592	25.307735105423628	25.31256195475758	24.52971487815959
22-23	24.65028271785707	25.378140312594432	25.454976635931537	24.516600333616957
24-25	24.512548828726036	25.38733661558783	25.41326585972905	24.686848695957085
26-27	24.448987458177328	25.50666075462579	25.486260120513986	24.558091666682888
28-29	24.69319677006714	25.102081723001433	25.402048956139545	24.80267255079188
30-31	24.348743002472176	25.34312325435592	25.496449290224472	24.811684452947436
32-33	24.48697057515744	25.344920006018896	25.537329787247533	24.63077963157613
34-35	24.84413489898593	25.263992430098387	25.16057432114984	24.731298349765844
36-37	24.693967334956145	25.278832745701585	25.222896312509658	24.80430360683261
38-39	24.530241777305385	25.34915402234887	25.46278220113878	24.65782199920697
40-41	24.625979033629335	25.154341167226473	25.41330646560292	24.80637333354127
42-43	24.41921593137353	25.18850514578732	25.603874216750068	24.788404706089082
44-45	24.48923521521433	25.406871013645837	25.59531162810163	24.5085821430382
46-47	24.60923128493039	25.296951118289616	25.384510082119572	24.709307514660416
48-49	24.521019150248886	25.32553326584523	25.407989553320594	24.74545803058529
50-51	24.66527162650685	25.27051515493855	25.48063474287338	24.583578475681218
52-53	24.628586550031624	25.310064986553133	25.31977967045009	24.74156879296515
54-55	24.443687020763647	25.338098986072676	25.417548273188984	24.800665719974695
56-57	24.526997181835974	25.31238401324166	25.540949535492828	24.619669269429533
58-59	24.613033575088767	25.26570524311199	25.42848794799334	24.692773233805905
60-61	24.45342454963492	25.361101695788573	25.547630929546234	24.63784282503027
62-63	24.47441063049916	25.382849780040296	25.567799430355638	24.574940159104905
64-65	24.560598269366732	25.303372737234643	25.503317260270286	24.632711733128343
66-67	24.447646375294465	25.435008869093718	25.404306066995712	24.713038688616102
68-69	24.548556992546217	25.50460258501346	25.423503935570192	24.523336486870136
70-71	24.59516509798337	25.415564674822495	25.377540496468757	24.611729730725383
72-73	24.47193632561712	25.454823367008395	25.46876881509893	24.604471492275557
74-75	24.579189140131493	25.589268378917783	25.407653079937788	24.423889401012932
76-77	24.660240103043634	25.428336356862165	25.400777882731703	24.510645657362502
78-79	24.52600191551043	25.25902702784079	25.584261678966648	24.630709377682134
80-81	24.645782789375147	25.469544394426357	25.534784712939203	24.349888103259293
82-83	24.664884854565525	25.397260247986353	25.441826683720333	24.496028213727794
84-85	24.514261172852812	25.409994514526403	25.492706013725545	24.58303829889524
86-87	24.45827203461427	25.59282710948817	25.470256465709053	24.478644390188506
88-89	24.591053943149817	25.484614615552832	25.30597896489254	24.618352476404816
90-91	24.482934518321052	25.53308383021597	25.31312506777896	24.67085658368402
92-93	24.4545336088795	25.560580801923706	25.55175486860796	24.43313072058883
94-95	24.667666435251448	25.575992462977826	25.239978805220165	24.51636229655056
96-97	24.511831190474958	25.4912838597725	25.357504432606675	24.639380517145863
98-99	24.58954065872778	25.58074238136375	25.447790820881544	24.381926139026923
100	24.51271394817576	25.453087807187707	25.258418572378226	24.775779672258302
>>END_MODULE
>>Per sequence GC content	pass
#GC Content	Count
0	7.0
1	7.5
2	6.5
3	7.0
4	10.0
5	13.5
6	28.0
7	47.5
8	67.0
9	93.0
10	113.0
11	169.0
12	246.5
13	340.0
14	514.5
15	802.5
16	1403.5
17	2400.5
18	4289.5
19	7510.5
20	12606.5
21	20359.0
22	32319.0
23	48542.0
24	70915.0
25	100846.5
26	135470.0
27	175114.5
28	226010.0
29	281040.5
30	335734.5
31	391565.0
32	455307.5
33	528938.5
34	600364.5
35	684894.5
36	784812.0
37	902968.0
38	1021743.5
39	1126469.5
40	1225591.5
41	1352793.5
42	1536452.5
43	1682101.0
44	1774263.0
45	1867073.5
46	1905629.0
47	1864919.0
48	1838394.5
49	1812977.5
50	1787873.0
51	1810027.5
52	1810762.5
53	1763047.0
54	1698009.5
55	1657340.0
56	1581105.5
57	1452450.0
58	1363726.0
59	1299275.0
60	1217198.0
61	1118682.5
62	1004098.5
63	913458.0
64	824207.0
65	715681.5
66	612078.0
67	517658.0
68	434312.0
69	356381.0
70	286326.5
71	227337.0
72	185373.5
73	150262.0
74	120135.5
75	98044.0
76	78634.0
77	60966.5
78	45389.0
79	31869.0
80	20858.0
81	12234.5
82	6792.5
83	3733.5
84	1901.5
85	1004.5
86	645.0
87	434.0
88	272.5
89	192.5
90	128.0
91	85.0
92	59.0
93	41.0
94	31.0
95	18.5
96	7.5
97	4.0
98	2.0
99	1.5
100	1.0
>>END_MODULE
>>Per base N content	pass
#Base	N-Count
1	0.08807724985580852
2	3.993255949756694E-6
3	8.385837494489058E-4
4	3.993255949756694E-6
5	1.796965177390512E-5
6	0.0
7	0.0
8	1.996627974878347E-5
9	1.237909344424575E-4
10-11	5.590558329659372E-5
12-13	1.018280267187957E-4
14-15	5.490726930915455E-4
16-17	0.0
18-19	0.0
20-21	2.4957849685979337E-5
22-23	1.1580442254294412E-4
24-25	1.3477238830428843E-4
26-27	4.3027332858628373E-4
28-29	6.109681603127742E-4
30-31	0.011708226444686626
32-33	0.024248048440910084
34-35	0.02487399131103445
36-37	0.012318196291011963
38-39	0.011492590623399765
40-41	0.011046344271014455
42-43	0.009270343687360166
44-45	0.0031067531289107084
46-47	0.0032365339472778007
48-49	0.003080796965237289
50-51	0.0025896264834172162
52-53	9.314269502807489E-4
54-55	0.001841889306825275
56-57	0.014648261137694994
58-59	0.029205675702533018
60-61	0.024756190260516626
62-63	0.01619564781822571
64-65	0.015578689773988302
66-67	0.021638455677744084
68-69	0.02414422378621641
70-71	0.003664810647889206
72-73	0.0
74-75	1.1979767849270083E-5
76-77	5.989883924635041E-5
78-79	2.8451948642016446E-4
80-81	0.006886369885355419
82-83	0.010533210881470719
84-85	0.027986734323869788
86-87	0.0233335928284158
88-89	0.016956363076654362
90-91	0.00873325076211789
92-93	0.009490971078584222
94-95	0.008359881330815638
96-97	0.009971160106542464
98-99	7.287692108305966E-5
100	1.996627974878347E-6
>>END_MODULE
>>Sequence Length Distribution	pass
#Length	Count
100	5.0084443E7
>>END_MODULE
>>Sequence Duplication Levels	fail
#Total Deduplicated Percentage	35.40279246690406
#Duplication Level	Percentage of deduplicated	Percentage of total
1	71.01294154709396	25.140564320561566
2	14.004364734732198	9.915872366691078
3	5.330254898280059	5.661177238785234
4	2.636228193993871	3.7331935858946528
5	1.5481185589233937	2.7403860027863747
6	1.037130492338244	2.203038934880933
7	0.6814590067454059	1.6887886253357125
8	0.5100757392655415	1.4446484431696505
9	0.396143327611963	1.26221220131356
>10	2.368058429484839	15.968782602248362
>50	0.2482070978721818	6.1413993405132645
>100	0.19977904637489097	14.019981323644146
>500	0.018621121633115932	4.5123203503566165
>1k	0.008396884335379492	5.0559737124101245
>5k	2.2092131489663945E-4	0.5116609514085306
>10k+	0.0	0.0
>>END_MODULE
>>Overrepresented sequences	pass
>>END_MODULE
>>Adapter Content	pass
#Position	Illumina Universal Adapter	Illumina Small RNA 3' Adapter	Illumina Small RNA 5' Adapter	Nextera Transposase Sequence	SOLID Small RNA Adapter
1	4.3925815447323635E-5	1.5973023799026776E-5	0.0	9.983139874391735E-6	0.0
2	8.186174697001222E-5	5.590558329659371E-5	0.0	5.590558329659371E-5	0.0
3	1.836897736888079E-4	6.38920951961071E-5	0.0	5.989883924635041E-5	0.0
4	9.344218922430664E-4	6.78853511458638E-5	0.0	7.587186304537718E-5	0.0
5	0.0011480610855550495	7.187860709562048E-5	0.0	7.986511899513388E-5	0.0
6	0.001599299007877556	7.387523507049884E-5	0.0	7.986511899513388E-5	0.0
7	0.0017250865702948918	1.0781791064343074E-4	0.0	8.385837494489057E-5	0.0
8	0.002002617858802982	1.0781791064343074E-4	0.0	8.585500291976892E-5	0.0
9	0.0022581862395874104	1.0981453861830908E-4	0.0	8.785163089464727E-5	0.0
10-11	0.0031566688282826665	1.1480610855550496E-4	0.0	8.984825886952561E-5	2.9949419623175208E-6
12-13	0.0042208715388928255	1.2578756241733585E-4	9.983139874391735E-7	9.284320083184313E-5	3.993255949756694E-6
14-15	0.00558057518978498	1.4775047014099768E-4	1.996627974878347E-6	9.783477076903899E-5	3.993255949756694E-6
16-17	0.007252751118745595	1.6671843590234197E-4	1.996627974878347E-6	1.0881622463086992E-4	7.986511899513388E-6
18-19	0.008821102393012537	1.6771674988978115E-4	1.996627974878347E-6	1.1879936450526164E-4	9.983139874391735E-6
20-21	0.010136880228457367	1.8468808767624709E-4	1.996627974878347E-6	1.2279262045501832E-4	1.3976395824148428E-5
22-23	0.011612388301892465	2.0265773945015223E-4	1.996627974878347E-6	1.287825043796534E-4	1.4974709811587602E-5
24-25	0.012860280786191433	2.1164256533710477E-4	1.996627974878347E-6	1.4176058621636261E-4	1.5973023799026776E-5
26-27	0.014056260943143562	2.1763244926173984E-4	1.996627974878347E-6	1.4775047014099768E-4	1.5973023799026776E-5
28-29	0.015310143311367165	2.296122171110099E-4	1.996627974878347E-6	1.5174372609075436E-4	1.996627974878347E-5
30-31	0.016555040853703816	2.3460378704820577E-4	1.996627974878347E-6	1.5374035406563272E-4	2.3959535698540163E-5
32-33	0.017735047986856916	2.485801828723542E-4	1.996627974878347E-6	1.5573698204051107E-4	2.595616367341851E-5
34-35	0.01878227935968061	2.635548926839418E-4	1.996627974878347E-6	1.577336100153894E-4	2.595616367341851E-5
36-37	0.019936330329160295	2.855178004076036E-4	1.996627974878347E-6	1.5973023799026776E-4	2.595616367341851E-5
38-39	0.021022495947494113	2.9949419623175207E-4	1.996627974878347E-6	1.627251799525853E-4	2.7952791648296856E-5
40-41	0.0221076632518405	3.054840801563871E-4	1.996627974878347E-6	1.6372349394002444E-4	2.7952791648296856E-5
42-43	0.0232647091632825	3.1047565009358297E-4	1.996627974878347E-6	1.6771674988978115E-4	2.7952791648296856E-5
44-45	0.024406780364912915	3.2145710395541387E-4	1.996627974878347E-6	1.737066338144162E-4	2.7952791648296856E-5
46-47	0.02559776895192785	3.414233837041973E-4	1.996627974878347E-6	1.7570326178929454E-4	2.895110563573603E-5
48-49	0.026822700214515716	3.633862914278591E-4	1.996627974878347E-6	1.8269145970136873E-4	3.094773361061438E-5
50-51	0.02810952694432481	3.813559432017643E-4	1.996627974878347E-6	1.9067797160088215E-4	3.893424551012776E-5
52-53	0.02946024576933001	4.133019907998178E-4	1.996627974878347E-6	1.9367291356319966E-4	4.592244342220198E-5
54-55	0.030976684716250112	4.512379223225064E-4	1.996627974878347E-6	1.9666785552551716E-4	4.9915699371958674E-5
56-57	0.032625899423499624	4.702058880838507E-4	1.996627974878347E-6	2.036560534375914E-4	5.191232734683702E-5
58-59	0.03440289832114136	4.931671097949516E-4	1.996627974878347E-6	2.106442513496656E-4	5.191232734683702E-5
60-61	0.03630268983923811	5.011536216944651E-4	1.996627974878347E-6	2.336054730607666E-4	5.191232734683702E-5
62-63	0.03838117956108646	5.340979832799578E-4	1.996627974878347E-6	2.465835548974758E-4	5.291064133427619E-5
64-65	0.040662327022384974	5.480743791041061E-4	1.996627974878347E-6	2.595616367341851E-4	5.490726930915454E-5
66-67	0.04301135983482935	5.590558329659371E-4	1.996627974878347E-6	2.635548926839418E-4	5.790221127147206E-5
68-69	0.04556404870071132	5.690389728403289E-4	1.996627974878347E-6	2.745363465457727E-4	5.989883924635041E-5
70-71	0.048545014267204686	5.920001945514298E-4	1.996627974878347E-6	2.895110563573603E-4	6.189546722122875E-5
72-73	0.05196723461614618	6.149614162625309E-4	1.996627974878347E-6	2.9949419623175207E-4	6.688703715842462E-5
74-75	0.05596248719387775	6.289378120866792E-4	1.996627974878347E-6	3.0149082420663037E-4	6.988197912074214E-5
76-77	0.06015440762713484	6.459091498731452E-4	2.9949419623175208E-6	3.0248913819406955E-4	6.988197912074214E-5
78-79	0.06524880390503693	6.518990337977803E-4	3.993255949756694E-6	3.034874521815087E-4	7.088029310818131E-5
80-81	0.07164999319249693	6.658754296219288E-4	3.993255949756694E-6	3.1347059205590045E-4	7.88668050076947E-5
82-83	0.0801027177241444	6.788535114586379E-4	3.993255949756694E-6	3.2145710395541387E-4	7.986511899513388E-5
84-85	0.09114407042522166	6.998181051948606E-4	3.993255949756694E-6	3.404250697167582E-4	7.986511899513388E-5
86-87	0.10433179819929314	7.147928150064482E-4	5.989883924635041E-6	3.773626872520076E-4	7.986511899513388E-5
88-89	0.1203806938613653	7.237776408934007E-4	6.988197912074214E-6	3.9633065301335186E-4	8.385837494489056E-5
>>END_MODULE
