##FastQC	0.11.8
>>Basic Statistics	pass
#Measure	Value
Filename	SRR3184288_reverse.gz
File type	Conventional base calls
Encoding	Sanger / Illumina 1.9
Total Sequences	66594303
Sequences flagged as poor quality	0
Sequence length	100
%GC	50
>>END_MODULE
>>Per base sequence quality	pass
#Base	Mean	Median	Lower Quartile	Upper Quartile	10th Percentile	90th Percentile
1	31.977961943681578	33.0	33.0	33.0	33.0	33.0
2	31.944352522166948	33.0	33.0	33.0	33.0	33.0
3	31.952013057333147	33.0	33.0	33.0	33.0	33.0
4	35.72975805452908	37.0	37.0	37.0	33.0	37.0
5	35.70840163309465	37.0	37.0	37.0	33.0	37.0
6	35.6730130653969	37.0	37.0	37.0	33.0	37.0
7	35.657047465456614	37.0	37.0	37.0	33.0	37.0
8	35.65011927521788	37.0	37.0	37.0	33.0	37.0
9	35.63514227335632	37.0	37.0	37.0	33.0	37.0
10-11	35.651487380234315	37.0	37.0	37.0	33.0	37.0
12-13	35.59787242611429	37.0	37.0	37.0	33.0	37.0
14-15	37.47854536445858	40.0	37.0	40.0	33.0	40.0
16-17	37.44596883910626	40.0	37.0	40.0	33.0	40.0
18-19	37.40679201943145	40.0	37.0	40.0	33.0	40.0
20-21	37.35677595424342	40.0	37.0	40.0	33.0	40.0
22-23	37.27412666215607	40.0	37.0	40.0	33.0	40.0
24-25	37.19280586959518	40.0	37.0	40.0	33.0	40.0
26-27	37.11495947333513	40.0	37.0	40.0	33.0	40.0
28-29	37.027624547703425	40.0	37.0	40.0	33.0	40.0
30-31	36.93936682541748	40.0	37.0	40.0	33.0	40.0
32-33	36.83194920592531	40.0	37.0	40.0	33.0	40.0
34-35	36.70767631579536	40.0	37.0	40.0	33.0	40.0
36-37	36.59407740178615	40.0	37.0	40.0	33.0	40.0
38-39	36.469281238666916	40.0	37.0	40.0	33.0	40.0
40-41	36.32552506030433	40.0	37.0	40.0	33.0	40.0
42-43	36.1393124949442	38.5	37.0	40.0	33.0	40.0
44-45	35.97423481555171	37.0	37.0	40.0	33.0	40.0
46-47	35.78848930215547	37.0	37.0	40.0	27.0	40.0
48-49	35.592461182452794	37.0	37.0	40.0	27.0	40.0
50-51	35.00857832388455	37.0	35.0	40.0	27.0	40.0
52-53	34.90427702201493	37.0	33.0	40.0	27.0	40.0
54-55	34.999826711903566	37.0	33.0	40.0	27.0	40.0
56-57	34.91713723619872	37.0	33.0	40.0	27.0	40.0
58-59	34.90974824077669	37.0	33.0	40.0	27.0	40.0
60-61	34.861788402530465	37.0	33.0	40.0	27.0	40.0
62-63	34.673039291364006	37.0	33.0	40.0	27.0	40.0
64-65	34.45092008846463	37.0	33.0	38.5	27.0	40.0
66-67	34.21630891609452	37.0	33.0	37.0	27.0	40.0
68-69	33.97103557041508	37.0	33.0	37.0	27.0	40.0
70-71	33.73757114779022	37.0	33.0	37.0	27.0	40.0
72-73	33.48893754470258	37.0	33.0	37.0	27.0	40.0
74-75	33.26292797898944	37.0	33.0	37.0	27.0	37.0
76-77	33.041307925394165	37.0	33.0	37.0	27.0	37.0
78-79	32.87117349963104	37.0	33.0	37.0	27.0	37.0
80-81	32.78389468991064	37.0	33.0	37.0	27.0	37.0
82-83	32.63459943412877	37.0	33.0	37.0	27.0	37.0
84-85	32.48439229854242	37.0	33.0	37.0	22.0	37.0
86-87	32.345191652505164	37.0	33.0	37.0	22.0	37.0
88-89	32.21275064625273	37.0	33.0	37.0	22.0	37.0
90-91	32.06060794719933	37.0	33.0	37.0	22.0	37.0
92-93	31.921932653908847	37.0	33.0	37.0	22.0	37.0
94-95	31.767744269355894	37.0	33.0	37.0	22.0	37.0
96-97	31.586990744538614	37.0	33.0	37.0	18.5	37.0
98-99	31.40561841303452	37.0	33.0	37.0	15.0	37.0
100	30.550360561623418	33.0	33.0	37.0	15.0	37.0
>>END_MODULE
>>Per sequence quality scores	pass
#Quality	Count
2	576325.0
3	136300.0
4	107806.0
5	102872.0
6	104328.0
7	112291.0
8	118979.0
9	127725.0
10	139726.0
11	143106.0
12	147459.0
13	147745.0
14	149380.0
15	151870.0
16	155281.0
17	158935.0
18	164512.0
19	171572.0
20	183533.0
21	206015.0
22	238964.0
23	286484.0
24	349093.0
25	423087.0
26	513996.0
27	626227.0
28	760575.0
29	937578.0
30	1173644.0
31	1505860.0
32	1974550.0
33	2642900.0
34	3608705.0
35	5257810.0
36	9142006.0
37	1.8442979E7
38	1.5346896E7
39	57189.0
>>END_MODULE
>>Per base sequence content	fail
#Base	G	A	T	C
1	25.643543652112637	12.095379450541493	13.865123836473748	48.395953060872124
2	23.363276497003234	18.42460630331661	36.33903739886446	21.873079800815685
3	28.513970452507564	21.747164832688195	23.041818341085555	26.69704637371868
4	29.099950264374897	28.70842936682013	18.41681436683464	23.77480600197033
5	30.07149971409226	29.915895717130454	20.39511455983612	19.617490008941164
6	24.012959277938574	32.903121328161475	20.543328641961555	22.540590751938396
7	20.80490610305022	16.678461860949465	38.68487922260925	23.831752813391063
8	21.788287630871576	20.498550572947202	27.299901581974456	30.413260214206765
9	22.7329596003636	20.10018010293104	29.727799693573715	27.439060603131644
10-11	26.281657079132852	28.705598605572124	20.317384593834102	24.695359721460918
12-13	24.314013878654766	22.752818799801233	26.797339104269476	26.135828217274526
14-15	24.981339921109992	24.18781870350817	25.790552372170282	25.04028900321156
16-17	25.61312632126102	24.44788937208509	24.791830801350617	25.147153505303272
18-19	25.35928259850572	24.72679659119085	24.683932751019803	25.22998805928362
20-21	25.555931465793826	24.681132598950402	24.742005845702465	25.020930089553307
22-23	25.331529251883133	25.05285771984361	24.911373479972607	24.704239548300645
24-25	25.336563180379752	25.070243729714097	24.779036599355145	24.814156490551
26-27	25.118800256354966	25.05040635149201	24.983416173520194	24.847377218632833
28-29	25.049528850563913	24.853177301082404	24.948217838794953	25.14907600955873
30-31	25.026973956679882	24.920314206830714	24.843466916827374	25.209244919662034
32-33	25.104128536953972	25.003508763751647	24.89745225820065	24.994910441093726
34-35	25.24588596283354	24.989581101676755	24.736950026740214	25.02758290874949
36-37	25.03680285657853	24.791647977356266	24.924639549980128	25.246909616085077
38-39	24.965013800870025	24.88850829956719	24.978142413165106	25.16833548639768
40-41	25.299468699519416	24.87809090054742	24.788036173663823	25.03440422626934
42-43	25.028046460140942	24.769764040226043	25.05535882801984	25.146830671613174
44-45	24.97752780254637	25.027668457226376	25.012458278124562	24.982345462102693
46-47	25.309178876872757	24.907365459463417	24.825407207109404	24.958048456554423
48-49	25.10236856542581	24.859504738020412	24.880775259097195	25.157351437456583
50-51	25.083837105909733	24.9523112004256	24.898053775427528	25.065797918237138
52-53	25.187532704471057	25.07613409864064	24.606763560581726	25.12956963630658
54-55	25.049137928350806	24.870726962818015	24.860127502424994	25.22000760640618
56-57	25.108733002440037	24.835264516758834	24.818783091670056	25.23721938913107
58-59	25.292208491946955	24.915782270275706	24.73533080004734	25.05667843773
60-61	25.19052940383577	24.85105710844903	24.732084462683176	25.22632902503202
62-63	24.951594586341606	25.00107113083218	24.967836373617956	25.07949790920826
64-65	25.15257024648589	25.010726749497874	24.8755952725602	24.961107731456032
66-67	25.084474594352645	24.941089815903688	24.785385845360324	25.189049744383347
68-69	25.1926762797804	24.93258434696901	24.904417464790363	24.970321908460228
70-71	25.051583478957657	24.971617055441172	24.768666143573096	25.208133322028083
72-73	24.988247279053358	25.03278279768597	24.74423131640701	25.234738606853664
74-75	25.26879449685435	25.101911378657803	24.727853779709758	24.901440344778088
76-77	25.288130061031634	25.01233753084213	24.657222070720227	25.042310337406004
78-79	25.206971468359114	24.834905384960372	24.951063338512242	25.00705980816827
80-81	25.131410058016186	24.990006564477323	24.893694324362578	24.984889053143917
82-83	25.151223298830853	24.9150402220128	24.894812544952796	25.038923934203556
84-85	25.19285418860481	24.9439450693072	24.903567548245174	24.959633193842816
86-87	25.064296064883067	25.1015198452061	24.93411960849402	24.900064481416813
88-89	25.31753257441003	24.989463297509534	24.799863183594116	24.893140944486316
90-91	25.15481530813063	24.929070311707598	24.864666806660882	25.05144757350089
92-93	25.15609569476944	24.973110985343222	24.98448182888521	24.88631149100212
94-95	25.336920995463075	24.845906455152555	24.65613041246334	25.161042136921026
96-97	25.19835514412227	24.838374957586215	24.640095194859025	25.323174703432482
98-99	25.206087914170517	24.870637824301745	24.939223888153155	24.984050373374583
100	25.346248947799584	24.84821769242766	24.557734426944993	25.247798932827763
>>END_MODULE
>>Per sequence GC content	pass
#GC Content	Count
0	49291.0
1	37109.0
2	16041.0
3	6106.5
4	4144.5
5	2410.0
6	1273.5
7	910.5
8	853.5
9	914.0
10	1036.0
11	1141.0
12	1288.0
13	1489.5
14	1857.5
15	2364.5
16	3262.5
17	4968.0
18	7551.5
19	11913.0
20	19410.5
21	31063.5
22	48025.0
23	70967.0
24	103093.0
25	145734.0
26	197376.0
27	257141.5
28	323071.0
29	395435.0
30	470502.0
31	550939.5
32	641870.0
33	732519.5
34	821199.0
35	924945.0
36	1041076.5
37	1173942.5
38	1295298.0
39	1409851.5
40	1511143.0
41	1586800.5
42	1706550.5
43	1839521.0
44	1955706.5
45	2079599.0
46	2171844.0
47	2206896.0
48	2231860.0
49	2231565.0
50	2223338.0
51	2244775.5
52	2234899.0
53	2193398.0
54	2164301.5
55	2133299.0
56	2096129.5
57	1972888.0
58	1856957.5
59	1821157.0
60	1726769.5
61	1638519.0
62	1538111.5
63	1405999.5
64	1280135.0
65	1142480.0
66	1030366.0
67	920865.0
68	797065.5
69	681470.0
70	561386.5
71	454668.0
72	405904.0
73	360157.5
74	301386.0
75	249321.5
76	207007.5
77	177554.5
78	136236.5
79	98419.0
80	73908.0
81	54176.0
82	35527.5
83	22355.0
84	13452.5
85	8867.5
86	6531.5
87	4608.5
88	3221.0
89	2471.0
90	1910.0
91	1463.0
92	1143.5
93	874.5
94	633.0
95	461.0
96	341.0
97	266.5
98	204.0
99	167.0
100	307.5
>>END_MODULE
>>Per base N content	pass
#Base	N-Count
1	0.06303842537401434
2	0.09966918641674198
3	0.11082329369826124
4	0.12104939366960564
5	0.1277676860736871
6	0.1425332133891393
7	0.1454809129844035
8	0.14616565624239658
9	0.15115407094207445
10-11	0.149204204449741
12-13	0.1486996567859566
14-15	0.14323747783650503
16-17	0.14883405266663727
18-19	0.14319768464278393
20-21	0.14705762443372972
22-23	0.1405675797823126
24-25	0.14044369531129414
26-27	0.13929569921318946
28-29	0.13838120657258024
30-31	0.14052928821854327
32-33	0.13959227112865796
34-35	0.14438096904475448
36-37	0.14374878283507225
38-39	0.14191904673887795
40-41	0.15060147111983438
42-43	0.1510902516691255
44-45	0.1492012011898375
46-47	0.14662440419265294
48-49	0.15146716078701208
50-51	0.15043028530533611
52-53	0.15181628975079145
54-55	0.15069156891693872
56-57	0.1520648095078043
58-59	0.15594427048812268
60-61	0.14894066839321074
62-63	0.14889862275456203
64-65	0.1526451894841515
66-67	0.15090555118506158
68-69	0.14948050436086102
70-71	0.1503807315169287
72-73	0.14875596790914683
74-75	0.14815306348352353
76-77	0.14870416167581182
78-79	0.15006163515218413
80-81	0.1605355040655655
82-83	0.15575206185430007
84-85	0.14737822242842605
86-87	0.14892565209369335
88-89	0.14919219141012707
90-91	0.14820862379173785
92-93	0.149676467069563
94-95	0.1483880685709707
96-97	0.14883480348161313
98-99	0.1486853913014151
100	0.15420688463396037
>>END_MODULE
>>Sequence Length Distribution	pass
#Length	Count
100	6.6594303E7
>>END_MODULE
>>Sequence Duplication Levels	fail
#Total Deduplicated Percentage	38.25296026479034
#Duplication Level	Percentage of deduplicated	Percentage of total
1	70.91024120494637	27.125266391795126
2	13.621491408179425	10.421247391685412
3	5.508635971362056	6.321648987771224
4	2.8448338567333584	4.352932659262057
5	1.724105500773893	3.2976069606705085
6	1.105368324030771	2.537016634626419
7	0.7791511593770312	2.086338683794043
8	0.5758350749044062	1.7621916991512654
9	0.41413013667775267	1.4257533296507638
>10	2.218237505020521	15.352111214701411
>50	0.16198089418178227	4.278716811539331
>100	0.11132090807177432	8.515837280732429
>500	0.014623226276006911	3.8731753615899445
>1k	0.009457835727012013	6.626407953314064
>5k	4.56988413510573E-4	1.1843651414531273
>10k+	1.3000532453318024E-4	0.8393834982626771
>>END_MODULE
>>Overrepresented sequences	pass
>>END_MODULE
>>Adapter Content	pass
#Position	Illumina Universal Adapter	Illumina Small RNA 3' Adapter	Illumina Small RNA 5' Adapter	Nextera Transposase Sequence	SOLID Small RNA Adapter
1	7.057660773174546E-5	2.1022819324349712E-5	0.0	1.2013039613914122E-5	0.0
2	1.336450657047946E-4	1.4265484541523018E-4	0.0	1.0661572657348783E-4	0.0
3	5.66114491805703E-4	1.5166462512566578E-4	0.0	1.1562550628392341E-4	1.5016299517392652E-6
4	0.0019506173073093054	1.546678850291443E-4	0.0	1.3064180580131608E-4	6.006519806957061E-6
5	0.00218637320973237	1.591727748843621E-4	0.0	1.3514669565653387E-4	7.508149758696326E-6
6	0.002650376864819803	1.6517929469131917E-4	1.5016299517392652E-6	1.3664832560827313E-4	7.508149758696326E-6
7	0.0028636083179667785	2.282477526643683E-4	1.5016299517392652E-6	1.4115321546349092E-4	7.508149758696326E-6
8	0.0035093091972146625	2.4026079227828243E-4	1.5016299517392652E-6	1.4565810531870873E-4	9.00977971043559E-6
9	0.004057404129599494	2.5077220194045727E-4	1.5016299517392652E-6	1.546678850291443E-4	9.00977971043559E-6
10-11	0.006020785291498584	2.680409463854588E-4	1.5016299517392652E-6	1.591727748843621E-4	9.00977971043559E-6
12-13	0.007930107775135059	2.8155561595111223E-4	1.5016299517392652E-6	1.659301096671888E-4	1.0511409662174856E-5
14-15	0.010416056160239412	3.2960777440676874E-4	1.5016299517392652E-6	1.7644151932936364E-4	1.2763854589783755E-5
16-17	0.013072439544866173	3.73905857983077E-4	1.5016299517392652E-6	1.9671352367784374E-4	1.6517929469131918E-5
18-19	0.015689029735771843	3.8291563769351264E-4	1.5016299517392652E-6	2.192379729539327E-4	1.726874444500155E-5
20-21	0.01832664274600186	3.971811222350356E-4	1.5016299517392652E-6	2.380083473506735E-4	1.801955942087118E-5
22-23	0.020645159391487287	4.1369905170416754E-4	1.5016299517392652E-6	2.4701812706110914E-4	1.8770374396740815E-5
24-25	0.022956918702189886	4.2421046136634243E-4	1.5016299517392652E-6	2.6128361160263216E-4	1.9521189372610446E-5
26-27	0.024973607727375717	4.3697431595612614E-4	1.5016299517392652E-6	2.755490961441552E-4	1.9521189372610446E-5
28-29	0.0269940508274409	4.4823654059417063E-4	3.0032599034785304E-6	2.800539859993729E-4	2.627852415543714E-5
30-31	0.02883655077822498	4.6325284011156326E-4	3.0032599034785304E-6	2.8606050580632996E-4	2.7029339131306772E-5
32-33	0.030355449474409248	4.745150647496078E-4	3.0032599034785304E-6	2.9131621063741746E-4	3.0032599034785304E-5
34-35	0.03187584980054525	4.827740294841737E-4	3.0032599034785304E-6	2.928178405891567E-4	3.22850439623942E-5
36-37	0.03341051561122278	5.06800108712002E-4	3.0032599034785304E-6	2.9507028551676564E-4	3.45374888900031E-5
38-39	0.035257520451862076	5.240688531570035E-4	3.0032599034785304E-6	2.9657191546850485E-4	3.528830386587273E-5
40-41	0.03696637533694136	5.428392275537443E-4	3.0032599034785304E-6	3.0332925025133156E-4	3.754074879348163E-5
42-43	0.03848151995824628	5.563538971193977E-4	3.0032599034785304E-6	3.3411266426198647E-4	4.0544008696960154E-5
44-45	0.03995236649597489	5.818816062989653E-4	3.0032599034785304E-6	3.37115924165465E-4	4.4298083576308324E-5
46-47	0.0415170649056872	6.164190951889682E-4	3.0032599034785304E-6	3.4162081402068284E-4	4.655052850391722E-5
48-49	0.04291808565065994	6.5395984398245E-4	3.0032599034785304E-6	3.558862985622058E-4	4.955378840739575E-5
50-51	0.044513567474382905	6.697269584757123E-4	3.0032599034785304E-6	3.7240422803133774E-4	5.255704831087428E-5
52-53	0.046232933769124365	7.320446014728917E-4	3.0032599034785304E-6	3.806631927659037E-4	5.556030821435281E-5
54-55	0.04786745797159256	7.793459449526787E-4	3.0032599034785304E-6	3.8591889759699116E-4	5.6311123190222444E-5
56-57	0.04966115494894511	8.116309889150728E-4	3.0032599034785304E-6	4.0318764204199265E-4	5.7061938166092076E-5
58-59	0.051713132277996815	8.341554381911618E-4	3.0032599034785304E-6	4.33220241076778E-4	5.8563568117831345E-5
60-61	0.054022639143771804	8.499225526844241E-4	3.0032599034785304E-6	4.92534624170479E-4	6.081601304544024E-5
62-63	0.056545377462693766	8.822075966468183E-4	3.0032599034785304E-6	5.195639633017858E-4	6.23176429971795E-5
64-65	0.05913418749949226	9.017287860194287E-4	3.0032599034785304E-6	5.556030821435281E-4	6.45700879247884E-5
66-67	0.06178081028943272	9.437744246681282E-4	3.0032599034785304E-6	5.736226415643992E-4	6.90749777800062E-5
68-69	0.06475478840885232	9.54285834330303E-4	3.0032599034785304E-6	6.186715401165772E-4	6.90749777800062E-5
70-71	0.06827911390558439	9.775610985822615E-4	3.0032599034785304E-6	6.577139188617982E-4	6.90749777800062E-5
72-73	0.07233726885015974	0.0010286165169413968	3.0032599034785304E-6	6.832416280413657E-4	6.90749777800062E-5
74-75	0.07695177769185452	0.0010593999309520515	3.0032599034785304E-6	6.967562976070191E-4	6.982579275587583E-5
76-77	0.0818523470393556	0.0010781703053487923	3.0032599034785304E-6	7.095201521968028E-4	7.132742270761509E-5
78-79	0.08763512398350351	0.0010819243802281406	3.0032599034785304E-6	7.162774869796294E-4	7.508149758696326E-5
80-81	0.09500287134171222	0.0010886817150109673	3.0032599034785304E-6	7.628280154835466E-4	7.808475749044178E-5
82-83	0.10473643668888613	0.0011067012744318384	3.0032599034785304E-6	7.815983898802874E-4	7.808475749044178E-5
84-85	0.11724276174194662	0.0011487469130805378	3.0032599034785304E-6	8.168866937461603E-4	7.883557246631142E-5
86-87	0.13242123729412708	0.0011877892918257587	3.0032599034785304E-6	9.595415391613904E-4	8.033720241805068E-5
88-89	0.1509415903039033	0.0012035564063190211	5.255704831087428E-6	0.0010030888077618293	8.634372222500774E-5
>>END_MODULE
