##FastQC	0.11.8
>>Basic Statistics	pass
#Measure	Value
Filename	forward.gz
File type	Conventional base calls
Encoding	Sanger / Illumina 1.9
Total Sequences	59031115
Sequences flagged as poor quality	0
Sequence length	100
%GC	48
>>END_MODULE
>>Per base sequence quality	pass
#Base	Mean	Median	Lower Quartile	Upper Quartile	10th Percentile	90th Percentile
1	32.473448892164754	33.0	33.0	33.0	33.0	33.0
2	32.537352157417324	33.0	33.0	33.0	33.0	33.0
3	31.832853639982915	33.0	33.0	33.0	27.0	33.0
4	36.081027708861676	37.0	37.0	37.0	33.0	37.0
5	36.37294747016044	37.0	37.0	37.0	37.0	37.0
6	36.42462616537058	37.0	37.0	37.0	37.0	37.0
7	36.42356586014003	37.0	37.0	37.0	37.0	37.0
8	36.4229018035658	37.0	37.0	37.0	37.0	37.0
9	36.41917868229323	37.0	37.0	37.0	37.0	37.0
10-11	36.43686477885434	37.0	37.0	37.0	37.0	37.0
12-13	36.405306616688506	37.0	37.0	37.0	37.0	37.0
14-15	38.45327404030908	40.0	37.0	40.0	37.0	40.0
16-17	38.448999167642356	40.0	37.0	40.0	37.0	40.0
18-19	38.43217400687756	40.0	37.0	40.0	37.0	40.0
20-21	38.401678868847384	40.0	37.0	40.0	37.0	40.0
22-23	38.350606896041185	40.0	37.0	40.0	37.0	40.0
24-25	38.3072212764404	40.0	37.0	40.0	37.0	40.0
26-27	38.214861348968256	40.0	37.0	40.0	37.0	40.0
28-29	38.13367419876789	40.0	37.0	40.0	35.0	40.0
30-31	38.03955065053404	40.0	37.0	40.0	33.0	40.0
32-33	37.96428691038616	40.0	37.0	40.0	33.0	40.0
34-35	37.87888355996664	40.0	37.0	40.0	33.0	40.0
36-37	37.80207606615596	40.0	37.0	40.0	33.0	40.0
38-39	37.715566358521265	40.0	37.0	40.0	33.0	40.0
40-41	37.599372881572705	40.0	37.0	40.0	33.0	40.0
42-43	37.624289537814086	40.0	37.0	40.0	33.0	40.0
44-45	37.55237503137117	40.0	37.0	40.0	33.0	40.0
46-47	37.41417685402013	40.0	37.0	40.0	33.0	40.0
48-49	37.29194673012698	40.0	37.0	40.0	33.0	40.0
50-51	37.16565655248084	40.0	37.0	40.0	33.0	40.0
52-53	37.086996967616145	37.0	37.0	40.0	33.0	40.0
54-55	36.932062709640505	37.0	37.0	40.0	33.0	40.0
56-57	36.72936769871279	37.0	37.0	40.0	33.0	40.0
58-59	36.59964607648017	37.0	37.0	40.0	33.0	40.0
60-61	36.40819908280574	37.0	37.0	40.0	33.0	40.0
62-63	36.191459741189036	37.0	37.0	40.0	33.0	40.0
64-65	35.963920645916986	37.0	37.0	40.0	33.0	40.0
66-67	35.728455035958575	37.0	37.0	38.5	33.0	40.0
68-69	35.49298734235326	37.0	33.0	37.0	33.0	40.0
70-71	35.271500224923756	37.0	33.0	37.0	33.0	40.0
72-73	35.04838228957728	37.0	33.0	37.0	33.0	40.0
74-75	34.828808603733805	37.0	33.0	37.0	33.0	38.5
76-77	34.07031352872126	37.0	33.0	37.0	27.0	37.0
78-79	34.45931616741442	37.0	33.0	37.0	27.0	37.0
80-81	34.42527352735926	37.0	33.0	37.0	27.0	37.0
82-83	34.305820853968285	37.0	33.0	37.0	27.0	37.0
84-85	34.175095879520484	37.0	33.0	37.0	27.0	37.0
86-87	34.03672929945505	37.0	33.0	37.0	27.0	37.0
88-89	33.944705211819226	37.0	33.0	37.0	27.0	37.0
90-91	33.83384629444997	37.0	33.0	37.0	27.0	37.0
92-93	33.719733559157746	37.0	33.0	37.0	27.0	37.0
94-95	33.589877999085736	37.0	33.0	37.0	27.0	37.0
96-97	33.46661646997519	37.0	33.0	37.0	27.0	37.0
98-99	33.30454827085681	37.0	33.0	37.0	27.0	37.0
100	32.363095733495804	33.0	33.0	37.0	27.0	37.0
>>END_MODULE
>>Per sequence quality scores	pass
#Quality	Count
2	159.0
3	116.0
4	231.0
5	577.0
6	1256.0
7	3352.0
8	8194.0
9	15621.0
10	24252.0
11	30107.0
12	35058.0
13	39836.0
14	45601.0
15	52399.0
16	60411.0
17	66518.0
18	73328.0
19	81025.0
20	91064.0
21	105315.0
22	124075.0
23	154203.0
24	197131.0
25	256280.0
26	331873.0
27	430746.0
28	553993.0
29	709688.0
30	909746.0
31	1175612.0
32	1542487.0
33	2066660.0
34	2823483.0
35	4118212.0
36	7547066.0
37	1.8249528E7
38	1.7034783E7
39	71129.0
>>END_MODULE
>>Per base sequence content	fail
#Base	G	A	T	C
1	23.17477093159461	14.703697809037255	15.759788623477998	46.36174263589014
2	20.853273735385145	20.643257373674885	37.081042768716124	21.422426122223847
3	24.523825512269283	24.1019973480905	25.118401159315955	26.255775980324263
4	24.700971682476265	30.97090576723818	20.935616750589922	23.392505799695634
5	28.29637211069467	31.47435620419819	21.6507345848081	18.578537100299044
6	22.717619343629202	34.49648037310493	21.512405788032293	21.27349449523357
7	19.407322731410375	17.80719710274827	40.21222028416709	22.573259881674264
8	20.661184969158462	21.97957124503139	28.50008942742831	28.859154358381833
9	21.35777537071985	21.514968966068032	30.989204643910085	26.138051019302033
10-11	24.878254819105134	30.52830183501289	21.189321205756613	23.40412214012536
12-13	22.875598857472536	24.17084086090383	27.878482636261946	25.07507764536169
14-15	23.5847786479576	25.45120681077969	26.844066733361256	24.119947807901454
16-17	24.27109838599525	25.663022797384055	25.941211681331104	24.124667135289585
18-19	23.99269690230313	26.055743653156476	25.72038830708178	24.23117113745861
20-21	24.12592243216193	26.005564608927976	25.816998759255767	24.051514199654324
22-23	23.96499034579804	26.314757857483823	25.887174273754642	23.833077522963496
24-25	23.809058275481622	26.293302726151985	25.85714056657985	24.040498431786546
26-27	23.80640921572247	26.174026863831344	26.087637300542347	23.931926619903837
28-29	24.02616007261168	25.903508754246495	25.957775411288797	24.112555761853027
30-31	23.754548773148194	26.21495813242607	25.94776097890114	24.082732115524596
32-33	23.882207036891128	26.072589102810777	25.92665117784245	24.118552682455636
34-35	24.166627475496398	26.061856552962908	25.75439387947081	24.017122092069883
36-37	23.918452248842414	26.115339262025255	25.8768028774882	24.089405611644136
38-39	23.924980750060183	26.135694775620927	25.89205915765701	24.047265316661882
40-41	24.028358164994156	26.011147946811803	25.83222451951088	24.12826936868316
42-43	23.74585646600619	26.029893613613993	26.070631903721086	24.153618016658733
44-45	23.844625482707045	26.076667288929283	26.098961338687214	23.979745889676455
46-47	24.025648625322326	26.093178726160595	25.922681545264552	23.958491103252523
48-49	23.87233579025171	26.078452149892517	25.937969206103485	24.111242853752284
50-51	24.035837510323432	25.83819760636144	26.007192635240788	24.11877224807434
52-53	23.939383510790773	26.129482115430815	25.780767695351447	24.150366678426963
54-55	23.798654347519278	26.11595764326486	25.95930835178908	24.126079657426786
56-57	23.931203773016044	25.936651631242118	26.092476692381112	24.039667903360726
58-59	23.89123823697798	26.047397025909348	26.039278549222285	24.02208618789039
60-61	23.85375543163204	25.944286066440046	26.146097151547814	24.055861350380095
62-63	23.877651347197567	26.181776240181314	26.055002752391037	23.885569660230075
64-65	23.845092327680113	26.197528814942984	25.972015390560127	23.98536346681678
66-67	23.777105796606293	26.185148212276527	25.973696447610354	24.064049543506822
68-69	23.960908462450192	26.25497591480968	26.04723457709031	23.736881045649813
70-71	23.903162559962468	26.09597557413589	26.07356875477843	23.927293111123213
72-73	23.846677298912617	26.167642267980202	25.96686086651082	24.01881956659636
74-75	24.024439555440146	26.219165483540447	25.997700890123077	23.758694070896333
76-77	23.921042028778196	26.10929114692065	26.048735754028947	23.920931070272207
78-79	23.779744131839	26.036928603258747	26.20846162311732	23.97486564178493
80-81	23.917455544814683	26.20071523370886	26.07864199450894	23.80318722696752
82-83	23.97971726849981	26.07490309182972	26.031686433337313	23.913693206333154
84-85	23.91949486273631	26.075553794626305	26.07817519334637	23.926776149291012
86-87	23.779773134614437	26.21778562247632	26.11714524587069	23.885295997038554
88-89	23.913606414131124	26.131597463323715	26.016329037159824	23.938467085385344
90-91	23.70510907084992	26.24255494380549	26.119872214250332	23.932463771094252
92-93	23.784293340907713	26.323484614166947	26.14086543362062	23.75135661130472
94-95	23.893620263262648	26.211292697911524	25.977739125178445	23.91734791364738
96-97	23.82010607029082	26.06969802145797	25.972498701802383	24.137697206448824
98-99	23.845670554359614	26.110402576487353	26.244914796391623	23.799012072761414
100	24.144599814677388	26.161871621834404	25.662719589922013	24.030808973566195
>>END_MODULE
>>Per sequence GC content	pass
#GC Content	Count
0	33.0
1	21.5
2	11.0
3	21.5
4	32.0
5	45.5
6	74.5
7	115.5
8	160.0
9	222.0
10	290.5
11	386.5
12	519.5
13	751.0
14	1149.0
15	1731.5
16	2941.5
17	4826.0
18	8065.5
19	13946.5
20	23447.5
21	37769.0
22	59012.0
23	89435.5
24	133319.5
25	188647.5
26	251506.5
27	327528.0
28	413418.0
29	500953.5
30	584552.5
31	671558.0
32	770016.5
33	882441.0
34	985280.0
35	1074148.5
36	1194382.0
37	1343655.0
38	1448885.0
39	1526032.5
40	1599529.5
41	1667766.0
42	1824701.0
43	1966334.5
44	1994024.5
45	2031249.0
46	2083086.5
47	2081704.0
48	2091562.5
49	2122376.5
50	2121548.0
51	2055613.5
52	1945402.5
53	1868665.0
54	1805058.5
55	1701890.0
56	1579758.0
57	1468757.0
58	1387852.5
59	1329117.0
60	1259926.0
61	1179762.5
62	1083397.0
63	985922.5
64	886314.5
65	778820.0
66	673480.5
67	578822.0
68	491170.5
69	403146.0
70	325644.0
71	260472.5
72	208097.0
73	164129.0
74	128765.0
75	102406.5
76	79652.0
77	60280.0
78	42485.5
79	28460.0
80	18429.5
81	10816.0
82	5866.5
83	3206.5
84	1677.5
85	891.0
86	571.0
87	387.5
88	267.5
89	193.0
90	125.0
91	75.0
92	49.0
93	35.0
94	21.5
95	14.5
96	10.0
97	7.5
98	3.5
99	2.0
100	1.5
>>END_MODULE
>>Per base N content	pass
#Base	N-Count
1	0.08680845686211416
2	0.0
3	7.50451689757173E-4
4	0.0
5	2.3716306222574314E-5
6	0.0
7	0.0
8	1.5246196857369203E-5
9	1.422978373354459E-4
10-11	5.25146780642717E-5
12-13	1.0418234519202289E-4
14-15	5.768144477704682E-4
16-17	0.0
18-19	0.0
20-21	2.117527341301278E-5
22-23	1.414508263989254E-4
24-25	1.499209357641305E-4
26-27	4.3621063230806325E-4
28-29	6.640565742320808E-4
30-31	0.012019932200162575
32-33	0.024706462007366793
34-35	0.025148601716230498
36-37	0.012561172188599182
38-39	0.01169637402241174
40-41	0.011355875625930495
42-43	0.00942638471253677
44-45	0.0032381228103179147
46-47	0.0033651744507959915
48-49	0.0031932312306823278
50-51	0.0026562262969283233
52-53	9.766036098081494E-4
54-55	0.0019718414602197505
56-57	0.014970918303000038
58-59	0.029782598549934217
60-61	0.025042725349165438
62-63	0.016440482277863124
64-65	0.015841645545743122
66-67	0.021898620752801298
68-69	0.02448623916387146
70-71	0.00374463535035718
72-73	0.0
74-75	1.4399185920848692E-5
76-77	6.606685304859987E-5
78-79	3.4981551678297114E-4
80-81	0.007208063069789551
82-83	0.010879008468669448
84-85	0.028491753882676957
86-87	0.02379507823967072
88-89	0.017249377722240212
90-91	0.008952058588085284
92-93	0.009868524421400477
94-95	0.008542952305745876
96-97	0.010181918467913066
98-99	7.961902803292805E-5
100	3.3880437460820454E-6
>>END_MODULE
>>Sequence Length Distribution	pass
#Length	Count
100	5.9031115E7
>>END_MODULE
>>Sequence Duplication Levels	fail
#Total Deduplicated Percentage	35.44360090341502
#Duplication Level	Percentage of deduplicated	Percentage of total
1	70.36445235223577	24.939695669600066
2	14.041106634275799	9.953347595751286
3	5.45806079251036	5.803599853089429
4	2.7967535308052223	3.9650806388430846
5	1.6734534411644222	2.9656607949539144
6	1.1246898865748693	2.391783568792006
7	0.7483017371895789	1.8565755689795709
8	0.5605209204209023	1.5893503841130647
9	0.4240253830470565	1.3526087804673796
>10	2.425194334348432	15.784310590173359
>50	0.203620770755282	5.04880200679013
>100	0.14963613741889362	10.588259676887033
>500	0.01757407336732876	4.288046966337975
>1k	0.012028797969523273	7.806677007032644
>5k	4.755337497628933E-4	1.0719833112470116
>10k+	1.056741666139763E-4	0.5942175869421499
>>END_MODULE
>>Overrepresented sequences	pass
>>END_MODULE
>>Adapter Content	pass
#Position	Illumina Universal Adapter	Illumina Small RNA 3' Adapter	Illumina Small RNA 5' Adapter	Nextera Transposase Sequence	SOLID Small RNA Adapter
1	3.218641558777943E-5	2.541032809561534E-5	0.0	1.5246196857369203E-5	0.0
2	7.623098428684602E-5	1.2705164047807668E-4	0.0	1.3213370609719977E-4	0.0
3	2.1005871225708678E-4	1.3890979358936384E-4	0.0	1.422978373354459E-4	1.6940218730410225E-6
4	8.114364771866498E-4	1.439918592084869E-4	0.0	1.5585001231977407E-4	1.6940218730410225E-6
5	9.689805113794649E-4	1.4568588108152794E-4	0.0	1.5585001231977407E-4	1.6940218730410225E-6
6	0.0013027028203685463	1.50767946700651E-4	0.0	1.5585001231977407E-4	1.6940218730410225E-6
7	0.001433142504592705	2.3546904035270214E-4	0.0	1.592380560658561E-4	1.6940218730410225E-6
8	0.0016923278511679816	2.5918534657527645E-4	0.0	1.6940218730410224E-4	1.6940218730410225E-6
9	0.0020023338539344885	2.6765545594048155E-4	0.0	1.7787229666930737E-4	1.6940218730410225E-6
10-11	0.002906094523201874	2.8459567467089175E-4	0.0	1.812603404153894E-4	1.6940218730410225E-6
12-13	0.004028384014091552	3.133940465125892E-4	0.0	1.8380137322495093E-4	4.235054682602556E-6
14-15	0.005368355315667	3.5489758240209423E-4	0.0	1.9820055914579964E-4	6.77608749216409E-6
16-17	0.006848083421768333	3.9978916203768135E-4	0.0	2.176818106857714E-4	1.0164131238246136E-5
18-19	0.008453169146474704	4.150353588950505E-4	0.0	2.4139811690834572E-4	1.0164131238246136E-5
20-21	0.009828714907384012	4.2519949013329665E-4	1.6940218730410225E-6	2.735845324961251E-4	1.1858153111287157E-5
22-23	0.011344017472819207	4.404456869906659E-4	3.388043746082045E-6	2.8883072935349433E-4	1.355217498432818E-5
24-25	0.01257557137452003	4.5569188384803506E-4	3.388043746082045E-6	3.227111668143148E-4	1.355217498432818E-5
26-27	0.014012948933795339	4.7093808070540423E-4	3.388043746082045E-6	3.4303942929080706E-4	1.6940218730410226E-5
28-29	0.015185212069939726	4.8618427756277346E-4	3.388043746082045E-6	3.4981551678297114E-4	1.6940218730410226E-5
30-31	0.016375262435751044	5.031244962931836E-4	3.388043746082045E-6	3.5066252771949165E-4	1.6940218730410226E-5
32-33	0.017497551926640723	5.293818353253195E-4	3.388043746082045E-6	3.532035605290532E-4	2.1175273413012784E-5
34-35	0.018533446302005305	5.505571087383323E-4	3.388043746082045E-6	3.6336769176729933E-4	2.2022284349533293E-5
36-37	0.019621008344497644	6.005307539930424E-4	3.388043746082045E-6	3.676027464499019E-4	2.2022284349533293E-5
38-39	0.020753461966625565	6.217060274060553E-4	3.388043746082045E-6	3.676027464499019E-4	2.4563317159094826E-5
40-41	0.02193250119026212	6.293291258347398E-4	3.388043746082045E-6	3.7268481206902495E-4	2.625733903213585E-5
42-43	0.02301074611245273	6.41187278946027E-4	3.388043746082045E-6	3.913190526724762E-4	2.7951360905176872E-5
44-45	0.024118636417421558	6.750677164068474E-4	3.388043746082045E-6	3.980951401646403E-4	2.8798371841697384E-5
46-47	0.025273959334835533	7.148772304233116E-4	3.388043746082045E-6	4.0656524952984536E-4	2.8798371841697384E-5
48-49	0.026454692580345128	7.52145711630214E-4	3.388043746082045E-6	4.2604650106981717E-4	3.0492393714738406E-5
50-51	0.027707421755458962	7.733209850432268E-4	3.388043746082045E-6	4.353636213715428E-4	3.218641558777943E-5
52-53	0.028972009083684087	8.546340349491958E-4	3.388043746082045E-6	4.438337307367479E-4	3.388043746082045E-5
54-55	0.030262853750941347	9.257829536169188E-4	3.388043746082045E-6	4.5060981822891196E-4	3.388043746082045E-5
56-57	0.03178747343667827	9.613574129507803E-4	3.388043746082045E-6	4.641619932132402E-4	3.8115492143423E-5
58-59	0.03335359665830469	9.926968176020394E-4	3.388043746082045E-6	4.895723213088556E-4	3.896250307994352E-5
60-61	0.03514248375623601	0.0010079430144594084	3.388043746082045E-6	5.598742290400579E-4	3.896250307994352E-5
62-63	0.037196485277298255	0.0010502935612854338	3.388043746082045E-6	5.895196118182759E-4	4.0656524952984536E-5
64-65	0.039350434088869915	0.0010799389440636518	3.388043746082045E-6	6.106948852312886E-4	4.48915796355871E-5
66-67	0.04161872937687184	0.0011307596002548825	4.235054682602556E-6	6.352582023903834E-4	4.743261244514863E-5
68-69	0.044097083377130857	0.0011375356877470467	5.082065619123068E-6	6.869258695181347E-4	4.912663431818965E-5
70-71	0.047078561873683054	0.0011756511798904695	5.082065619123068E-6	7.216533179154757E-4	5.082065619123068E-5
72-73	0.050382751537049575	0.001280680536019013	5.082065619123068E-6	7.479106569476114E-4	5.25146780642717E-5
74-75	0.05411552873429547	0.0013459003781310925	5.082065619123068E-6	7.690859303606241E-4	5.420869993731272E-5
76-77	0.05815407687962526	0.0013679226624806256	5.082065619123068E-6	7.83485116281473E-4	5.420869993731272E-5
78-79	0.0629625579662522	0.0013857098921475565	5.082065619123068E-6	7.885671819005959E-4	5.759674368339477E-5
80-81	0.06921519269964661	0.0014085791874336102	5.082065619123068E-6	8.444699037109496E-4	6.267880930251784E-5
82-83	0.07765226863832743	0.001428060438973582	5.082065619123068E-6	8.588690896317985E-4	6.352582023903835E-5
84-85	0.08854313526010817	0.0014890452264030587	5.082065619123068E-6	8.944435489656598E-4	6.437283117555885E-5
86-87	0.10184713604003584	0.0015313957732290843	5.082065619123068E-6	0.001055375626904557	6.860788585816142E-5
88-89	0.11809619384624531	0.001544100937276892	5.929076555643579E-6	0.0011129723705879517	7.199592960424345E-5
>>END_MODULE
