##FastQC	0.11.8
>>Basic Statistics	pass
#Measure	Value
Filename	SRR3184297_2.gz
File type	Conventional base calls
Encoding	Sanger / Illumina 1.9
Total Sequences	60598824
Sequences flagged as poor quality	0
Sequence length	20-100
%GC	49
>>END_MODULE
>>Per base sequence quality	pass
#Base	Mean	Median	Lower Quartile	Upper Quartile	10th Percentile	90th Percentile
1	30.72564398279412	33.0	33.0	33.0	27.0	33.0
2	30.674334901284553	33.0	33.0	33.0	27.0	33.0
3	30.705650789526874	33.0	33.0	33.0	27.0	33.0
4	34.340999455699006	37.0	37.0	37.0	27.0	37.0
5	34.327510811100886	37.0	37.0	37.0	27.0	37.0
6	34.27091078533141	37.0	37.0	37.0	27.0	37.0
7	34.05511232363189	37.0	37.0	37.0	27.0	37.0
8	34.07845333764233	37.0	37.0	37.0	27.0	37.0
9	34.093813800743064	37.0	37.0	37.0	27.0	37.0
10-11	34.17696470479361	37.0	37.0	37.0	27.0	37.0
12-13	34.063632777758194	37.0	37.0	37.0	27.0	37.0
14-15	35.63778609796124	40.0	37.0	40.0	27.0	40.0
16-17	35.542927623479954	40.0	37.0	40.0	27.0	40.0
18-19	35.487125905281594	40.0	37.0	40.0	27.0	40.0
20-21	35.41514840530146	40.0	37.0	40.0	27.0	40.0
22-23	35.372194795148665	40.0	37.0	40.0	27.0	40.0
24-25	35.26161043096652	40.0	37.0	40.0	27.0	40.0
26-27	35.170873062253655	40.0	37.0	40.0	27.0	40.0
28-29	35.03247407233127	40.0	37.0	40.0	27.0	40.0
30-31	34.92567650845002	38.5	37.0	40.0	27.0	40.0
32-33	34.74849083758927	37.0	37.0	40.0	22.0	40.0
34-35	34.57091796055517	37.0	37.0	40.0	22.0	40.0
36-37	34.41472874943753	37.0	35.0	40.0	22.0	40.0
38-39	34.19647812692213	37.0	33.0	40.0	22.0	40.0
40-41	34.00223824724286	37.0	33.0	40.0	22.0	40.0
42-43	33.929358283812064	37.0	33.0	40.0	22.0	40.0
44-45	33.94013607878279	37.0	33.0	40.0	22.0	40.0
46-47	33.83171608286992	37.0	33.0	40.0	22.0	40.0
48-49	33.89982503726875	37.0	33.0	40.0	22.0	40.0
50-51	33.37877277140587	37.0	33.0	38.5	18.5	40.0
52-53	33.34809764628934	37.0	33.0	40.0	22.0	40.0
54-55	33.56461322488404	37.0	33.0	40.0	22.0	40.0
56-57	33.46185707743669	37.0	33.0	40.0	22.0	40.0
58-59	33.266346178436066	37.0	33.0	40.0	15.0	40.0
60-61	33.02642862536627	37.0	33.0	40.0	15.0	40.0
62-63	32.75348383538652	37.0	33.0	38.5	15.0	40.0
64-65	32.50172466968398	37.0	33.0	37.0	15.0	40.0
66-67	32.27078400287172	37.0	33.0	37.0	15.0	40.0
68-69	32.020073684131205	37.0	33.0	37.0	15.0	40.0
70-71	31.729072112763667	37.0	33.0	37.0	6.0	40.0
72-73	31.493858983675086	37.0	33.0	37.0	6.0	37.0
74-75	31.28389199008361	37.0	33.0	37.0	6.0	37.0
76-77	31.064660659421893	37.0	33.0	37.0	4.0	37.0
78-79	30.84755089056371	37.0	33.0	37.0	2.0	37.0
80-81	30.670695572091237	37.0	33.0	37.0	2.0	37.0
82-83	30.478856845222737	33.0	33.0	37.0	2.0	37.0
84-85	30.300644700093947	33.0	33.0	37.0	2.0	37.0
86-87	30.08097141697936	33.0	33.0	37.0	2.0	37.0
88-89	29.91865931572539	33.0	33.0	37.0	2.0	37.0
90-91	29.74495692128916	33.0	33.0	37.0	2.0	37.0
92-93	29.5696957255299	33.0	27.0	37.0	2.0	37.0
94-95	29.352617409112824	33.0	27.0	37.0	2.0	37.0
96-97	29.095813891867643	33.0	27.0	37.0	2.0	37.0
98-99	28.813369626279666	33.0	27.0	37.0	2.0	37.0
100	27.171024166252856	33.0	27.0	37.0	2.0	37.0
>>END_MODULE
>>Per sequence quality scores	pass
#Quality	Count
2	2271629.0
3	329159.0
4	228399.0
5	208615.0
6	190153.0
7	179293.0
8	173243.0
9	176357.0
10	177867.0
11	174049.0
12	173501.0
13	177637.0
14	181310.0
15	184629.0
16	187725.0
17	191682.0
18	196722.0
19	202559.0
20	215162.0
21	239315.0
22	278956.0
23	333063.0
24	404012.0
25	489413.0
26	589980.0
27	712963.0
28	854764.0
29	1035358.0
30	1268619.0
31	1586670.0
32	2031696.0
33	2675669.0
34	3582886.0
35	5091914.0
36	8444063.0
37	1.4966612E7
38	1.0150147E7
39	43033.0
>>END_MODULE
>>Per base sequence content	warn
#Base	G	A	T	C
1	39.23029265386404	13.871221329311606	10.760324325765794	36.138161691058556
2	25.83219931792736	19.461300107077985	29.486887402303385	25.219613172691275
3	29.482664548077697	20.82090074883301	22.40963950059493	27.286795202494357
4	30.087247237669168	27.75568714006727	19.609192416011243	22.54787320625232
5	29.373675634365448	30.749603325635494	20.221689450607162	19.6550315893919
6	24.479131806254195	32.76505662882171	21.16273246490724	21.59307910001686
7	21.754003107086227	19.38479275647489	36.90785465690347	21.953349479535415
8	22.299203364078483	22.50577667975867	27.579530256230715	27.615489699932134
9	22.82212605313925	22.197128775964366	29.444442684234268	25.536302486662116
10-11	26.048434537277487	29.634010719415944	21.447462412801936	22.870092330504633
12-13	24.70769933651677	23.860334637874708	26.57971436704072	24.852251658567802
14-15	24.686045062524645	25.023929507278886	26.245705692242478	24.04431973795399
16-17	25.25664975950679	25.139056067380295	25.352544065517407	24.251750107595505
18-19	25.180403209035475	25.225427688827313	25.278728824475916	24.3154402776613
20-21	25.02783621045546	25.360618224028237	25.327566926999367	24.28397863851693
22-23	25.2068844724524	25.515140061175856	25.03417652183947	24.24379894453227
24-25	25.235717448757526	25.332129854692887	25.04699941821836	24.385153278331234
26-27	24.798615011469057	25.60998196937562	25.189044067817644	24.40235895133768
28-29	25.132082747802702	25.31586927824915	25.173822033964942	24.378225939983206
30-31	24.900940388049104	25.446750994573293	25.270333756926792	24.381974860450807
32-33	24.854371734344706	25.444510834187806	25.258201018314434	24.44291641315305
34-35	25.28823811636538	25.33092373966262	24.984390412992195	24.396447730979805
36-37	25.06549294144055	25.423438393742426	25.078547217804463	24.43252144701257
38-39	24.79652033558858	25.518672829191285	25.14900139539758	24.53580543982255
40-41	25.11387856664109	25.347884969927172	24.972794261438857	24.565442201992877
42-43	24.939229756808114	25.310041297357877	25.20553034300164	24.545198602832365
44-45	24.92655895607893	25.400234966777685	25.262841055380324	24.41036502176306
46-47	25.035171727164297	25.441370236700234	25.062532214324563	24.460925821810903
48-49	24.785759946446127	25.43306820429046	25.255240483697012	24.5259313655664
50-51	24.85846358342704	25.40891630322032	25.287537867757713	24.445082245594925
52-53	24.878623125996775	25.516810658877375	25.0356758253615	24.568890389764345
54-55	24.785721825831867	25.498011207031805	25.112090539043653	24.604176428092668
56-57	24.63985426216005	25.387369319524026	25.396549906759226	24.576226511556698
58-59	24.716626881439733	25.48880807987696	25.291297368067067	24.503267670616243
60-61	24.791378890724886	25.29395336117829	25.332214758591366	24.58245298950546
62-63	24.65626365177161	25.506183608154952	25.394418724456052	24.44313401561738
64-65	24.85048329805829	25.555163601458496	25.1198510270642	24.474502073419014
66-67	24.713769062579377	25.401743534279785	25.221116047127744	24.66337135601309
68-69	24.653728595746742	25.626368774361257	25.31478822653737	24.405114403354627
70-71	24.829410487584795	25.50276457860008	25.159718295404073	24.508106638411054
72-73	24.682880136982426	25.42472736170693	25.26113228905602	24.631260212254624
74-75	24.75014268176548	25.518929284883114	25.295516391554884	24.435411641796527
76-77	24.828792585105422	25.472975640852134	25.18829993244341	24.509931841599037
78-79	24.770319869808073	25.258576759171287	25.33152369151074	24.639579679509904
80-81	24.747756815430197	25.524021287654662	25.286678037233557	24.441543859681587
82-83	24.96463805667353	25.421898226374832	25.12858201246921	24.484881704482433
84-85	24.95287338172581	25.251265940126206	25.10666084961847	24.689199828529514
86-87	24.78097536270693	25.3981007921557	25.22450952074434	24.596414324393034
88-89	24.88699914755944	25.40487908976376	25.106979194529117	24.601142568147687
90-91	24.8049866347901	25.324769195715984	25.24297319641041	24.6272709730835
92-93	24.725626465037884	25.499752394256557	25.20806358572752	24.566557554978036
94-95	24.863300307964572	25.4779948470061	25.04680751635894	24.611897328670388
96-97	24.943789603629178	25.04953557021672	25.209433058449388	24.797241767704715
98-99	24.360219188136032	24.723099841221195	25.87732671243045	25.039354258212327
100	26.073000253591605	23.872682580650746	24.849924622929993	25.204392542827648
>>END_MODULE
>>Per sequence GC content	pass
#GC Content	Count
0	3462.0
1	2870.0
2	2470.0
3	2997.0
4	3560.0
5	4081.0
6	4638.5
7	5245.5
8	5888.5
9	6449.0
10	7067.0
11	7824.0
12	8638.5
13	9509.5
14	10647.5
15	12127.5
16	14079.0
17	16509.5
18	19812.5
19	25421.5
20	35600.0
21	50778.0
22	72362.0
23	100992.5
24	135270.0
25	172814.0
26	221100.5
27	282197.5
28	347437.0
29	412102.5
30	475055.5
31	550127.0
32	635341.0
33	706579.5
34	769970.5
35	858906.0
36	983058.5
37	1116032.0
38	1208026.0
39	1289570.0
40	1387698.5
41	1511581.0
42	1704637.5
43	1876748.0
44	1943822.0
45	1989111.0
46	2041944.0
47	2041147.0
48	2051124.5
49	2125932.0
50	2152153.0
51	2080714.5
52	1991992.0
53	1921834.0
54	1860346.5
55	1828354.0
56	1761726.5
57	1658683.0
58	1608046.5
59	1567087.5
60	1488328.0
61	1413596.5
62	1338587.0
63	1236088.0
64	1136648.5
65	1023739.0
66	899509.5
67	792915.5
68	690820.0
69	579511.5
70	478459.0
71	388468.0
72	303384.0
73	236249.0
74	186809.0
75	149049.0
76	119391.0
77	93812.5
78	72674.5
79	58176.5
80	47235.5
81	38316.0
82	31837.5
83	27655.0
84	24201.5
85	21189.0
86	18943.5
87	16890.5
88	15013.0
89	13445.0
90	12000.5
91	10663.5
92	9305.5
93	8035.5
94	6958.5
95	5949.5
96	4905.0
97	3843.5
98	2912.0
99	2036.5
100	1263.0
>>END_MODULE
>>Per base N content	pass
#Base	N-Count
1	0.0
2	0.0
3	0.0
4	0.0
5	0.0
6	0.0
7	0.30260983282447856
8	0.0
9	0.0
10-11	0.0
12-13	8.250985200636898E-6
14-15	0.0
16-17	5.536411069627358E-4
18-19	0.0011188335932063632
20-21	8.135485369988012E-4
22-23	2.0627653283472722E-5
24-25	0.004744398696889428
26-27	0.0
28-29	2.8714500100562634E-4
30-31	0.0
32-33	0.0
34-35	0.0
36-37	8.251754902778112E-7
38-39	1.7494013581559963E-4
40-41	9.077235922907002E-5
42-43	0.0018435391158152037
44-45	3.2184187032510757E-4
46-47	7.8399114509235E-5
48-49	0.031275379214695094
50-51	0.036615022011392086
52-53	0.003002504441940395
54-55	3.796573328461614E-4
56-57	2.3935715732704942E-5
58-59	0.0
60-61	0.0
62-63	0.0
64-65	2.559093070623993E-5
66-67	5.7788904545187325E-6
68-69	8.833957123538729E-5
70-71	0.0017289283288944158
72-73	1.0982072221244663E-4
74-75	1.816733911283185E-5
76-77	1.6930206388630724E-4
78-79	0.0
80-81	0.0
82-83	0.0
84-85	3.222755602965137E-5
86-87	6.942885624274272E-5
88-89	5.2912185407604686E-5
90-91	3.3909247720940853E-4
92-93	1.2991144491199507E-4
94-95	1.1840923633114E-4
96-97	2.3850479796445545E-4
98-99	4.075124582076872E-5
100	0.0
>>END_MODULE
>>Sequence Length Distribution	warn
#Length	Count
20-21	445.0
22-23	470.0
24-25	588.0
26-27	593.0
28-29	709.0
30-31	763.0
32-33	857.0
34-35	952.0
36-37	1034.0
38-39	995.0
40-41	1140.0
42-43	1216.0
44-45	1292.0
46-47	1409.0
48-49	1536.0
50-51	1650.0
52-53	1753.0
54-55	1963.0
56-57	2151.0
58-59	2507.0
60-61	2717.0
62-63	2994.0
64-65	3039.0
66-67	3308.0
68-69	3957.0
70-71	4318.0
72-73	4981.0
74-75	5322.0
76-77	5994.0
78-79	7225.0
80-81	9071.0
82-83	11352.0
84-85	13285.0
86-87	15251.0
88-89	19969.0
90-91	28050.0
92-93	36264.0
94-95	103098.0
96-97	1400701.0
98-99	0.0
100-101	5.8893905E7
>>END_MODULE
>>Sequence Duplication Levels	fail
#Total Deduplicated Percentage	33.56796487938701
#Duplication Level	Percentage of deduplicated	Percentage of total
1	73.37197763434379	24.629479683608217
2	12.42491103003423	8.341579541713946
3	4.75534744109147	4.788820076755241
4	2.464612856369265	3.309281512155568
5	1.5009380659310956	2.5191718141655044
6	0.9468832341215786	1.9070965888724127
7	0.6794684452845234	1.5965861035573805
8	0.5079524224140399	1.364074326079524
9	0.3929206652397859	1.1870592382039062
>10	2.4652483401578387	15.620341336733912
>50	0.24600487824747358	5.800445443077416
>100	0.20609444902123814	13.875884010308326
>500	0.022875654359844372	5.294473636771201
>1k	0.014254537683082599	8.54096582994413
>5k	4.657523871170698E-4	1.0212446965366213
>10k+	4.459331366014498E-5	0.20349616151654057
>>END_MODULE
>>Overrepresented sequences	pass
>>END_MODULE
>>Adapter Content	pass
#Position	Illumina Universal Adapter	Illumina Small RNA 3' Adapter	Illumina Small RNA 5' Adapter	Nextera Transposase Sequence	SOLID Small RNA Adapter
1	1.6501970401273793E-6	3.3003940802547586E-6	0.0	0.0	1.6501970401273793E-6
2	3.3003940802547586E-6	2.9703546722292828E-5	0.0	1.4851773361146414E-5	1.6501970401273793E-6
3	4.950591120382138E-6	3.300394080254759E-5	0.0	1.4851773361146414E-5	4.950591120382138E-6
4	1.1551379280891655E-5	3.6304334882802346E-5	0.0	2.1452561521655932E-5	4.950591120382138E-6
5	1.6501970401273795E-5	3.6304334882802346E-5	0.0	2.1452561521655932E-5	4.950591120382138E-6
6	1.8152167441401173E-5	3.6304334882802346E-5	0.0	2.1452561521655932E-5	4.950591120382138E-6
7	2.1452561521655932E-5	4.1254926003184486E-5	0.0	2.1452561521655932E-5	4.950591120382138E-6
8	2.1452561521655932E-5	4.7855714163694004E-5	0.0	2.310275856178331E-5	6.600788160509517E-6
9	2.805334968216545E-5	5.280630528407614E-5	0.0	2.475295560191069E-5	8.250985200636898E-6
10-11	3.6304334882802346E-5	5.775689640445828E-5	0.0	2.640315264203807E-5	9.901182240764277E-6
12-13	5.363140380413983E-5	6.600788160509517E-5	0.0	2.640315264203807E-5	1.6501970401273795E-5
14-15	7.425886680573207E-5	6.930827568534994E-5	0.0	3.2178842282483895E-5	1.6501970401273795E-5
16-17	9.653652684745169E-5	7.673416236592313E-5	0.0	4.042982748312079E-5	1.6501970401273795E-5
18-19	1.2789027060987188E-4	8.581024608662373E-5	0.0	4.7030615643630315E-5	1.8152167441401173E-5
20-21	1.7409578773343852E-4	9.653652684745169E-5	0.0	5.2806305284076145E-5	1.8152167441401173E-5
22-23	2.3185268413789678E-4	1.0148711796783384E-4	0.0	6.43576845649678E-5	1.8152167441401173E-5
24-25	2.8383389090190926E-4	1.0561261056815228E-4	0.0	8.00345564461779E-5	1.980236448152855E-5
26-27	3.382903932261128E-4	1.0726280760827965E-4	0.0	8.828554164681479E-5	1.980236448152855E-5
28-29	3.9769748667069845E-4	1.1468869428885286E-4	0.0	9.158593572706954E-5	1.980236448152855E-5
30-31	4.6288026975572995E-4	1.2293967948948976E-4	0.0	9.406123128726063E-5	2.1452561521655932E-5
32-33	5.313634469210162E-4	1.3119066469012667E-4	0.0	9.406123128726063E-5	2.310275856178331E-5
34-35	5.932458359257928E-4	1.3449105877038142E-4	0.0	9.653652684745169E-5	2.557805412197438E-5
36-37	6.658545056913976E-4	1.4521733953120938E-4	0.0	9.736162536751539E-5	2.640315264203807E-5
38-39	7.425886680573207E-4	1.4851773361146414E-4	8.250985200636897E-7	9.736162536751539E-5	2.9703546722292828E-5
40-41	8.135471407827979E-4	1.518181276917189E-4	1.6501970401273793E-6	9.736162536751539E-5	3.052864524235652E-5
42-43	9.166844557907592E-4	1.5759381733216474E-4	1.6501970401273793E-6	1.039624135280249E-4	3.1353743762420206E-5
44-45	0.0010255974604391662	1.691451966130564E-4	1.6501970401273793E-6	1.047875120480886E-4	3.1353743762420206E-5
46-47	0.0011081073124455353	1.757459847735659E-4	1.6501970401273793E-6	1.0726280760827965E-4	3.1353743762420206E-5
48-49	0.0012211458096942607	1.8069657589394803E-4	1.6501970401273793E-6	1.1468869428885286E-4	3.300394080254759E-5
50-51	0.0013160321395015852	1.8812246257452126E-4	1.6501970401273793E-6	1.2128948244936239E-4	3.300394080254759E-5
52-53	0.001415043961909228	1.9884874333534922E-4	2.475295560191069E-6	1.2376477800955346E-4	3.465413784267497E-5
54-55	0.0015322079517582719	2.1370051669649564E-4	3.3003940802547586E-6	1.2624007356974452E-4	3.877963044299341E-5
56-57	0.0016444213504869336	2.244267974573236E-4	3.3003940802547586E-6	1.3036556617006297E-4	4.2080024523248175E-5
58-59	0.0017219806113729203	2.310275856178331E-4	3.3003940802547586E-6	1.4026674841082724E-4	4.373022156337555E-5
60-61	0.0018094410544996714	2.3597817673821523E-4	3.3003940802547586E-6	1.600691128923558E-4	4.455532008343924E-5
62-63	0.0019249548473085879	2.50004851579298E-4	3.3003940802547586E-6	1.6501970401273794E-4	4.538041860350293E-5
64-65	0.00205284511791846	2.557805412197438E-4	4.950591120382138E-6	1.7162049217324746E-4	4.620551712356662E-5
66-67	0.0021856859796487143	2.6238132938025333E-4	6.600788160509517E-6	1.7409578773343852E-4	4.7030615643630315E-5
68-69	0.0023201770384190957	2.6238132938025333E-4	6.600788160509517E-6	1.7904637885382066E-4	4.950591120382138E-5
70-71	0.0023993864963452096	2.6650682198057173E-4	6.600788160509517E-6	1.839969699742028E-4	4.950591120382138E-5
72-73	0.00249344772763247	2.7475780718120863E-4	7.425886680573207E-6	1.9307305369490338E-4	5.033100972388507E-5
74-75	0.002576782678158903	2.8218369386178187E-4	8.250985200636898E-6	2.0132403889554028E-4	5.528160084426721E-5
76-77	0.002649391347924508	2.87134284982164E-4	9.076083720700586E-6	2.0709972853598613E-4	5.61066993643309E-5
78-79	0.0027038478502487114	2.9043467906241877E-4	9.901182240764275E-6	2.095750240961772E-4	5.858199492452197E-5
80-81	0.0027649051407334243	2.945601716627372E-4	9.901182240764275E-6	2.2195150189713254E-4	5.9407093444585656E-5
82-83	0.0028919703128232324	2.97860565742992E-4	9.901182240764275E-6	2.2855229005764205E-4	5.9407093444585656E-5
84-85	0.002980255854470047	3.0941194502388363E-4	1.1551379280891655E-5	2.3762837377834262E-4	6.518278308503148E-5
86-87	0.003011609598232467	3.135374376242021E-4	1.3201576321019034E-5	2.780582012614634E-4	7.013337420541362E-5
88-89	0.003012434696752531	3.184880287445842E-4	1.6501970401273792E-5	2.9538527018280094E-4	7.343376828566837E-5
>>END_MODULE
