##FastQC	0.11.8
>>Basic Statistics	pass
#Measure	Value
Filename	SRR3184304_forward.gz
File type	Conventional base calls
Encoding	Sanger / Illumina 1.9
Total Sequences	61696400
Sequences flagged as poor quality	0
Sequence length	35-100
%GC	49
>>END_MODULE
>>Per base sequence quality	pass
#Base	Mean	Median	Lower Quartile	Upper Quartile	10th Percentile	90th Percentile
1	32.56640755376327	33.0	33.0	33.0	33.0	33.0
2	32.54545866533542	33.0	33.0	33.0	33.0	33.0
3	32.597675034523895	33.0	33.0	33.0	33.0	33.0
4	36.21610162019178	37.0	37.0	37.0	37.0	37.0
5	36.39645760530598	37.0	37.0	37.0	37.0	37.0
6	36.357787504619395	37.0	37.0	37.0	37.0	37.0
7	36.359274495756644	37.0	37.0	37.0	37.0	37.0
8	36.34194497571981	37.0	37.0	37.0	37.0	37.0
9	36.324748818407556	37.0	37.0	37.0	37.0	37.0
10-11	36.32164204880674	37.0	37.0	37.0	37.0	37.0
12-13	36.31586491270156	37.0	37.0	37.0	37.0	37.0
14-15	38.36110273046726	40.0	37.0	40.0	37.0	40.0
16-17	38.343867008447816	40.0	37.0	40.0	37.0	40.0
18-19	38.322016600644446	40.0	37.0	40.0	37.0	40.0
20-21	38.27111564045876	40.0	37.0	40.0	37.0	40.0
22-23	38.21507275951271	40.0	37.0	40.0	35.0	40.0
24-25	38.150925799560426	40.0	37.0	40.0	33.0	40.0
26-27	38.03714150258362	40.0	37.0	40.0	33.0	40.0
28-29	37.96027252805675	40.0	37.0	40.0	33.0	40.0
30-31	37.88990987318547	40.0	37.0	40.0	33.0	40.0
32-33	37.78169892408633	40.0	37.0	40.0	33.0	40.0
34-35	37.66878864082831	40.0	37.0	40.0	33.0	40.0
36-37	37.62228780112941	40.0	37.0	40.0	33.0	40.0
38-39	37.505869373252104	40.0	37.0	40.0	33.0	40.0
40-41	37.39332338569078	40.0	37.0	40.0	33.0	40.0
42-43	37.22702917336295	40.0	37.0	40.0	33.0	40.0
44-45	37.10803691149353	40.0	37.0	40.0	33.0	40.0
46-47	36.99375944965601	40.0	37.0	40.0	33.0	40.0
48-49	36.85035499704498	40.0	37.0	40.0	33.0	40.0
50-51	36.725729032269726	40.0	37.0	40.0	33.0	40.0
52-53	36.56026101595451	37.0	37.0	40.0	33.0	40.0
54-55	36.368770846873446	37.0	37.0	40.0	33.0	40.0
56-57	36.22130662401743	37.0	37.0	40.0	33.0	40.0
58-59	36.042163100643805	37.0	37.0	40.0	33.0	40.0
60-61	35.84447971248135	37.0	37.0	40.0	27.0	40.0
62-63	35.63562754155906	37.0	37.0	40.0	27.0	40.0
64-65	35.393896873666726	37.0	33.0	40.0	27.0	40.0
66-67	35.13872096735017	37.0	33.0	38.5	27.0	40.0
68-69	34.92847055741973	37.0	33.0	37.0	27.0	40.0
70-71	34.66793925181289	37.0	33.0	37.0	27.0	40.0
72-73	34.4644831645242	37.0	33.0	37.0	27.0	40.0
74-75	34.231327639008725	37.0	33.0	37.0	27.0	38.5
76-77	32.12312332530419	33.0	30.0	37.0	24.5	37.0
78-79	33.58781926271213	37.0	33.0	37.0	27.0	37.0
80-81	33.724975728769294	37.0	33.0	37.0	27.0	37.0
82-83	33.61537984984881	37.0	33.0	37.0	27.0	37.0
84-85	33.50085669224295	37.0	33.0	37.0	27.0	37.0
86-87	33.373578509653356	37.0	33.0	37.0	27.0	37.0
88-89	33.28013478076407	37.0	33.0	37.0	27.0	37.0
90-91	33.17230529418906	37.0	33.0	37.0	27.0	37.0
92-93	33.04261393337464	37.0	33.0	37.0	27.0	37.0
94-95	32.92775901797372	37.0	33.0	37.0	27.0	37.0
96-97	32.841759753816014	37.0	33.0	37.0	24.5	37.0
98-99	32.754372562616766	37.0	33.0	37.0	22.0	37.0
100	29.652309861387543	33.0	27.0	37.0	15.0	37.0
>>END_MODULE
>>Per sequence quality scores	pass
#Quality	Count
2	94861.0
3	0.0
4	0.0
5	0.0
6	3.0
7	358.0
8	1288.0
9	1473.0
10	1122.0
11	801.0
12	911.0
13	2208.0
14	7217.0
15	19350.0
16	42744.0
17	78671.0
18	128689.0
19	180574.0
20	224806.0
21	252106.0
22	279459.0
23	318263.0
24	371696.0
25	446408.0
26	537958.0
27	648396.0
28	786281.0
29	954936.0
30	1166857.0
31	1447213.0
32	1819531.0
33	2335043.0
34	3090471.0
35	4389795.0
36	7694840.0
37	1.690331E7
38	1.730622E7
39	162541.0
>>END_MODULE
>>Per base sequence content	fail
#Base	G	A	T	C
1	41.27867290760816	7.735986168906933	9.783901519102663	41.20143940438224
2	23.967149977727743	11.843514429901672	36.149552500512925	28.03978309185766
3	25.400402739938038	14.655861114119242	21.371167366451672	38.57256877949104
4	28.10765003776935	23.101882243558883	21.24341081803167	27.547056900640094
5	28.700987486692497	25.51015811471853	24.6628010381364	21.126053360452566
6	24.438089119818905	29.598552724470085	25.189239184430118	20.7741189712809
7	19.387619520349972	21.94422772457032	40.16851267303565	18.499640082044056
8	21.72847175133076	22.714099724034494	32.593138622721746	22.964289901913002
9	21.28653961064187	21.173498603663134	34.66078014706743	22.879181638627568
10-11	24.120434718359878	29.52247020971343	25.31380425414372	21.043290817782978
12-13	24.66833093244635	23.10272394330927	28.57503689964629	23.653908224598087
14-15	23.59700461379707	24.596696358511434	28.888675167677224	22.917623860014277
16-17	24.262875153167844	24.53831551189005	28.05060600839859	23.148203326543516
18-19	24.332146149790187	24.550930456461487	27.68873680250099	23.42818659124734
20-21	24.080688146443872	24.63754679895254	27.890140049910116	23.39162500469347
22-23	24.328030247756928	24.6309513125458	27.79076911348942	23.25024932620785
24-25	24.214060177003564	24.506997170457225	27.581478897127653	23.69746375541156
26-27	24.033268605616207	24.698061347798227	27.797124251089215	23.471545795496347
28-29	24.206849918063288	24.75274671579471	27.57466477440928	23.46573859173272
30-31	24.14592234763165	24.5941500748004	27.41233021576464	23.84759736180331
32-33	24.03498811174876	24.651341639978106	27.70888951942105	23.604780728852084
34-35	24.355460469077073	24.708589639032407	27.311536261769664	23.624413630120852
36-37	24.404761866108373	24.672870295571492	27.073301775662824	23.84906606265731
38-39	24.232881521192382	24.74806899367526	27.180085672492933	23.838963812639424
40-41	24.619992576841952	24.637290603486903	26.867324371046784	23.875392448624357
42-43	24.555917381890108	24.487628452110123	26.935894554618656	24.020559611381113
44-45	24.4013083596499	24.609777976387537	27.13430902975487	23.85460463420769
46-47	24.669729435600644	24.658920704025874	26.849862691437167	23.82148716893632
48-49	24.677652552740273	24.435897853948706	26.80179088067937	24.084658712631647
50-51	24.44504662508724	24.566980491003708	27.00963998620075	23.978332897708302
52-53	24.642479571264765	24.671200164775726	26.7271244431766	23.95919582078291
54-55	24.669762485948247	24.414301066785775	26.63799485857466	24.277941588691316
56-57	24.445165815039477	24.432645497652192	26.943255902037567	24.178932785270764
58-59	24.50974950476635	24.55507098185762	26.849380058957976	24.08579945441805
60-61	24.711230749505688	24.295429622328328	26.628518924221634	24.36482070394435
62-63	24.501622075403002	24.502107450439325	26.80990802159322	24.186362452564445
64-65	24.80717736193432	24.511528820936018	26.63056581589396	24.050728001235704
66-67	24.696257705885646	24.349048441533895	26.54955999533948	24.40513385724098
68-69	24.65835277709158	24.50741780221887	26.708098915732876	24.126130504956674
70-71	24.857990539096292	24.461927866626723	26.462146664264118	24.21793493001287
72-73	24.79927711846211	24.48715375433933	26.361686528181522	24.35188259901704
74-75	24.810626164021134	24.49810892937468	26.449669158062594	24.241595748541595
76-77	24.91958620055586	24.576966943669174	26.297411235874	24.206035619900966
78-79	24.90535714819415	24.26099239304289	26.34058898575038	24.49306147301258
80-81	24.73936518496955	24.40054665267531	26.563007363511492	24.29708079884365
82-83	24.961852444568173	24.2703286105235	26.41959755360968	24.34822139129865
84-85	24.97858098763792	24.105660536912755	26.334510896319856	24.58124757912947
86-87	24.76657246121248	24.323886489901835	26.56171749400802	24.34782355487767
88-89	24.87828850871338	24.396779295521505	26.31411392944905	24.410818266316063
90-91	24.94462197300529	24.265746306564267	26.142589677916916	24.64704204251353
92-93	24.814909013950366	24.288152328520805	26.39718168282277	24.499756974706063
94-95	25.04532467543307	24.40135922725765	26.07014326692206	24.483172830387222
96-97	25.06365786077461	23.962115928382612	26.162949421723454	24.811276789119315
98-99	25.261032761128067	20.82849607917933	27.83159112745277	26.07888003223983
100	27.100018014048956	0.0	36.75945977498451	36.140522210966544
>>END_MODULE
>>Per sequence GC content	pass
#GC Content	Count
0	164617.0
1	88380.0
2	9109.0
3	6292.0
4	7037.0
5	8386.5
6	10792.5
7	14119.0
8	19485.0
9	22806.5
10	23728.5
11	23428.5
12	21199.5
13	20575.0
14	20797.5
15	21418.0
16	22739.0
17	24342.0
18	26754.0
19	31242.0
20	38169.5
21	48937.0
22	64675.0
23	86083.0
24	112557.0
25	146343.0
26	195850.5
27	263797.0
28	336722.5
29	412233.5
30	497561.5
31	590640.5
32	701465.0
33	819919.5
34	937193.0
35	1062404.0
36	1205321.0
37	1356759.5
38	1492386.5
39	1619054.5
40	1724890.5
41	1816230.0
42	1916891.0
43	1999928.0
44	2040867.0
45	2061617.5
46	2072023.5
47	2054297.5
48	2024550.0
49	2010950.5
50	2019638.5
51	2005056.0
52	1938427.0
53	1877039.0
54	1853668.5
55	1830379.5
56	1741869.5
57	1627774.5
58	1566335.5
59	1518883.5
60	1435885.0
61	1340605.0
62	1236326.5
63	1135546.0
64	1037449.0
65	917084.0
66	794234.5
67	689817.5
68	596446.0
69	508552.5
70	436420.0
71	361169.0
72	290718.5
73	236014.0
74	190977.0
75	157962.0
76	134740.5
77	112794.0
78	91739.5
79	79197.0
80	70333.0
81	59847.5
82	53191.0
83	47555.0
84	39747.5
85	31601.0
86	25585.0
87	21617.5
88	18123.5
89	15778.0
90	13923.5
91	11544.0
92	8802.5
93	6581.0
94	5024.5
95	3673.0
96	2824.5
97	2374.5
98	2437.5
99	1971.0
100	725.5
>>END_MODULE
>>Per base N content	pass
#Base	N-Count
1	0.24195252883474563
2	0.2705895319662087
3	0.15375451403971707
4	0.15375451403971707
5	0.15375451403971707
6	0.15375451403971707
7	0.15375451403971707
8	0.15375451403971707
9	0.15375451403971707
10-11	0.15375451403971707
12-13	0.15375451403971707
14-15	0.15375451403971707
16-17	0.15375451403971707
18-19	0.15375451403971707
20-21	0.15375451403971707
22-23	0.15377477454114016
24-25	0.15386311032734487
26-27	0.1540130380378758
28-29	0.1542974954778561
30-31	0.15472296600774113
32-33	0.15540047717532954
34-35	0.1576574970338626
36-37	0.0
38-39	0.0
40-41	0.0
42-43	0.0
44-45	0.0
46-47	0.0
48-49	0.0
50-51	0.0
52-53	0.0
54-55	0.0
56-57	0.0
58-59	0.0
60-61	0.0
62-63	0.0
64-65	0.0
66-67	2.0343795992999685E-5
68-69	1.8727430392991058E-5
70-71	7.333452227606597E-6
72-73	3.425328327710752E-5
74-75	2.1880681654753983E-4
76-77	9.22171376443052E-4
78-79	3.086973673649827E-4
80-81	0.0
82-83	8.304916471904726E-5
84-85	0.0010858937325099582
86-87	0.003823364813997148
88-89	0.001698066349156768
90-91	2.02666967180912E-4
92-93	0.01105966956171573
94-95	0.014375571784911674
96-97	0.016688249330509254
98-99	0.02009601859929917
100	0.0
>>END_MODULE
>>Sequence Length Distribution	warn
#Length	Count
34-35	98775.0
36-37	1448.0
38-39	1916.0
40-41	2309.0
42-43	2993.0
44-45	3496.0
46-47	4254.0
48-49	5279.0
50-51	6645.0
52-53	8260.0
54-55	10179.0
56-57	12363.0
58-59	15343.0
60-61	18817.0
62-63	23293.0
64-65	29013.0
66-67	34768.0
68-69	42226.0
70-71	51899.0
72-73	63472.0
74-75	77302.0
76-77	92891.0
78-79	111387.0
80-81	132531.0
82-83	158974.0
84-85	189363.0
86-87	219963.0
88-89	255616.0
90-91	290547.0
92-93	323187.0
94-95	422058.0
96-97	1656491.0
98-99	1.7421601E7
100-101	3.9907741E7
>>END_MODULE
>>Sequence Duplication Levels	fail
#Total Deduplicated Percentage	34.06181892514427
#Duplication Level	Percentage of deduplicated	Percentage of total
1	68.8092762824174	23.437691091019257
2	13.726571403063284	9.351039791884103
3	5.393800155500179	5.511679326451863
4	2.995205704097064	4.080886173460538
5	1.911851063610981	3.2560562370280857
6	1.2723757845968697	2.600366014780617
7	0.912147805374899	2.174858936575329
8	0.7003726962440772	1.9084774367664659
9	0.5523042218824581	1.6931237757617696
>10	3.302772473723429	20.748395857074282
>50	0.250112526326917	5.883371432214887
>100	0.1506677073351137	9.887700922431613
>500	0.0141448669479307	3.3119566827247064
>1k	0.00810259117307813	4.944313403430437
>5k	2.329220582438251E-4	0.4902053002317392
>10k+	6.179564810550462E-5	0.7198776181641208
>>END_MODULE
>>Overrepresented sequences	warn
#Sequence	Count	Percentage	Possible Source
AAAAAAAAAAAAAAAAAAAAAAAAAAAAAAAAAAAAAAAAAAAAAAAAAA	134660	0.21826232973074602	No Hit
NNNNNNNNNNNNNNNNNNNNNNNNNNNNNNNNNNN	94861	0.15375451403971707	No Hit
>>END_MODULE
>>Adapter Content	pass
#Position	Illumina Universal Adapter	Illumina Small RNA 3' Adapter	Illumina Small RNA 5' Adapter	Nextera Transposase Sequence	SOLID Small RNA Adapter
1	0.0	3.2416802276956192E-6	0.0	1.9450081366173715E-5	0.0
2	0.0	5.02460435292821E-5	0.0	7.293780512315143E-5	0.0
3	0.0	6.64544446677602E-5	0.0	7.942116557854267E-5	0.0
4	3.2416802276956192E-6	9.562956671702077E-5	0.0	9.562956671702077E-5	0.0
5	3.2416802276956192E-6	1.0859628762780324E-4	0.0	9.562956671702077E-5	0.0
6	3.2416802276956192E-6	1.2318384865243353E-4	0.0	9.562956671702077E-5	0.0
7	3.2416802276956192E-6	1.685673718401722E-4	0.0	9.562956671702077E-5	0.0
8	3.2416802276956192E-6	1.863966130924981E-4	0.0	1.0211292717241201E-4	0.0
9	3.2416802276956192E-6	2.1557173514175868E-4	0.0	1.0697544751395543E-4	0.0
10-11	3.2416802276956192E-6	2.38263496735628E-4	0.0	1.1102754779857495E-4	0.0
12-13	4.0521002846195244E-6	2.6095525832949733E-4	1.6208401138478096E-6	1.1670048819704229E-4	0.0
14-15	4.862520341543429E-6	3.209263425418663E-4	4.0521002846195244E-6	1.2723594893705305E-4	0.0
16-17	5.672940398467333E-6	3.7846616658346354E-4	4.862520341543429E-6	1.4101308990475942E-4	0.0
18-19	6.4833604553912384E-6	3.9872666800656116E-4	4.862520341543429E-6	1.499277105309224E-4	8.104200569239048E-7
20-21	6.4833604553912384E-6	4.0439960840502845E-4	6.4833604553912384E-6	1.5641107098631363E-4	1.6208401138478096E-6
22-23	6.4833604553912384E-6	4.206080095435066E-4	6.4833604553912384E-6	1.7991325263710684E-4	1.6208401138478096E-6
24-25	8.104200569239047E-6	4.4654145136507157E-4	6.4833604553912384E-6	2.2124467554022602E-4	1.6208401138478096E-6
26-27	8.104200569239047E-6	4.740957333004843E-4	6.4833604553912384E-6	2.3340097639408457E-4	1.6208401138478096E-6
28-29	9.725040683086858E-6	5.040812754066688E-4	6.4833604553912384E-6	2.3664265662178018E-4	1.6208401138478096E-6
30-31	1.2156300853858572E-5	5.235313567728425E-4	7.293780512315143E-6	2.3988433684947583E-4	1.6208401138478096E-6
32-33	1.377714096770638E-5	5.36498077683625E-4	8.914620626162952E-6	2.4312601707717144E-4	1.6208401138478096E-6
34-35	2.026050142309762E-5	5.721565601882768E-4	1.0535460740010763E-5	2.4474685719101923E-4	1.6208401138478096E-6
36-37	2.5933441821564954E-5	6.175400833760155E-4	1.1345880796934666E-5	2.479885374187149E-4	1.6208401138478096E-6
38-39	2.7554281935412764E-5	6.418526850837326E-4	1.1345880796934666E-5	2.4960937753256264E-4	1.6208401138478096E-6
40-41	3.1606382220032285E-5	6.523881458237433E-4	1.1345880796934666E-5	2.6014483827257345E-4	2.4312601707717144E-6
42-43	3.727932261849962E-5	6.613027664499063E-4	1.1345880796934666E-5	2.747323992972037E-4	6.4833604553912384E-6
44-45	4.5383523187738666E-5	6.831841079868518E-4	1.1345880796934666E-5	2.795949196387472E-4	7.293780512315143E-6
46-47	5.267730370005381E-5	7.131696500930362E-4	1.1345880796934666E-5	2.89319960321834E-4	8.104200569239047E-6
48-49	7.212738506622753E-5	7.439656122561445E-4	1.1345880796934666E-5	2.998554210618448E-4	8.104200569239047E-6
50-51	9.238788648932515E-5	7.57742753223851E-4	1.1345880796934666E-5	3.0228668123261646E-4	8.914620626162952E-6
52-53	1.183213283108901E-4	8.006950162408179E-4	1.1345880796934666E-5	3.0795962163108386E-4	9.725040683086858E-6
54-55	1.4425477013245506E-4	8.387847589162415E-4	1.4587561024630286E-5	3.1282214197262727E-4	9.725040683086858E-6
56-57	1.896382933201937E-4	8.801161818193606E-4	1.4587561024630286E-5	3.168742422572468E-4	9.725040683086858E-6
58-59	2.3096971622331287E-4	9.173955044378603E-4	1.6208401138478094E-5	3.3146180328187707E-4	9.725040683086858E-6
60-61	2.5852399815872563E-4	9.433289462594252E-4	1.6208401138478094E-5	3.6630986572960497E-4	9.725040683086858E-6
62-63	3.0795962163108386E-4	0.0010065417106994898	1.6208401138478094E-5	3.9953708806348505E-4	9.725040683086858E-6
64-65	3.8089742675423524E-4	0.0010276126321795112	1.6208401138478094E-5	4.1493506914503926E-4	9.725040683086858E-6
66-67	4.838207739835712E-4	0.0010324751525210547	1.863966130924981E-5	4.3357473045428906E-4	9.725040683086858E-6
68-69	6.021421022944613E-4	0.0010397689330333697	2.2691761593869333E-5	4.5464565193431057E-4	9.725040683086858E-6
70-71	7.253259509468948E-4	0.0010673232149687826	2.4312601707717143E-5	4.7409573330048425E-4	1.1345880796934666E-5
72-73	9.44949786373273E-4	0.0011370193398642385	2.4312601707717143E-5	5.36498077683625E-4	1.1345880796934666E-5
74-75	0.0011994216842473792	0.0011994216842473792	2.4312601707717143E-5	5.518960587651792E-4	1.1345880796934666E-5
76-77	0.0014263393001860724	0.0012229238658981723	2.4312601707717143E-5	5.681044599036573E-4	1.2156300853858572E-5
78-79	0.001643531875441679	0.0012285968062966397	2.4312601707717143E-5	5.810711808144398E-4	1.2966720910782477E-5
80-81	0.0018607244506972853	0.0012480468876628133	2.5933441821564954E-5	6.240234438314068E-4	1.2966720910782477E-5
82-83	0.002423966390259399	0.0012545302481182046	2.5933441821564954E-5	6.46715205425276E-4	1.863966130924981E-5
84-85	0.002834038939062895	0.0012780324297689979	2.5933441821564954E-5	6.937195687268625E-4	1.9450081366173715E-5
86-87	0.0030463689939769583	0.0013120700721598018	2.5933441821564954E-5	8.241971978916111E-4	2.1070921480021526E-5
88-89	0.003073923275912371	0.001320174272729041	2.6743861878488857E-5	8.549931600547196E-4	2.188134153694543E-5
>>END_MODULE
