##FastQC	0.11.8
>>Basic Statistics	pass
#Measure	Value
Filename	SRR3184285_2.gz
File type	Conventional base calls
Encoding	Sanger / Illumina 1.9
Total Sequences	36561554
Sequences flagged as poor quality	0
Sequence length	20-100
%GC	49
>>END_MODULE
>>Per base sequence quality	pass
#Base	Mean	Median	Lower Quartile	Upper Quartile	10th Percentile	90th Percentile
1	32.059684470742134	33.0	33.0	33.0	33.0	33.0
2	32.08537055071565	33.0	33.0	33.0	33.0	33.0
3	32.08121274057443	33.0	33.0	33.0	33.0	33.0
4	35.48189554524953	37.0	37.0	37.0	33.0	37.0
5	35.74297416351614	37.0	37.0	37.0	33.0	37.0
6	35.816023192012025	37.0	37.0	37.0	33.0	37.0
7	35.822038363030195	37.0	37.0	37.0	33.0	37.0
8	35.817310144968125	37.0	37.0	37.0	33.0	37.0
9	35.82078264507028	37.0	37.0	37.0	33.0	37.0
10-11	35.829642703370865	37.0	37.0	37.0	33.0	37.0
12-13	35.79027781477778	37.0	37.0	37.0	33.0	37.0
14-15	37.68160439788746	40.0	37.0	40.0	33.0	40.0
16-17	37.673786363128876	40.0	37.0	40.0	33.0	40.0
18-19	37.65211486907805	40.0	37.0	40.0	33.0	40.0
20-21	37.607667010055366	40.0	37.0	40.0	33.0	40.0
22-23	37.535841627197456	40.0	37.0	40.0	33.0	40.0
24-25	37.41633033769744	40.0	37.0	40.0	33.0	40.0
26-27	37.360778867204914	40.0	37.0	40.0	33.0	40.0
28-29	37.2807447652832	40.0	37.0	40.0	33.0	40.0
30-31	37.18938879500323	40.0	37.0	40.0	33.0	40.0
32-33	37.064934114040085	40.0	37.0	40.0	33.0	40.0
34-35	36.94669504754809	40.0	37.0	40.0	33.0	40.0
36-37	36.85145215485977	40.0	37.0	40.0	33.0	40.0
38-39	36.70062734849946	40.0	37.0	40.0	33.0	40.0
40-41	36.58549708570149	40.0	37.0	40.0	33.0	40.0
42-43	36.44282977869999	40.0	37.0	40.0	33.0	40.0
44-45	36.29545816306508	38.5	37.0	40.0	33.0	40.0
46-47	36.127162178889805	37.0	37.0	40.0	33.0	40.0
48-49	35.937364494054435	37.0	37.0	40.0	33.0	40.0
50-51	35.18816201049396	37.0	35.0	38.5	27.0	40.0
52-53	35.105420473563306	37.0	33.0	40.0	27.0	40.0
54-55	35.31133451915984	37.0	33.0	40.0	27.0	40.0
56-57	35.15578517962474	37.0	33.0	40.0	27.0	40.0
58-59	34.92996771099237	37.0	33.0	40.0	27.0	40.0
60-61	34.981942022041196	37.0	33.0	40.0	27.0	40.0
62-63	34.94358914387936	37.0	33.0	40.0	27.0	40.0
64-65	34.733488161040185	37.0	33.0	38.5	27.0	40.0
66-67	34.475492129516056	37.0	33.0	37.0	27.0	40.0
68-69	34.21295015564502	37.0	33.0	37.0	27.0	40.0
70-71	33.96987355561352	37.0	33.0	37.0	27.0	40.0
72-73	33.74182121218512	37.0	33.0	37.0	27.0	40.0
74-75	33.65531551708792	37.0	33.0	37.0	27.0	37.0
76-77	33.513103716197364	37.0	33.0	37.0	27.0	37.0
78-79	33.31169447805266	37.0	33.0	37.0	27.0	37.0
80-81	33.13386954518005	37.0	33.0	37.0	27.0	37.0
82-83	32.967496581721555	37.0	33.0	37.0	27.0	37.0
84-85	32.80498643421888	37.0	33.0	37.0	27.0	37.0
86-87	32.66602052460525	37.0	33.0	37.0	27.0	37.0
88-89	32.51302108496935	37.0	33.0	37.0	27.0	37.0
90-91	32.33925055825476	37.0	33.0	37.0	22.0	37.0
92-93	32.19274575212823	37.0	33.0	37.0	22.0	37.0
94-95	32.022093111273485	37.0	33.0	37.0	22.0	37.0
96-97	31.77733091523038	37.0	33.0	37.0	22.0	37.0
98-99	31.61173672953676	37.0	33.0	37.0	22.0	37.0
100	31.02140314339606	33.0	33.0	37.0	15.0	37.0
>>END_MODULE
>>Per sequence quality scores	pass
#Quality	Count
2	197317.0
3	52310.0
4	47141.0
5	46142.0
6	48635.0
7	51959.0
8	55110.0
9	60286.0
10	67056.0
11	70374.0
12	72083.0
13	72805.0
14	74126.0
15	76311.0
16	78164.0
17	79627.0
18	81673.0
19	84726.0
20	91140.0
21	102150.0
22	119208.0
23	144967.0
24	177264.0
25	216941.0
26	265538.0
27	326424.0
28	402210.0
29	501288.0
30	633682.0
31	815940.0
32	1087561.0
33	1477332.0
34	2048317.0
35	3020531.0
36	5232393.0
37	1.0220998E7
38	8305408.0
39	56417.0
>>END_MODULE
>>Per base sequence content	fail
#Base	G	A	T	C
1	24.883877270682277	12.90616014377734	15.456665889802816	46.75329669573757
2	23.571335126739385	19.09936691779876	36.10035411805666	21.228943837405193
3	27.295612680641934	22.424821892514547	23.908090676104283	26.37147475073923
4	28.371939423067772	28.987142778839804	18.912496522273695	23.728421275818732
5	28.86732140073658	30.545404189188314	20.99155536206624	19.59571904800887
6	23.1212546381371	33.52120645637765	21.160640491375172	22.196898414110077
7	19.771112573606693	17.261435331769544	39.55762930645672	23.409822788167045
8	21.032229647569135	21.03726225641284	28.048887090521372	29.88162100549665
9	22.291407526058656	20.661695616110848	30.2813058766594	26.765590981171094
10-11	25.459697364067186	29.818620401091266	20.731156558607985	23.990525676233567
12-13	23.528346196663303	23.498536194604856	27.430264588862936	25.542853019868904
14-15	24.314033866203197	24.908185315484474	26.364264034896657	24.413516783415673
16-17	24.78758971787687	25.204578284610115	25.478294768324126	24.52953722918889
18-19	24.59123044934031	25.475242381655878	25.312430647778267	24.621096521225546
20-21	24.813614091227777	25.44405969332473	25.277382731203307	24.464943484244188
22-23	24.626364607269657	25.795549719582166	25.462573114498554	24.115512558649623
24-25	24.6668146767021	25.808841018513274	25.305696703313053	24.218647601471574
26-27	24.402089452864757	25.791956295197892	25.589224870886213	24.216729381051135
28-29	24.35699830238397	25.565577173517518	25.58651547272614	24.49090905137237
30-31	24.27915820834881	25.727371571323747	25.4819136727979	24.51155654752954
32-33	24.382968946172088	25.729665117576744	25.452617816084093	24.43474812016707
34-35	24.596931551882488	25.77953245162354	25.29350367946205	24.330032317031925
36-37	24.361762314138627	25.6011080146012	25.46193876350536	24.575190907754813
38-39	24.329248685465547	25.624913758391155	25.47182101206047	24.574016544082827
40-41	24.65216062722952	25.667285774179682	25.21042146715706	24.47013213143374
42-43	24.2995895278244	25.471448451708167	25.658740666009237	24.570221354458198
44-45	24.343520542940958	25.749697212748824	25.564503610886113	24.342278633424105
46-47	24.664223872626643	25.560097844707986	25.43488888670959	24.340789395955785
48-49	24.443701069525687	25.512009429715555	25.45582363542059	24.58846586533817
50-51	24.431218590864134	25.5772488448526	25.454158140130108	24.53737442415316
52-53	24.558085094683545	25.79140594415858	25.137819880630968	24.512689080526904
54-55	24.41122503722684	25.587170440235568	25.411566186349493	24.590038336188098
56-57	24.443490362718993	25.482673861730547	25.34489103667623	24.72894473887423
58-59	24.625090631645783	25.569706274328922	25.320804322690886	24.484398771334405
60-61	24.568399264440377	25.503368706395648	25.320121815450637	24.608110213713342
62-63	24.369156737866653	25.640329472661378	25.526771336708176	24.46374245276379
64-65	24.504771643078968	25.661103414870905	25.42934223379178	24.40478270825835
66-67	24.43624518564879	25.579727547504493	25.349575387803604	24.634451879043112
68-69	24.578257812162896	25.587270216169344	25.44876390333588	24.38570806833188
70-71	24.473366009601417	25.632777975906645	25.286539736473042	24.6073162780189
72-73	24.43735560236189	25.72738158849095	25.31632157368221	24.518941235464954
74-75	24.68087384145031	25.78621961891227	25.246309692998036	24.286596846639384
76-77	24.65763962979741	25.60455312214715	25.25764369230277	24.480163555752668
78-79	24.632896243566073	25.44487437833085	25.548137568430768	24.374091809672308
80-81	24.55252855262203	25.654160006788985	25.46231926007981	24.330992180509174
82-83	24.58679724091065	25.479278801528732	25.54242957922065	24.391494378339974
84-85	24.6845692131406	25.535607502257697	25.44744091545541	24.332382369146295
86-87	24.473622104983697	25.73371951588529	25.455275258739768	24.337383120391245
88-89	24.655718148687033	25.64113041468914	25.382134281129936	24.321017155493887
90-91	24.598259679265595	25.55343617676244	25.463070137309064	24.3852340066629
92-93	24.656142141240917	25.546523791561114	25.581951659467816	24.21538240773015
94-95	24.77383757502641	25.44567763411898	25.2142112601225	24.566273530732115
96-97	24.6882854140391	25.27679549876766	25.299171163853796	24.735747923339442
98-99	24.165477090889834	24.86791149008748	26.098038639964578	24.86857277905811
100	25.554790470949833	24.273304651737135	25.175199076074133	24.996705801238896
>>END_MODULE
>>Per sequence GC content	pass
#GC Content	Count
0	43.0
1	34.5
2	27.0
3	38.0
4	55.5
5	92.5
6	127.5
7	177.5
8	233.5
9	298.0
10	408.5
11	536.5
12	705.0
13	928.0
14	1269.5
15	1768.0
16	2584.5
17	3931.5
18	6058.5
19	9541.0
20	15312.0
21	24053.0
22	36738.0
23	53714.0
24	77324.5
25	107256.0
26	143647.0
27	185615.0
28	231689.0
29	282539.0
30	330905.5
31	377866.5
32	436916.5
33	493959.0
34	539984.5
35	597700.0
36	664810.5
37	735062.0
38	796069.0
39	849922.0
40	904591.0
41	941814.5
42	1012176.0
43	1096053.5
44	1144806.5
45	1196266.5
46	1255343.5
47	1289470.0
48	1295025.5
49	1291314.0
50	1279935.5
51	1254359.0
52	1206118.5
53	1155035.5
54	1125935.5
55	1098889.5
56	1072044.0
57	1006142.0
58	938322.0
59	907756.5
60	849426.0
61	806324.5
62	744740.0
63	660721.0
64	595170.0
65	534166.0
66	489251.0
67	441466.5
68	380602.0
69	320816.5
70	261615.0
71	206243.5
72	178795.5
73	157412.0
74	128567.0
75	104548.5
76	88893.5
77	79403.5
78	64169.5
79	46947.0
80	35795.5
81	27112.5
82	19073.0
83	13408.5
84	8895.5
85	5857.0
86	4248.0
87	3230.5
88	2371.0
89	1848.5
90	1522.0
91	1251.0
92	1005.5
93	746.0
94	535.5
95	403.5
96	312.0
97	214.0
98	134.5
99	97.0
100	60.0
>>END_MODULE
>>Per base N content	pass
#Base	N-Count
1	5.743738354228597E-5
2	0.0015945711716739393
3	9.436141581946982E-4
4	8.478851856242216E-4
5	6.755730349973636E-4
6	0.0
7	0.0
8	0.0
9	0.0
10-11	0.0
12-13	0.0
14-15	1.3675567510068088E-6
16-17	0.0
18-19	0.0
20-21	0.0
22-23	0.0
24-25	0.0
26-27	0.0
28-29	0.0
30-31	0.0
32-33	0.0
34-35	0.0
36-37	0.0
38-39	0.0
40-41	5.6076069896878985E-5
42-43	0.0
44-45	0.0
46-47	0.0
48-49	0.0
50-51	0.0
52-53	0.0
54-55	0.0
56-57	0.0
58-59	0.0
60-61	0.0
62-63	0.0
64-65	0.0
66-67	0.0
68-69	0.0
70-71	0.0
72-73	0.0
74-75	0.0
76-77	0.0
78-79	0.0
80-81	0.0
82-83	0.0
84-85	0.0
86-87	0.0
88-89	0.0
90-91	0.0
92-93	0.0
94-95	0.0
96-97	0.0
98-99	0.0
100	0.0
>>END_MODULE
>>Sequence Length Distribution	warn
#Length	Count
20-21	465.0
22-23	412.0
24-25	407.0
26-27	370.0
28-29	387.0
30-31	325.0
32-33	354.0
34-35	375.0
36-37	456.0
38-39	415.0
40-41	432.0
42-43	434.0
44-45	477.0
46-47	585.0
48-49	690.0
50-51	901.0
52-53	861.0
54-55	1115.0
56-57	1692.0
58-59	2891.0
60-61	3930.0
62-63	4345.0
64-65	5058.0
66-67	7362.0
68-69	10871.0
70-71	15339.0
72-73	18922.0
74-75	20570.0
76-77	24430.0
78-79	32315.0
80-81	43656.0
82-83	57085.0
84-85	66131.0
86-87	71273.0
88-89	84565.0
90-91	105746.0
92-93	129861.0
94-95	180801.0
96-97	960301.0
98-99	0.0
100-101	3.4704949E7
>>END_MODULE
>>Sequence Duplication Levels	fail
#Total Deduplicated Percentage	44.253350860747965
#Duplication Level	Percentage of deduplicated	Percentage of total
1	78.67209909368239	34.815040041442586
2	11.449853108046256	10.13388733788793
3	3.7762974939356027	5.013414538610865
4	1.829668685431996	3.2387588118138244
5	1.0245783639260837	2.2670512911576046
6	0.6505285041267528	1.7272839682823231
7	0.42171172624980324	1.3063509888676967
8	0.32061524032019506	1.1350638976954095
9	0.2344721145103933	0.9338559075440918
>10	1.3529572130425684	11.163228540588646
>50	0.13037964867771348	4.018099991680795
>100	0.11038314669431469	10.182823468500203
>500	0.016077981572298554	4.960852762464704
>1k	0.010015394305100064	7.8190051340373286
>5k	3.0088116011243787E-4	0.8770155425352464
>10k+	6.140431839029344E-5	0.4082677768909024
>>END_MODULE
>>Overrepresented sequences	pass
>>END_MODULE
>>Adapter Content	pass
#Position	Illumina Universal Adapter	Illumina Small RNA 3' Adapter	Illumina Small RNA 5' Adapter	Nextera Transposase Sequence	SOLID Small RNA Adapter
1	0.0	2.735113502013618E-6	0.0	5.470227004027236E-6	0.0
2	0.0	3.282136202416342E-5	0.0	2.7351135020136178E-5	0.0
3	0.0	3.282136202416342E-5	0.0	3.0086248522149796E-5	0.0
4	0.0	3.282136202416342E-5	0.0	4.376181603221789E-5	0.0
5	0.0	3.8291589028190653E-5	0.0	4.376181603221789E-5	0.0
6	8.205340506040854E-6	3.8291589028190653E-5	0.0	4.6496929534231504E-5	0.0
7	8.205340506040854E-6	4.923204303624512E-5	0.0	4.923204303624512E-5	0.0
8	1.3675567510068089E-5	5.196715653825874E-5	0.0	5.196715653825874E-5	0.0
9	1.3675567510068089E-5	5.4702270040272355E-5	0.0	5.196715653825874E-5	0.0
10-11	1.9145794514095327E-5	5.4702270040272355E-5	0.0	5.743738354228597E-5	5.470227004027236E-6
12-13	3.555647552617703E-5	6.15400537953064E-5	1.367556751006809E-6	6.427516729732002E-5	1.3675567510068089E-5
14-15	3.9659145779197464E-5	7.111295105235406E-5	2.735113502013618E-6	6.837783755034044E-5	1.3675567510068089E-5
16-17	4.923204303624512E-5	7.931829155839491E-5	2.735113502013618E-6	8.615607531342896E-5	1.3675567510068089E-5
18-19	7.111295105235406E-5	8.752363206443578E-5	2.735113502013618E-6	9.16263023174562E-5	1.3675567510068089E-5
20-21	9.16263023174562E-5	9.16263023174562E-5	2.735113502013618E-6	9.299385906846301E-5	1.5043124261074898E-5
22-23	1.2991789134564685E-4	1.080369833295379E-4	2.735113502013618E-6	9.572897257047663E-5	1.641068101208171E-5
24-25	1.4769612910873537E-4	1.1624232383557876E-4	2.735113502013618E-6	1.1760988058658558E-4	1.641068101208171E-5
26-27	1.7641482087987835E-4	1.2034499408859918E-4	2.735113502013618E-6	1.3675567510068088E-4	1.9145794514095327E-5
28-29	2.1744152341008263E-4	1.21712550839606E-4	2.735113502013618E-6	1.3949078860269452E-4	2.461602151812256E-5
30-31	2.598357826912937E-4	1.2581522109262643E-4	2.735113502013618E-6	1.4222590210470813E-4	2.461602151812256E-5
32-33	2.7898157720538904E-4	1.2991789134564685E-4	2.735113502013618E-6	1.4769612910873537E-4	3.1453805273156606E-5
34-35	3.035975987235116E-4	1.4222590210470813E-4	2.735113502013618E-6	1.50431242610749E-4	3.282136202416342E-5
36-37	3.2821362024163415E-4	1.50431242610749E-4	2.735113502013618E-6	1.5316635611276261E-4	3.282136202416342E-5
38-39	3.528296417597567E-4	1.57269026365783E-4	2.735113502013618E-6	1.5453391286376943E-4	3.282136202416342E-5
40-41	3.8838611728593374E-4	1.6547436687182386E-4	2.735113502013618E-6	1.5863658311678983E-4	3.418891877517022E-5
42-43	4.2667770631412436E-4	1.6684192362283068E-4	2.735113502013618E-6	1.7231215062685792E-4	3.692403227718384E-5
44-45	4.512937278322469E-4	1.7504726412887156E-4	2.735113502013618E-6	1.8051749113289877E-4	3.8291589028190653E-5
46-47	4.7454219259936267E-4	1.8051749113289877E-4	2.735113502013618E-6	1.8051749113289877E-4	3.8291589028190653E-5
48-49	4.977906573664784E-4	1.9556061539397369E-4	2.735113502013618E-6	1.8735527488793283E-4	3.8291589028190653E-5
50-51	5.196715653825874E-4	2.0239839914900772E-4	2.735113502013618E-6	1.982957288959873E-4	3.8291589028190653E-5
52-53	5.552280409087645E-4	2.1333885315706218E-4	2.735113502013618E-6	2.0239839914900775E-4	3.8291589028190653E-5
54-55	5.948871866879619E-4	2.3248464767115751E-4	2.735113502013618E-6	2.106037396550486E-4	4.102670253020427E-5
56-57	6.195032082060845E-4	2.3932243142619158E-4	4.102670253020427E-6	2.160739666590758E-4	4.102670253020427E-5
58-59	6.482218999772274E-4	2.5163044218525285E-4	5.470227004027236E-6	2.283819774181371E-4	4.6496929534231504E-5
60-61	6.865134890054181E-4	2.5846822594028686E-4	5.470227004027236E-6	2.50262885434246E-4	4.6496929534231504E-5
62-63	7.699344508168334E-4	2.707762366993482E-4	5.470227004027236E-6	2.653060096953209E-4	4.7864486285238315E-5
64-65	8.533554126282487E-4	2.762464637033754E-4	5.470227004027236E-6	2.8034913395639583E-4	4.923204303624512E-5
66-67	9.217332501785893E-4	2.871869177114299E-4	5.470227004027236E-6	2.9402470146646395E-4	4.923204303624512E-5
68-69	9.860084174759093E-4	2.9675981496847753E-4	5.470227004027236E-6	3.2274339323760693E-4	4.923204303624512E-5
70-71	0.0010571213685282633	3.200082797355933E-4	5.470227004027236E-6	3.473594147557295E-4	4.923204303624512E-5
72-73	0.0011569530113517603	3.350514039966682E-4	5.470227004027236E-6	3.514620850087499E-4	5.196715653825874E-5
74-75	0.0012608873244282777	3.405216310006954E-4	5.470227004027236E-6	3.5966742551479076E-4	5.743738354228598E-5
76-77	0.0013839674320188905	3.4599185800472264E-4	5.470227004027236E-6	3.637700957678112E-4	5.743738354228598E-5
78-79	0.0014947395288504423	3.5556475526177033E-4	5.470227004027236E-6	3.733429930248588E-4	6.017249704429959E-5
80-81	0.001631495203951123	3.624025390168044E-4	5.470227004027236E-6	3.993265712939882E-4	6.290761054631321E-5
82-83	0.0019487683701847028	3.7471054977586567E-4	5.470227004027236E-6	4.047967982980155E-4	6.427516729732002E-5
84-85	0.0021429614288276696	3.856510037839201E-4	5.470227004027236E-6	4.116345820530495E-4	6.564272404832683E-5
86-87	0.002216809493382037	3.9385634428996095E-4	8.205340506040854E-6	4.4855861433023333E-4	6.701028079933364E-5
88-89	0.0022195446068840508	4.0889946855103586E-4	9.572897257047663E-6	4.6770440884432867E-4	7.248050780336087E-5
>>END_MODULE
