##FastQC	0.11.8
>>Basic Statistics	pass
#Measure	Value
Filename	SRR3184291_reverse.gz
File type	Conventional base calls
Encoding	Sanger / Illumina 1.9
Total Sequences	63320771
Sequences flagged as poor quality	0
Sequence length	100
%GC	47
>>END_MODULE
>>Per base sequence quality	pass
#Base	Mean	Median	Lower Quartile	Upper Quartile	10th Percentile	90th Percentile
1	31.575604030468927	33.0	33.0	33.0	27.0	33.0
2	31.55299971000037	33.0	33.0	33.0	27.0	33.0
3	31.57997736635266	33.0	33.0	33.0	27.0	33.0
4	35.32771214993576	37.0	37.0	37.0	33.0	37.0
5	35.32296362910679	37.0	37.0	37.0	33.0	37.0
6	35.281324148753654	37.0	37.0	37.0	33.0	37.0
7	35.06753957559992	37.0	37.0	37.0	33.0	37.0
8	35.105903100895596	37.0	37.0	37.0	33.0	37.0
9	35.13393655614206	37.0	37.0	37.0	33.0	37.0
10-11	35.23044858376724	37.0	37.0	37.0	33.0	37.0
12-13	35.137713310534394	37.0	37.0	37.0	33.0	37.0
14-15	36.8430463046636	40.0	37.0	40.0	33.0	40.0
16-17	36.76287693180488	40.0	37.0	40.0	33.0	40.0
18-19	36.72206758979609	40.0	37.0	40.0	33.0	40.0
20-21	36.66737809462238	40.0	37.0	40.0	33.0	40.0
22-23	36.634215350915426	40.0	37.0	40.0	33.0	40.0
24-25	36.53059138367093	40.0	37.0	40.0	33.0	40.0
26-27	36.45987034807267	40.0	37.0	40.0	33.0	40.0
28-29	36.33107883351578	40.0	37.0	40.0	33.0	40.0
30-31	36.247468157012804	40.0	37.0	40.0	33.0	40.0
32-33	36.0905662377358	40.0	37.0	40.0	33.0	40.0
34-35	35.930856858960226	40.0	37.0	40.0	33.0	40.0
36-37	35.79384306612438	38.5	37.0	40.0	27.0	40.0
38-39	35.59336092891225	37.0	37.0	40.0	27.0	40.0
40-41	35.423534309144785	37.0	37.0	40.0	27.0	40.0
42-43	35.372757084717115	37.0	37.0	40.0	27.0	40.0
44-45	35.40541298841734	37.0	37.0	40.0	27.0	40.0
46-47	35.31499396146013	37.0	37.0	40.0	27.0	40.0
48-49	35.37867007336345	37.0	37.0	40.0	27.0	40.0
50-51	34.849571951674434	37.0	35.0	40.0	27.0	40.0
52-53	34.841782122330756	37.0	35.0	40.0	27.0	40.0
54-55	35.08831876826011	37.0	37.0	40.0	27.0	40.0
56-57	35.00336922618962	37.0	35.0	40.0	27.0	40.0
58-59	34.828207540303005	37.0	33.0	40.0	27.0	40.0
60-61	34.60638055875852	37.0	33.0	40.0	27.0	40.0
62-63	34.34714902634398	37.0	33.0	40.0	27.0	40.0
64-65	34.102615783057985	37.0	33.0	40.0	27.0	40.0
66-67	33.87793773073294	37.0	33.0	37.0	27.0	40.0
68-69	33.626662481731316	37.0	33.0	37.0	27.0	40.0
70-71	33.33107220062118	37.0	33.0	37.0	27.0	40.0
72-73	33.08952636568496	37.0	33.0	37.0	24.5	40.0
74-75	32.86229413567943	37.0	33.0	37.0	22.0	38.5
76-77	32.629900495052404	37.0	33.0	37.0	22.0	37.0
78-79	32.40164032431001	37.0	33.0	37.0	22.0	37.0
80-81	32.21570943916649	37.0	33.0	37.0	22.0	37.0
82-83	32.01682107597837	37.0	33.0	37.0	22.0	37.0
84-85	31.840174624531972	37.0	33.0	37.0	22.0	37.0
86-87	31.62084341961029	37.0	33.0	37.0	22.0	37.0
88-89	31.463350730520954	37.0	33.0	37.0	18.5	37.0
90-91	31.29986672145859	33.0	33.0	37.0	15.0	37.0
92-93	31.131257245746426	33.0	33.0	37.0	15.0	37.0
94-95	30.92505607678087	33.0	33.0	37.0	15.0	37.0
96-97	30.683873037490336	33.0	33.0	37.0	4.0	37.0
98-99	30.435124889745893	33.0	33.0	37.0	2.0	37.0
100	28.743390885117304	33.0	27.0	37.0	2.0	37.0
>>END_MODULE
>>Per sequence quality scores	pass
#Quality	Count
2	880027.0
3	207964.0
4	158023.0
5	140499.0
6	131669.0
7	131787.0
8	133138.0
9	142199.0
10	149524.0
11	147938.0
12	149403.0
13	153193.0
14	158599.0
15	164392.0
16	168685.0
17	172561.0
18	176089.0
19	183999.0
20	195815.0
21	217539.0
22	252750.0
23	303515.0
24	368491.0
25	451897.0
26	550305.0
27	672167.0
28	816653.0
29	995942.0
30	1231552.0
31	1554866.0
32	2008360.0
33	2679510.0
34	3631684.0
35	5174985.0
36	8620079.0
37	1.6333769E7
38	1.3634919E7
39	76284.0
>>END_MODULE
>>Per base sequence content	warn
#Base	G	A	T	C
1	31.17428451240052	12.774824153163292	13.66208223227699	42.3888091021592
2	23.595779897110628	19.669302542470284	32.239805545233125	24.495112015185963
3	28.143916772625804	21.330345075410946	22.670739632561812	27.854998519401438
4	28.67156106413436	28.101458717992383	19.685652772251682	23.541327445621572
5	28.423640125259737	30.644463766592384	21.389282735820604	19.542613372327274
6	23.560056131311434	33.962639377946566	21.90176824505501	20.575536245686994
7	20.470321112556057	19.84586621411408	38.6031094258609	21.080703247468968
8	21.472124320333783	23.30312232825418	28.993615722792853	26.231137628619184
9	21.89254298708565	22.36222012546685	31.130635292641852	24.614601594805656
10-11	24.709042665016437	30.97147399555703	22.255420914934547	22.06406242449199
12-13	23.384266137728552	25.008568834129854	27.58068765474843	24.026477373393163
14-15	23.58253723001967	26.083245991241	27.10966027910847	23.22455649963086
16-17	24.040713147382927	26.13126458743773	26.34588233484436	23.482139930334977
18-19	23.920079976304955	26.282256692035656	26.29788422770608	23.49977910395331
20-21	23.83386207098583	26.398093581798005	26.281125701272533	23.48691864594363
22-23	23.88504997557198	26.599232965967023	26.183734922212317	23.331982136248676
24-25	23.86510853724842	26.457516697820825	26.19443708237365	23.4829376825571
26-27	23.632199509289993	26.588981257960697	26.274963216512205	23.50385601623711
28-29	23.84026056932342	26.340996385154032	26.272302848593494	23.546440196929062
30-31	23.656826121206425	26.444165323085993	26.32431010731404	23.574698448393537
32-33	23.581374326496928	26.505019448952943	26.36585222165776	23.547754002892365
34-35	23.98783469492762	26.45504624694879	26.073073156292025	23.484045901831564
36-37	23.824553915634915	26.475317211816122	26.149160984774383	23.550967887774576
38-39	23.664253149105022	26.542390052904913	26.223027670440263	23.570329127549805
40-41	23.84171210015964	26.402684615745166	26.10014920591737	23.655454078177833
42-43	23.660721664879706	26.40361901115221	26.333528641879294	23.60213068208879
44-45	23.653937783854726	26.500697576801784	26.381754839186605	23.46360980015688
46-47	23.762861058206447	26.501983539201934	26.2501709279782	23.48498447461342
48-49	23.585442791777098	26.45083032412401	26.374703007412982	23.58902387668591
50-51	23.70973790027227	26.403408689760298	26.401107218197005	23.485746191770428
52-53	23.63004500852604	26.60203397157639	26.146178113655	23.621742906242574
54-55	23.609864005963928	26.528411028203607	26.263318128998424	23.598406836834037
56-57	23.527279554730576	26.45534679554119	26.456326950943403	23.561046698784832
58-59	23.527209048504673	26.48645358501623	26.392434653787948	23.593902712691147
60-61	23.59470364214353	26.37885339321687	26.440125508561717	23.586317456077886
62-63	23.531635902834378	26.55680046079969	26.458021538714878	23.453542097651063
64-65	23.64336185796992	26.518546744081817	26.293172119875795	23.544919278072467
66-67	23.555284352186995	26.485531183919292	26.313988554260554	23.645195909633156
68-69	23.536809233441105	26.659814922925236	26.406944570214147	23.396431273419513
70-71	23.625747988184976	26.541056127950753	26.371154102514094	23.46204178135018
72-73	23.56634606804163	26.51745406096265	26.356191601263834	23.560008269731888
74-75	23.627735529957658	26.608296866110248	26.37849202600458	23.38547557792751
76-77	23.67504627676384	26.527408338991727	26.309694953958207	23.487850430286226
78-79	23.578459063543118	26.367496190786422	26.468796143200358	23.5852486024701
80-81	23.633648741848976	26.57530185028469	26.403727896115132	23.38732151175121
82-83	23.79250828961904	26.512346882467025	26.302959498670468	23.392185329243468
84-85	23.783503897788048	26.430102677605422	26.276617906744722	23.50977551786181
86-87	23.704096982469995	26.55060324586967	26.351140492511107	23.394159279149232
88-89	23.70583480460674	26.53323599284531	26.241283295883456	23.519645906664486
90-91	23.654838801468287	26.507656811693174	26.32174180412094	23.515762582717596
92-93	23.6127095319909	26.736303223304958	26.28138839883647	23.369598845867667
94-95	23.77347461273297	26.63914150900123	26.159991356286966	23.427392521978838
96-97	23.830283573328998	26.359263402159055	26.175064617784084	23.635388406727863
98-99	23.792040260336915	26.434392832996306	26.359527733957428	23.41403917270935
100	24.13148952713166	26.320321935152275	25.88621570470981	23.66197283300626
>>END_MODULE
>>Per sequence GC content	pass
#GC Content	Count
0	32490.0
1	17802.5
2	3204.5
3	3275.0
4	3156.0
5	2983.0
6	2964.0
7	3091.5
8	3304.0
9	3609.5
10	4019.0
11	4388.5
12	4767.5
13	5357.0
14	6358.5
15	7612.5
16	9735.5
17	12932.5
18	17876.5
19	26689.0
20	41618.0
21	63776.5
22	96338.5
23	140449.0
24	198889.5
25	267893.0
26	349908.0
27	446603.5
28	546096.5
29	641390.5
30	731499.0
31	825514.5
32	919539.0
33	984317.5
34	1052084.0
35	1162570.5
36	1293163.5
37	1448900.0
38	1526525.0
39	1586229.0
40	1680637.5
41	1752521.5
42	1893279.5
43	2065322.5
44	2137802.5
45	2177700.0
46	2212861.0
47	2229308.5
48	2289071.5
49	2332860.0
50	2333641.5
51	2243967.0
52	2089241.5
53	1957905.5
54	1840051.5
55	1744246.0
56	1632874.5
57	1508764.0
58	1435594.0
59	1375802.0
60	1282110.0
61	1175123.0
62	1069829.5
63	972733.5
64	882850.0
65	773602.0
66	670504.0
67	586220.0
68	501798.0
69	412294.0
70	330227.0
71	261501.0
72	206507.0
73	164371.5
74	133141.0
75	106724.0
76	84400.5
77	64713.0
78	48362.5
79	36854.0
80	27436.0
81	20342.5
82	15597.0
83	12455.0
84	10232.5
85	8484.5
86	7224.0
87	6303.5
88	5457.0
89	4709.0
90	4174.0
91	3640.5
92	3133.5
93	2700.0
94	2268.0
95	1886.0
96	1524.0
97	1213.0
98	884.5
99	596.5
100	379.0
>>END_MODULE
>>Per base N content	pass
#Base	N-Count
1	0.08448570533040414
2	0.07850030758469445
3	0.08814958996630032
4	0.07540337751099083
5	0.06938007751042703
6	0.08434673039593912
7	0.40379798913061243
8	0.08246109321694772
9	0.08983939882854554
10-11	0.0975256602608329
12-13	0.09863588047593419
14-15	0.09315426686766022
16-17	0.10457311077276679
18-19	0.10586731484997237
20-21	0.10526403729354465
22-23	0.10188836772060152
24-25	0.1113797240403153
26-27	0.11146974189559379
28-29	0.11788548815995939
30-31	0.09783045756028459
32-33	0.08994520929001323
34-35	0.08963804309963314
36-37	0.09569687646412266
38-39	0.10074182451126504
40-41	0.09879222727720734
42-43	0.10986995088862704
44-45	0.10550092638638275
46-47	0.10547960636802733
48-49	0.15746254890042322
50-51	0.1584795927390082
52-53	0.12279304053325567
54-55	0.12085607738414936
56-57	0.10343446386652494
58-59	0.09576478467073624
60-61	0.09788099390009007
62-63	0.09524757681803969
64-65	0.0956139652816293
66-67	0.10045439907862144
68-69	0.10395798876169718
70-71	0.10807670045584253
72-73	0.11568873663904061
74-75	0.12898847994128182
76-77	0.12389141629371506
78-79	0.12068314834637753
80-81	0.11271025111175605
82-83	0.10122191973941694
84-85	0.10005405651172504
86-87	0.10162463119724174
88-89	0.1007205044929096
90-91	0.10007932468162778
92-93	0.10365161220162655
94-95	0.10351658541870883
96-97	0.10381901382723213
98-99	0.10369741075957524
100	0.10783349432052873
>>END_MODULE
>>Sequence Length Distribution	pass
#Length	Count
100	6.3320771E7
>>END_MODULE
>>Sequence Duplication Levels	fail
#Total Deduplicated Percentage	38.55594729466974
#Duplication Level	Percentage of deduplicated	Percentage of total
1	73.87240366841438	28.482205023699525
2	12.948904656374113	9.985145709097276
3	4.729567714119869	5.470588905365319
4	2.3670931770328663	3.650620791010061
5	1.407356913362919	2.7130989488204893
6	0.9013330373842131	2.0851049450598187
7	0.6298213451481869	1.6998351012014044
8	0.4626396077473415	1.4270006666186543
9	0.3545642835206811	1.2303505645196147
>10	1.9805080471743552	14.101453816318271
>50	0.17802992960237018	4.765809986994088
>100	0.140635209234918	10.951573302404283
>500	0.016191319289854077	4.30905015536408
>1k	0.010400299403785876	7.495114843535089
>5k	4.76805179507502E-4	1.2133415920757193
>10k+	7.398701061323307E-5	0.4197056479164341
>>END_MODULE
>>Overrepresented sequences	pass
>>END_MODULE
>>Adapter Content	pass
#Position	Illumina Universal Adapter	Illumina Small RNA 3' Adapter	Illumina Small RNA 5' Adapter	Nextera Transposase Sequence	SOLID Small RNA Adapter
1	1.4213345570286881E-5	1.5792606189207646E-6	0.0	1.5792606189207646E-6	0.0
2	2.0530388045969938E-5	1.1054824332445351E-5	0.0	1.1054824332445351E-5	1.5792606189207646E-6
3	4.4219297329781406E-5	1.4213345570286881E-5	0.0	1.4213345570286881E-5	4.737781856762294E-6
4	1.8161497117588792E-4	1.4213345570286881E-5	0.0	1.8951127427049176E-5	4.737781856762294E-6
5	2.3373057160027316E-4	1.737186680812841E-5	0.0	2.0530388045969938E-5	6.317042475683058E-6
6	3.474373361625682E-4	1.737186680812841E-5	0.0	2.0530388045969938E-5	6.317042475683058E-6
7	3.932358941112704E-4	1.737186680812841E-5	0.0	2.0530388045969938E-5	6.317042475683058E-6
8	5.022048768168031E-4	3.474373361625682E-5	0.0	2.6847430521652998E-5	6.317042475683058E-6
9	6.048568170466529E-4	3.632299423517759E-5	0.0	3.0005951759494528E-5	7.896303094603823E-6
10-11	9.594008259943645E-4	4.1060776091939876E-5	0.0	3.158521237841529E-5	7.896303094603823E-6
12-13	0.0013644811747475405	4.4219297329781406E-5	0.0	3.5533363925717205E-5	7.896303094603823E-6
14-15	0.001910905348894125	5.606375197168714E-5	7.896303094603823E-7	4.3429667020321023E-5	7.896303094603823E-6
16-17	0.0025228688387259213	6.948746723251365E-5	1.5792606189207646E-6	4.816744887708332E-5	1.1054824332445351E-5
18-19	0.0030945611827752385	7.501487939873632E-5	1.5792606189207646E-6	5.290523073384561E-5	1.3423715260826499E-5
20-21	0.0036883631754894455	8.054229156495899E-5	1.5792606189207646E-6	5.527412166222676E-5	1.5792606189207646E-5
22-23	0.004376920805338899	8.291118249334013E-5	1.5792606189207646E-6	5.527412166222676E-5	1.5792606189207646E-5
24-25	0.005106539211280292	9.317637651632511E-5	1.5792606189207646E-6	5.922227320952867E-5	1.658223649866803E-5
26-27	0.00599171478818538	9.79141583730874E-5	1.5792606189207646E-6	6.159116413790982E-5	2.0530388045969938E-5
28-29	0.006927426704895934	1.0581046146769123E-4	1.5792606189207646E-6	6.23807944473702E-5	2.3688909283811468E-5
30-31	0.008029750616902628	1.1054824332445352E-4	2.3688909283811466E-6	6.317042475683059E-5	2.3688909283811468E-5
32-33	0.009223671644806725	1.208134373474385E-4	6.317042475683058E-6	6.474968537575135E-5	2.3688909283811468E-5
34-35	0.010541564631296104	1.3186826167988386E-4	6.317042475683058E-6	6.553931568521173E-5	2.3688909283811468E-5
36-37	0.011970795491419394	1.4687123755963112E-4	6.317042475683058E-6	6.632894599467212E-5	2.3688909283811468E-5
38-39	0.013410291545565672	1.5239864972585378E-4	6.317042475683058E-6	6.948746723251365E-5	2.3688909283811468E-5
40-41	0.014979286970463452	1.5476754065423491E-4	7.896303094603823E-6	7.738377032711746E-5	2.5268169902732233E-5
42-43	0.01664540692342486	1.595053225109972E-4	9.475563713524588E-6	8.054229156495899E-5	2.6847430521652998E-5
44-45	0.01846787367765942	1.6740162560560103E-4	1.0265194022984969E-5	8.291118249334013E-5	2.8426691140573763E-5
46-47	0.020351141965722432	1.7134977715290296E-4	1.1844454641905734E-5	8.764896435010243E-5	2.8426691140573763E-5
48-49	0.022269153987401702	1.737186680812841E-4	1.2634084951366116E-5	9.475563713524587E-5	2.8426691140573763E-5
50-51	0.024460378096154263	1.7766681962858602E-4	1.2634084951366116E-5	9.712452806362702E-5	3.0005951759494528E-5
52-53	0.026860064606604363	1.8635275303265021E-4	1.2634084951366116E-5	1.0581046146769123E-4	3.474373361625682E-5
54-55	0.02953296320412776	2.0214535922185786E-4	1.737186680812841E-5	1.1054824332445352E-4	3.790225485409835E-5
56-57	0.03233615080271211	2.1241055324484285E-4	2.6847430521652998E-5	1.1765491610959696E-4	3.790225485409835E-5
58-59	0.035364383039492686	2.2030685633944665E-4	3.158521237841529E-5	1.2397195858528E-4	3.790225485409835E-5
60-61	0.038942987601967134	2.2346537757728818E-4	3.2374842687875675E-5	1.3581641322718576E-4	3.790225485409835E-5
62-63	0.042916407319171776	2.376787231475751E-4	3.7112624544637964E-5	1.3739567384610653E-4	3.948151547301911E-5
64-65	0.04730359331853366	2.4478539593271854E-4	4.264003671086064E-5	1.4687123755963112E-4	4.3429667020321023E-5
66-67	0.052030320350963506	2.5584022026516387E-4	4.4219297329781406E-5	1.5239864972585378E-4	4.4219297329781406E-5
68-69	0.05701209797334906	2.5741948088408466E-4	4.974670949600408E-5	1.5713643158261605E-4	4.579855794870217E-5
70-71	0.06285773115428428	2.637365233597677E-4	5.290523073384561E-5	1.6582236498668027E-4	4.7377818567622936E-5
72-73	0.06929005965514853	2.7794986893005453E-4	5.6853382281147526E-5	1.7213940746236333E-4	4.7377818567622936E-5
74-75	0.0762230137722107	2.8742543264357917E-4	6.71185763041325E-5	1.7687718931912562E-4	4.89570791865437E-5
76-77	0.08365817276608967	2.890046932624999E-4	7.422524908927593E-5	1.8161497117588792E-4	4.974670949600408E-5
78-79	0.09178978569291268	2.9216321450034144E-4	8.606970373118166E-5	1.8635275303265021E-4	5.0536339805464466E-5
80-81	0.10130246203098191	2.9453210542872263E-4	9.317637651632511E-5	1.958283167461748E-4	5.290523073384561E-5
82-83	0.11295108835614145	2.9690099635710376E-4	9.554526744470625E-5	2.0135572891239747E-4	5.3694861043305996E-5
84-85	0.12692912409420914	3.008491479044057E-4	1.0581046146769123E-4	2.1083129262592206E-4	5.3694861043305996E-5
86-87	0.14273041621682087	3.126936025463114E-4	1.1686528580013658E-4	2.4399576562325815E-4	5.448449135276638E-5
88-89	0.16083663921274743	3.150624934746925E-4	1.247615888947404E-4	2.5662985057462427E-4	5.764301259060791E-5
>>END_MODULE
