##FastQC	0.11.8
>>Basic Statistics	pass
#Measure	Value
Filename	forward.gz
File type	Conventional base calls
Encoding	Sanger / Illumina 1.9
Total Sequences	82476159
Sequences flagged as poor quality	0
Sequence length	100
%GC	50
>>END_MODULE
>>Per base sequence quality	pass
#Base	Mean	Median	Lower Quartile	Upper Quartile	10th Percentile	90th Percentile
1	32.62113233231436	33.0	33.0	33.0	33.0	33.0
2	32.676771295811676	33.0	33.0	33.0	33.0	33.0
3	32.30198184908199	33.0	33.0	33.0	33.0	33.0
4	36.40755906200724	37.0	37.0	37.0	37.0	37.0
5	36.45248836090924	37.0	37.0	37.0	37.0	37.0
6	36.43869621765485	37.0	37.0	37.0	37.0	37.0
7	36.41646957637782	37.0	37.0	37.0	37.0	37.0
8	36.39871438484423	37.0	37.0	37.0	37.0	37.0
9	36.39413627397464	37.0	37.0	37.0	37.0	37.0
10-11	36.3999327551129	37.0	37.0	37.0	37.0	37.0
12-13	36.362785723326425	37.0	37.0	37.0	37.0	37.0
14-15	38.35321564259557	40.0	37.0	40.0	37.0	40.0
16-17	38.33620675157775	40.0	37.0	40.0	37.0	40.0
18-19	38.29125451271318	40.0	37.0	40.0	37.0	40.0
20-21	38.23711257576871	40.0	37.0	40.0	35.0	40.0
22-23	38.175214354975	40.0	37.0	40.0	33.0	40.0
24-25	38.114188762112455	40.0	37.0	40.0	33.0	40.0
26-27	37.96993113488712	40.0	37.0	40.0	33.0	40.0
28-29	37.86003546794656	40.0	37.0	40.0	33.0	40.0
30-31	37.65071634822374	40.0	37.0	40.0	33.0	40.0
32-33	37.5879735015303	40.0	37.0	40.0	33.0	40.0
34-35	37.51306581820815	40.0	37.0	40.0	33.0	40.0
36-37	37.53658822181571	40.0	37.0	40.0	33.0	40.0
38-39	37.625539120947664	40.0	37.0	40.0	33.0	40.0
40-41	37.56962829706946	40.0	37.0	40.0	33.0	40.0
42-43	37.45831168010625	40.0	37.0	40.0	33.0	40.0
44-45	37.32782338348225	40.0	37.0	40.0	33.0	40.0
46-47	37.17050871634311	40.0	37.0	40.0	33.0	40.0
48-49	37.007402175457756	40.0	37.0	40.0	33.0	40.0
50-51	36.84234857493788	37.0	37.0	40.0	33.0	40.0
52-53	36.66863285304059	37.0	37.0	40.0	33.0	40.0
54-55	36.47136369432529	37.0	37.0	40.0	33.0	40.0
56-57	36.205869286420096	37.0	37.0	40.0	33.0	40.0
58-59	36.02785728661297	37.0	37.0	40.0	33.0	40.0
60-61	35.79685648309592	37.0	37.0	40.0	33.0	40.0
62-63	35.54536250287795	37.0	35.0	40.0	33.0	40.0
64-65	35.29174078657082	37.0	33.0	38.5	27.0	40.0
66-67	35.03147121582129	37.0	33.0	37.0	27.0	40.0
68-69	34.76793854451927	37.0	33.0	37.0	27.0	40.0
70-71	34.50130740205785	37.0	33.0	37.0	27.0	40.0
72-73	34.24200789345682	37.0	33.0	37.0	27.0	38.5
74-75	33.9782281022568	37.0	33.0	37.0	27.0	37.0
76-77	33.010082362104185	35.0	33.0	37.0	27.0	37.0
78-79	33.43199915505279	37.0	33.0	37.0	27.0	37.0
80-81	33.351491453427165	37.0	33.0	37.0	27.0	37.0
82-83	33.20860287031553	37.0	33.0	37.0	27.0	37.0
84-85	33.00063078228462	37.0	33.0	37.0	27.0	37.0
86-87	32.84984278305201	37.0	33.0	37.0	27.0	37.0
88-89	32.69901633028279	37.0	33.0	37.0	27.0	37.0
90-91	32.5211674806534	37.0	33.0	37.0	27.0	37.0
92-93	32.320205515390214	35.0	33.0	37.0	27.0	37.0
94-95	32.097910439791455	33.0	33.0	37.0	22.0	37.0
96-97	31.842787301721945	33.0	33.0	37.0	22.0	37.0
98-99	31.53943264986431	33.0	33.0	37.0	22.0	37.0
100	29.170453451887838	33.0	27.0	37.0	15.0	37.0
>>END_MODULE
>>Per sequence quality scores	pass
#Quality	Count
2	305.0
3	232.0
4	485.0
5	1206.0
6	3156.0
7	8292.0
8	20885.0
9	39945.0
10	58322.0
11	71004.0
12	83862.0
13	97753.0
14	111880.0
15	127451.0
16	144619.0
17	163683.0
18	177750.0
19	194161.0
20	213985.0
21	240622.0
22	276187.0
23	326635.0
24	398755.0
25	492895.0
26	617270.0
27	767573.0
28	950706.0
29	1197535.0
30	1506467.0
31	1918507.0
32	2480823.0
33	3288279.0
34	4507836.0
35	6755911.0
36	1.2461975E7
37	2.5703252E7
38	1.7034533E7
39	31422.0
>>END_MODULE
>>Per base sequence content	warn
#Base	G	A	T	C
1	28.48814520713676	12.711549207368652	13.377887059024927	45.42241852646966
2	21.590172789843326	19.06426178217061	31.726212854955975	27.61935257303009
3	24.240161571193553	20.762943771741053	23.476960026222546	31.51993463084285
4	27.06280732593282	26.04234394572133	20.024892284326672	26.869956444019174
5	31.40041233006498	27.109705727202936	21.268991200232783	20.220890742499297
6	26.249037615827863	31.606876843040183	20.651396969153232	21.49268857197872
7	22.296868844243825	18.918451330887027	36.87024149609101	21.91443832877814
8	22.984616681773456	22.021643854680477	28.250144384148633	26.74359507939743
9	22.70749296169333	20.677081967408302	31.029301449404308	25.58612362149406
10-11	25.833597561205536	28.783592480343316	22.07543394449298	23.307376013958166
12-13	24.681927173645416	23.794951459851568	26.348953762504873	25.174167603998143
14-15	25.004932031327986	24.799415064903787	25.790694253838858	24.40495864992937
16-17	25.683674842326255	24.611557747251542	24.931790894869387	24.772976515552816
18-19	25.33171798167759	24.72236249508176	24.927477527172428	25.01844199606822
20-21	25.296193630262177	24.740639741855095	24.994012360481268	24.96915426740146
22-23	25.385775066342582	24.832021643758544	24.88978277448721	24.89242051541167
24-25	25.26103767649193	24.9006315571787	24.95192232844339	24.886408437885983
26-27	25.186754875220984	24.992973850258704	24.887142232968618	24.933129041551698
28-29	25.313280094793946	24.72483789238743	24.72824433151766	25.233637681300962
30-31	25.064580495643952	24.72029183228022	24.855121129577597	25.36000654249823
32-33	25.128670975350314	24.876993995228183	24.911831942605133	25.08250308681637
34-35	25.390994614777483	24.769378565943345	24.675643500577962	25.16398331870121
36-37	25.234507188954254	24.774682752420603	24.784136406738135	25.20667365188701
38-39	25.18033080463956	24.830871583505775	24.849398248642093	25.139399363212572
40-41	25.382164590698213	24.68459078891069	24.70100121611396	25.23224340427713
42-43	25.09509816911301	24.709859154588028	24.923419340677956	25.27162333562101
44-45	25.19188995634024	24.812658073908583	24.92059589017386	25.074856079577312
46-47	25.278638943965937	24.843644229786417	24.734617134788238	25.143099691459405
48-49	25.170483859603525	24.802522956089117	24.865560604697283	25.16143257961007
50-51	25.16038669107601	24.828105194472585	24.896893187407223	25.114614927044183
52-53	25.361953850405904	24.790396081086218	24.68446273072569	25.16318733778219
54-55	25.022932536315935	24.78653997930808	24.874986145238566	25.31554133913742
56-57	25.06372417270305	24.787114540578933	24.9168720381365	25.23228924858152
58-59	25.350834415070178	24.69946678772953	24.741189147763297	25.208509649436994
60-61	25.066574087185607	24.788734402629007	24.875413996910307	25.269277513275078
62-63	25.012530590809885	24.988819496310445	24.919209077134642	25.079440835745032
64-65	25.141555149288656	24.919079342674046	24.751783724554873	25.187581783482425
66-67	25.034151391734007	24.996880613024803	24.845451365140857	25.123516630100333
68-69	25.18002626674213	25.023399186181788	24.856901374371716	24.939673172704367
70-71	25.2290010256176	24.899396685046888	24.74337765899113	25.128224630344388
72-73	25.012930706436027	25.04089878870329	24.814032016209676	25.132138488651005
74-75	25.054419059452076	25.169159490077615	24.7902645417811	24.986156908689214
76-77	25.25093334136153	24.96849840669382	24.671324636587862	25.109243615356796
78-79	25.08326253725438	24.947444177520893	24.90359164787302	25.0657016373517
80-81	25.11160637392224	25.00918337869347	24.934707766477125	24.94450248090716
82-83	25.196919356519622	24.807328496234778	24.845574937501382	25.150177209744225
84-85	24.99438797396728	24.965409181519565	24.915912991682003	25.12428985283115
86-87	25.006523390114083	25.146343234080675	24.94143014853055	24.905703227274692
88-89	25.153202943583423	24.997082034894685	24.675796996102164	25.173918025419727
90-91	24.98496929276253	25.01301618568343	24.77472793077088	25.22728659078316
92-93	24.96195112577927	25.164219274566364	24.800448696937984	25.073380902716387
94-95	25.24014545827722	25.031425141900705	24.594227284517455	25.134202115304618
96-97	25.074199800459844	25.0629104736805	24.745695062091993	25.117194663767663
98-99	25.105837134155145	25.195019904697887	24.678461978075898	25.02068098307107
100	24.57918492103873	25.284998816384842	24.38721059324169	25.748605669334733
>>END_MODULE
>>Per sequence GC content	pass
#GC Content	Count
0	89.0
1	62.5
2	38.0
3	40.5
4	51.0
5	66.0
6	85.5
7	106.5
8	139.5
9	198.0
10	256.0
11	348.5
12	494.5
13	691.5
14	955.5
15	1399.0
16	2239.0
17	3634.5
18	5918.0
19	9724.5
20	16099.0
21	26563.0
22	43238.5
23	66518.5
24	98769.5
25	142206.0
26	197803.0
27	268791.5
28	352524.5
29	449308.0
30	551672.5
31	660524.5
32	775649.0
33	893820.5
34	1020164.0
35	1164621.0
36	1310975.5
37	1464656.5
38	1618686.0
39	1768570.5
40	1912390.0
41	2022649.0
42	2133270.5
43	2254174.0
44	2372980.0
45	2520486.0
46	2613971.5
47	2630709.0
48	2660771.0
49	2677910.5
50	2692833.5
51	2745258.5
52	2785696.5
53	2776677.5
54	2750875.0
55	2747755.0
56	2704771.5
57	2601760.5
58	2543503.0
59	2497845.0
60	2393819.0
61	2258194.0
62	2089624.5
63	1891529.0
64	1693766.5
65	1487263.5
66	1283947.5
67	1112445.0
68	943930.0
69	776899.0
70	625489.0
71	490281.5
72	396453.0
73	324150.5
74	265520.5
75	215952.5
76	172608.0
77	138225.0
78	103570.5
79	74952.5
80	53961.0
81	37298.0
82	24832.0
83	16875.0
84	11234.0
85	7785.5
86	5871.5
87	4285.5
88	2998.0
89	2233.5
90	1724.0
91	1358.5
92	1040.0
93	751.5
94	521.0
95	360.0
96	230.5
97	128.0
98	55.5
99	28.5
100	18.0
>>END_MODULE
>>Per base N content	pass
#Base	N-Count
1	0.1329887343565551
2	1.818707391550569E-5
3	6.862589224117481E-4
4	0.0
5	0.0
6	0.0
7	0.0
8	0.0
9	0.0
10-11	0.0
12-13	0.0
14-15	0.0
16-17	0.0
18-19	0.0
20-21	1.8187073915505692E-6
22-23	3.4009828221995644E-4
24-25	0.0015556010555729202
26-27	4.0435927672140986E-4
28-29	5.4561221746517075E-6
30-31	2.3036960292973877E-5
32-33	3.031178985917615E-6
34-35	1.0548502870993301E-4
36-37	1.4064670494657734E-4
38-39	5.353062089130509E-4
40-41	0.0014040421062770393
42-43	0.0018387131728576254
44-45	0.0010839496053641393
46-47	9.566400879555994E-4
48-49	0.0019836035283844877
50-51	0.004749251235135719
52-53	2.9584306902555925E-4
54-55	6.062357971835231E-7
56-57	0.0
58-59	0.0
60-61	0.0
62-63	0.0
64-65	0.0
66-67	2.182448869860683E-5
68-69	0.0
70-71	0.0
72-73	0.0
74-75	0.0
76-77	2.085451142311319E-4
78-79	0.017645705348620807
80-81	0.0409027292359723
82-83	0.02756675416952916
84-85	0.023409189072444558
86-87	0.009137185935150059
88-89	2.2430724495790354E-5
90-91	0.0
92-93	0.0
94-95	0.0
96-97	3.334296884509377E-5
98-99	3.213049725072672E-5
100	3.273673304791024E-5
>>END_MODULE
>>Sequence Length Distribution	pass
#Length	Count
100	8.2476159E7
>>END_MODULE
>>Sequence Duplication Levels	fail
#Total Deduplicated Percentage	34.53927050192085
#Duplication Level	Percentage of deduplicated	Percentage of total
1	66.13825232360719	22.843669875293646
2	14.547727687554149	10.049358035774327
3	6.4327570587680265	6.66548208377789
4	3.4107161627138955	4.712145925969949
5	2.1002876638766947	3.62712018772423
6	1.3686089057422106	2.836245192406086
7	1.02982583564705	2.4898603175096103
8	0.7068293461888682	1.9530695989370541
9	0.5577127906395496	1.73366936444525
>10	3.272522192126541	20.673774330093924
>50	0.2584318843509497	6.180415246559607
>100	0.16027915698275738	10.425298066947516
>500	0.011275131470385728	2.6341550468034036
>1k	0.004618937189347959	2.6389543036185095
>5k	1.1619235676939024E-4	0.25131748154232797
>10k+	3.873078558979675E-5	0.2854649425968731
>>END_MODULE
>>Overrepresented sequences	pass
>>END_MODULE
>>Adapter Content	pass
#Position	Illumina Universal Adapter	Illumina Small RNA 3' Adapter	Illumina Small RNA 5' Adapter	Nextera Transposase Sequence	SOLID Small RNA Adapter
1	2.5461903481707968E-5	1.0912244349303415E-5	0.0	7.274829566202277E-6	0.0
2	3.879909101974548E-5	8.608548320006027E-5	0.0	4.6073920585947754E-5	0.0
3	7.759818203949096E-5	9.214784117189551E-5	0.0	4.849886377468184E-5	1.2124715943670462E-6
4	2.2309477336353647E-4	9.942267073809778E-5	0.0	5.6986164935251166E-5	2.4249431887340924E-6
5	2.679562223551172E-4	1.0790997189866711E-4	0.0	5.6986164935251166E-5	3.6374147831011383E-6
6	4.073904557073275E-4	1.1154738668176824E-4	1.2124715943670462E-6	6.062357971835231E-5	4.849886377468185E-6
7	4.777138081806162E-4	1.709584948057535E-4	1.2124715943670462E-6	6.062357971835231E-5	4.849886377468185E-6
8	6.122981551553583E-4	1.8793309712689216E-4	1.2124715943670462E-6	6.668593769018753E-5	4.849886377468185E-6
9	7.396076725638981E-4	2.1945735858043536E-4	1.2124715943670462E-6	6.911088087892162E-5	6.06235797183523E-6
10-11	0.0011360858839219222	2.467379694536939E-4	1.2124715943670462E-6	7.214205986483924E-5	6.06235797183523E-6
12-13	0.0015640883567334895	2.6492504336919956E-4	1.2124715943670462E-6	7.8810653633858E-5	6.668593769018753E-6
14-15	0.002086663613905686	3.1403014294106494E-4	1.2124715943670462E-6	7.941688943104153E-5	7.274829566202277E-6
16-17	0.002586808146582093	3.7222877947068315E-4	1.2124715943670462E-6	8.487301160569323E-5	9.093536957752846E-6
18-19	0.0031378764862219155	3.8071608063125245E-4	1.2124715943670462E-6	9.275407696907903E-5	1.4549659132404553E-5
20-21	0.0036095279364306964	3.9041585338618883E-4	1.2124715943670462E-6	9.942267073809778E-5	1.6368366523955124E-5
22-23	0.004119978477659223	4.037530409242264E-4	1.2124715943670462E-6	1.0427255711556597E-4	1.6974602321138644E-5
24-25	0.004595873578448288	4.1648399266508033E-4	1.2124715943670462E-6	1.1457856566768586E-4	1.6974602321138644E-5
26-27	0.005088743281558492	4.2436505802846615E-4	1.2124715943670462E-6	1.2730951740853985E-4	1.818707391550569E-5
28-29	0.005545238836837685	4.3467106658058607E-4	1.2124715943670462E-6	1.4610282712122904E-4	2.0612017104239783E-5
30-31	0.006066601622415515	4.443708393355224E-4	1.2124715943670462E-6	1.6004625045645007E-4	2.182448869860683E-5
32-33	0.00658190205002151	4.6134544165666105E-4	2.4249431887340924E-6	1.679273158198359E-4	2.3036960292973877E-5
34-35	0.007131757918066965	4.952946462989383E-4	2.4249431887340924E-6	1.764146169804052E-4	2.4855667684524445E-5
36-37	0.007723444056118084	5.407623310877026E-4	2.4249431887340924E-6	1.7944579596632283E-4	2.6068139278891492E-5
38-39	0.008339379626056544	5.656179987722271E-4	2.4249431887340924E-6	1.8065826756068988E-4	2.788684667044206E-5
40-41	0.008964408732952754	5.844113084849162E-4	2.4249431887340924E-6	1.8732686132970865E-4	2.9099318264809107E-5
42-43	0.009542151447668653	5.935048454426691E-4	2.4249431887340924E-6	1.9581416249027795E-4	3.091802565635968E-5
44-45	0.010133231349922587	6.056295613863395E-4	2.4249431887340924E-6	2.0308899205648024E-4	3.334296884509377E-5
46-47	0.010707336649855384	6.219979279102946E-4	2.4249431887340924E-6	2.0672640683958135E-4	3.637414783101138E-5
48-49	0.011330547049360045	6.444286524060849E-4	2.4249431887340924E-6	2.1400123640578363E-4	3.8192855222561954E-5
50-51	0.012038024224673219	6.607970189300401E-4	2.4249431887340924E-6	2.2248853756635294E-4	4.0011562614112525E-5
52-53	0.012849773957101955	7.165707122709242E-4	2.4249431887340924E-6	2.309758387269223E-4	4.1224034208479565E-5
54-55	0.013785195792156132	7.972000732963328E-4	2.4249431887340924E-6	2.3582572510439048E-4	4.243650580284661E-5
56-57	0.01480730934620755	8.590361246090521E-4	2.4249431887340924E-6	2.467379694536939E-4	4.4255213194397184E-5
58-59	0.016003412574050642	9.530026731724983E-4	2.4249431887340924E-6	2.5643774220863026E-4	4.668015638313128E-5
60-61	0.017502027464688312	9.972578863668953E-4	2.4249431887340924E-6	2.994804838086604E-4	4.72863921803148E-5
62-63	0.01931891614884733	0.001088193255944424	2.4249431887340924E-6	3.3282345265375416E-4	4.849886377468185E-5
64-65	0.021553501297265798	0.0011512417788515103	2.4249431887340924E-6	3.667726572960314E-4	4.971133536904889E-5
66-67	0.024106966475002795	0.001178522389724769	2.4249431887340924E-6	3.867784386030877E-4	5.0923806963415937E-5
68-69	0.027238780603252875	0.0011967094636402744	2.4249431887340924E-6	4.1163410628761214E-4	5.0923806963415937E-5
70-71	0.03126842994713175	0.001222777602919166	2.4249431887340924E-6	4.3648977397213657E-4	5.0923806963415937E-5
72-73	0.03708950607168794	0.0012834011826375184	2.4249431887340924E-6	4.6377038484539515E-4	5.274251435496651E-5
74-75	0.045185178907276705	0.0013312938106150166	3.0311789859176156E-6	4.8195745876090083E-4	5.5167457543700595E-5
76-77	0.05499953022788076	0.0013755490238094139	3.6374147831011383E-6	4.934759389073878E-4	6.0017343921168784E-5
78-79	0.06718486975126958	0.0013846425607671668	3.6374147831011383E-6	4.989320610820395E-4	6.365475870426993E-5
80-81	0.08386484147497703	0.0013937360977249193	3.6374147831011383E-6	5.092380696341593E-4	6.789840928455458E-5
82-83	0.10906727603549045	0.00140586081366859	3.6374147831011383E-6	5.201503139834628E-4	6.789840928455458E-5
84-85	0.1465532603185364	0.0014689093365756764	3.6374147831011383E-6	5.407623310877026E-4	6.911088087892162E-5
86-87	0.19555226862589464	0.0015271079731052945	3.6374147831011383E-6	5.874424874708339E-4	6.911088087892162E-5
88-89	0.25660385081705855	0.001549538697601085	4.243650580284662E-6	6.18966748924377E-4	7.09295882704722E-5
>>END_MODULE
