##FastQC	0.11.8
>>Basic Statistics	pass
#Measure	Value
Filename	SRR3184290_2.gz
File type	Conventional base calls
Encoding	Sanger / Illumina 1.9
Total Sequences	105308732
Sequences flagged as poor quality	0
Sequence length	0-100
%GC	49
>>END_MODULE
>>Per base sequence quality	pass
#Base	Mean	Median	Lower Quartile	Upper Quartile	10th Percentile	90th Percentile
1	31.921748560529878	33.0	33.0	33.0	33.0	33.0
2	31.943000229696608	33.0	33.0	33.0	33.0	33.0
3	31.963884635101483	33.0	33.0	33.0	33.0	33.0
4	35.749368613148214	37.0	37.0	37.0	33.0	37.0
5	35.73196510226493	37.0	37.0	37.0	33.0	37.0
6	35.72014690790198	37.0	37.0	37.0	33.0	37.0
7	35.723079368554956	37.0	37.0	37.0	33.0	37.0
8	35.69311289613307	37.0	37.0	37.0	33.0	37.0
9	35.7013714892887	37.0	37.0	37.0	33.0	37.0
10-11	35.721096633643455	37.0	37.0	37.0	33.0	37.0
12-13	35.67165623880154	37.0	37.0	37.0	33.0	37.0
14-15	37.58631242338552	40.0	37.0	40.0	33.0	40.0
16-17	37.550899538253894	40.0	37.0	40.0	33.0	40.0
18-19	37.5205763224412	40.0	37.0	40.0	33.0	40.0
20-21	37.48209729975496	40.0	37.0	40.0	33.0	40.0
22-23	37.42855288850491	40.0	37.0	40.0	33.0	40.0
24-25	37.36204159088426	40.0	37.0	40.0	33.0	40.0
26-27	37.28783121530645	40.0	37.0	40.0	33.0	40.0
28-29	37.19991381958126	40.0	37.0	40.0	33.0	40.0
30-31	37.10626094058614	40.0	37.0	40.0	33.0	40.0
32-33	36.99026218088426	40.0	37.0	40.0	33.0	40.0
34-35	36.900782659382585	40.0	37.0	40.0	33.0	40.0
36-37	36.77839355717728	40.0	37.0	40.0	33.0	40.0
38-39	36.64939338630441	40.0	37.0	40.0	33.0	40.0
40-41	36.50124825815563	40.0	37.0	40.0	33.0	40.0
42-43	36.364003458642216	40.0	37.0	40.0	33.0	40.0
44-45	36.20048248457863	38.5	37.0	40.0	33.0	40.0
46-47	36.04273791006017	37.0	37.0	40.0	33.0	40.0
48-49	35.86272531430434	37.0	37.0	40.0	30.0	40.0
50-51	35.10309265400244	37.0	35.0	38.5	27.0	40.0
52-53	35.08983024651502	37.0	35.0	40.0	27.0	40.0
54-55	35.53299922945804	37.0	37.0	40.0	27.0	40.0
56-57	35.60112750407785	37.0	37.0	40.0	27.0	40.0
58-59	35.43729817529164	37.0	37.0	40.0	27.0	40.0
60-61	35.22377943961958	37.0	35.0	40.0	27.0	40.0
62-63	35.11267545066137	37.0	33.0	40.0	27.0	40.0
64-65	34.97358436409598	37.0	33.0	40.0	27.0	40.0
66-67	34.7523142429254	37.0	33.0	38.5	27.0	40.0
68-69	34.510220596598884	37.0	33.0	37.0	27.0	40.0
70-71	34.27104607347012	37.0	33.0	37.0	27.0	40.0
72-73	34.0369646800486	37.0	33.0	37.0	27.0	40.0
74-75	33.80187798406194	37.0	33.0	37.0	27.0	40.0
76-77	33.57127246189598	37.0	33.0	37.0	27.0	37.0
78-79	33.3565896349663	37.0	33.0	37.0	27.0	37.0
80-81	33.15082091215686	37.0	33.0	37.0	27.0	37.0
82-83	32.97168097388858	37.0	33.0	37.0	27.0	37.0
84-85	32.793755970935415	37.0	33.0	37.0	27.0	37.0
86-87	32.639761605732915	37.0	33.0	37.0	27.0	37.0
88-89	32.49141489364784	37.0	33.0	37.0	27.0	37.0
90-91	32.333790666089655	37.0	33.0	37.0	22.0	37.0
92-93	32.1801962912822	37.0	33.0	37.0	22.0	37.0
94-95	32.02949566028434	37.0	33.0	37.0	22.0	37.0
96-97	31.847155141458316	37.0	33.0	37.0	22.0	37.0
98-99	31.64949474874169	37.0	33.0	37.0	22.0	37.0
100	30.845315628326137	33.0	33.0	37.0	15.0	37.0
>>END_MODULE
>>Per sequence quality scores	pass
#Quality	Count
2	799450.0
3	173282.0
4	144043.0
5	136545.0
6	140013.0
7	152703.0
8	165271.0
9	180446.0
10	197354.0
11	203244.0
12	205883.0
13	205898.0
14	210709.0
15	217657.0
16	223276.0
17	230586.0
18	239137.0
19	251201.0
20	272210.0
21	306529.0
22	355387.0
23	425023.0
24	512800.0
25	620980.0
26	753757.0
27	915920.0
28	1112849.0
29	1369976.0
30	1709350.0
31	2182460.0
32	2876746.0
33	3909609.0
34	5427766.0
35	7988667.0
36	1.3941897E7
37	2.9171934E7
38	2.7153812E7
39	224172.0
>>END_MODULE
>>Per base sequence content	fail
#Base	G	A	T	C
1	25.873638957012528	13.537060755249422	12.658581246386003	47.93071904135204
2	22.46071619757421	19.354450786299175	38.73372413384061	19.451108882286004
3	26.050755396655887	22.452914197693318	25.193806836556643	26.302523569094156
4	26.839004863862943	30.79777382761868	19.585232344774038	22.777988963744342
5	28.375544715683134	31.575839316696158	20.893390755025937	19.155225212594775
6	21.998533112688683	33.911741153227624	21.706609509036788	22.383116225046905
7	19.48393490073194	16.531631873766372	40.50148774773832	23.48294547776337
8	20.588435943016634	20.392584630705915	28.398628309607233	30.620351116670225
9	21.50466309548891	19.984322293250017	30.80933751428304	27.701677096978035
10-11	25.464946881202444	29.68237901423178	20.84681282086628	24.005861283699495
12-13	23.358366326017986	23.41819026043404	27.809787267084452	25.413656146463516
14-15	24.039076221080506	24.780131987071428	26.754323096750788	24.426468695097277
16-17	24.783280242082505	25.159542056406202	25.463438742929767	24.59373895858153
18-19	24.614630797196206	25.429600243326995	25.25275205918774	24.70301690028906
20-21	24.64434745389438	25.45860587044481	25.43154461897578	24.46550205668503
22-23	24.62280276086072	25.7473526558582	25.43289714628339	24.196947436997693
24-25	24.56235357793529	25.744060735615175	25.37651808680935	24.317067599640183
26-27	24.3244142714488	25.752848293392727	25.589434608891526	24.333302826266948
28-29	24.402743306298685	25.5071298558285	25.5205030162318	24.56962382164102
30-31	24.31663522072599	25.60912400425574	25.494974315904578	24.57926645911369
32-33	24.323607016011948	25.734389841491716	25.56632497239496	24.375678170101374
34-35	24.55067511501723	25.70733289276259	25.303543023123808	24.43844896909637
36-37	24.411142273586336	25.539112185485468	25.393357458488396	24.656388082439797
38-39	24.325620803864496	25.64852452861312	25.533392681112066	24.492461986410323
40-41	24.566299239488025	25.625931533300385	25.37043312699047	24.43733610022112
42-43	24.387410744151527	25.495571307840414	25.55808036469338	24.558937583314677
44-45	24.33927995680053	25.67357572691132	25.61666780535704	24.37047651093111
46-47	24.482232900886	25.62020933386437	25.434453272650327	24.463104492599307
48-49	24.393349305806606	25.53954047774901	25.482114124781102	24.58499609166328
50-51	24.349356081089585	25.63199904243973	25.538337678215573	24.48030719825511
52-53	24.46016345920755	25.734437722950116	25.31295077934023	24.492448038502097
54-55	24.33020608396089	25.54838919970997	25.45499324652688	24.666411469802267
56-57	24.30416852004778	25.60842849918952	25.569092490596535	24.51831049016616
58-59	24.547491520781673	25.622585024673672	25.397967600519877	24.431955854024782
60-61	24.39523357356785	25.62644193569615	25.401528831349378	24.57679565938662
62-63	24.25149234076085	25.712587411839717	25.609102770769542	24.426817476629886
64-65	24.478686236007135	25.685391488456283	25.413112541248754	24.42280973428783
66-67	24.399850792882436	25.590736293143422	25.445994379405075	24.563418534569067
68-69	24.40472148680562	25.675417334894362	25.553201994185827	24.366659184114194
70-71	24.421893689859317	25.671441098774018	25.370726298004353	24.53593891336231
72-73	24.36744775606699	25.691071540970395	25.378691783432267	24.562788919530345
74-75	24.439068071237312	25.77646553911101	25.426402372446095	24.35806401720558
76-77	24.55642183313855	25.648031958860372	25.361402743341788	24.434143464659293
78-79	24.45915205502339	25.484972354857188	25.540780446536765	24.51509514358266
80-81	24.4360525523798	25.6774513256031	25.528784883281364	24.35771123873574
82-83	24.493045453991254	25.631306018664656	25.466557004911817	24.409091522432277
84-85	24.476514767271116	25.571453793337877	25.52110452521386	24.430926914177146
86-87	24.407878280454494	25.72631146290266	25.55808863715602	24.30772161948683
88-89	24.533087511714402	25.659444284365208	25.391915188960684	24.41555301495971
90-91	24.413691805644945	25.6074603057739	25.44324185850651	24.535606030074646
92-93	24.434947232214636	25.68805540580502	25.56287459531303	24.314122766667314
94-95	24.630749441988716	25.608272351479844	25.27809122623324	24.4828869802982
96-97	24.520010686707337	25.37615921803806	25.44658402643552	24.65724606881907
98-99	23.79915509371123	25.07379329910289	26.095050369335805	25.032001237850082
100	25.348860858643903	24.22743067853583	25.30776754228985	25.115940920530416
>>END_MODULE
>>Per sequence GC content	pass
#GC Content	Count
0	680.0
1	702.5
2	745.0
3	804.5
4	888.5
5	993.0
6	1097.5
7	1277.5
8	1526.5
9	1735.5
10	1943.5
11	2192.5
12	2541.0
13	3007.0
14	3795.5
15	5147.0
16	7594.5
17	11569.5
18	18140.5
19	28676.0
20	46630.0
21	73036.5
22	113014.5
23	170062.5
24	241995.5
25	337543.5
26	460958.5
27	600336.0
28	751711.5
29	913124.5
30	1074327.0
31	1248629.0
32	1420202.5
33	1571413.5
34	1722839.0
35	1883388.5
36	2049910.5
37	2225118.5
38	2384448.0
39	2545210.0
40	2678214.5
41	2771512.0
42	2887886.0
43	3014818.0
44	3113063.5
45	3207239.0
46	3304509.5
47	3329439.5
48	3335753.5
49	3328488.5
50	3333012.0
51	3376713.0
52	3373597.5
53	3314969.5
54	3263811.5
55	3219617.5
56	3126928.5
57	2961369.5
58	2820396.5
59	2733472.5
60	2597810.5
61	2440208.5
62	2240273.5
63	2039448.5
64	1859945.5
65	1657965.0
66	1460630.5
67	1279401.5
68	1099499.5
69	921552.5
70	751802.0
71	605880.5
72	522571.0
73	446248.5
74	367831.0
75	308466.0
76	253281.5
77	212157.0
78	171578.0
79	127465.5
80	94322.5
81	69204.0
82	48203.0
83	32767.0
84	21093.0
85	14116.0
86	10316.0
87	8044.5
88	6347.5
89	5087.0
90	4137.0
91	3450.5
92	2984.0
93	2474.5
94	1974.5
95	1642.0
96	1421.5
97	1206.0
98	1000.0
99	880.0
100	792.5
>>END_MODULE
>>Per base N content	pass
#Base	N-Count
1	0.216077438428499
2	0.03160334376500384
3	0.03029301208173748
4	0.026793173367215324
5	0.018637038062052677
6	0.0
7	0.0
8	0.0
9	0.0
10-11	0.0
12-13	0.0
14-15	2.3551919377677377E-4
16-17	0.005618870534845675
18-19	9.544639314111011E-4
20-21	0.0
22-23	1.8995052952152957E-6
24-25	0.0
26-27	0.0
28-29	0.0
30-31	0.0
32-33	0.0
34-35	0.0
36-37	0.0
38-39	0.0
40-41	0.0
42-43	0.0
44-45	0.0
46-47	0.0
48-49	0.0
50-51	0.0
52-53	0.0
54-55	0.0
56-57	0.0
58-59	0.0
60-61	0.0
62-63	0.0
64-65	0.0
66-67	0.0
68-69	0.0
70-71	0.0
72-73	0.0
74-75	0.0
76-77	0.0
78-79	0.0
80-81	0.0
82-83	0.0
84-85	0.0
86-87	0.0
88-89	0.0
90-91	0.0
92-93	0.0
94-95	0.0
96-97	0.0
98-99	0.0
100	1.0083496900257426E-4
>>END_MODULE
>>Sequence Length Distribution	fail
#Length	Count
0-1	255.0
2-3	1802.0
4-5	699.0
6-7	580.0
8-9	1833.0
10-11	1496.0
12-13	2186.0
14-15	2356.0
16-17	2290.0
18-19	2114.0
20-21	2057.0
22-23	1918.0
24-25	1682.0
26-27	1557.0
28-29	1471.0
30-31	1263.0
32-33	1238.0
34-35	1282.0
36-37	1448.0
38-39	1505.0
40-41	1387.0
42-43	1456.0
44-45	1652.0
46-47	2054.0
48-49	2806.0
50-51	3490.0
52-53	3898.0
54-55	4640.0
56-57	7404.0
58-59	11390.0
60-61	14758.0
62-63	17383.0
64-65	19579.0
66-67	25994.0
68-69	37726.0
70-71	51784.0
72-73	65110.0
74-75	73801.0
76-77	87733.0
78-79	113868.0
80-81	151659.0
82-83	195379.0
84-85	222385.0
86-87	246364.0
88-89	295160.0
90-91	365654.0
92-93	439300.0
94-95	601713.0
96-97	3040228.0
98-99	0.0
100-101	9.9171945E7
>>END_MODULE
>>Sequence Duplication Levels	fail
#Total Deduplicated Percentage	34.44361522175532
#Duplication Level	Percentage of deduplicated	Percentage of total
1	66.05837436628073	22.752892288468388
2	14.86190063348492	10.237951737674326
3	6.230844435392523	6.438384247178261
4	3.3750309177525235	4.649930651703827
5	2.1271770793612004	3.6633834415027238
6	1.3936867978978484	2.8802167083860257
7	0.997439721542768	2.4048800982999716
8	0.7274887401559434	2.0045873795272686
9	0.5609000959899977	1.7387484375712599
>10	3.2470781952968917	20.475898173492105
>50	0.24929805473934305	5.9334442133510255
>100	0.15350624542315525	10.114500565080407
>500	0.011537434001037824	2.7137950387953174
>1k	0.005519432071656435	3.361069716766189
>5k	1.8475937762647322E-4	0.4204626033722798
>10k+	3.3091231813696696E-5	0.20985469883070107
>>END_MODULE
>>Overrepresented sequences	pass
>>END_MODULE
>>Adapter Content	pass
#Position	Illumina Universal Adapter	Illumina Small RNA 3' Adapter	Illumina Small RNA 5' Adapter	Nextera Transposase Sequence	SOLID Small RNA Adapter
1	9.495888716996422E-7	1.6143010818893918E-5	0.0	1.1395066460395706E-5	0.0
2	9.495888716996422E-7	8.641258732466744E-5	0.0	8.261423183786887E-5	0.0
3	9.495888716996422E-7	9.211012055486528E-5	0.0	8.641258732466744E-5	0.0
4	1.2344655332095348E-5	9.400929829826458E-5	0.0	9.68580649133635E-5	0.0
5	1.709259969059356E-5	9.780765378506314E-5	0.0	9.780765378506314E-5	0.0
6	1.8991777433992842E-5	1.0065642040016206E-4	0.0	9.780765378506314E-5	0.0
7	1.9941366305692485E-5	1.376903863964481E-4	0.0	9.780765378506314E-5	0.0
8	2.4689310664190696E-5	1.4908545285684382E-4	0.0	1.0255559814356136E-4	0.0
9	2.8487666150989266E-5	1.5953093044553988E-4	0.0	1.1015230911715849E-4	0.0
10-11	3.7983554867985684E-5	1.7187558577763524E-4	0.0	1.1157669242470796E-4	3.323561050948748E-6
12-13	4.8429032456681745E-5	1.851698299814302E-4	4.747944358498211E-7	1.1632463678320617E-4	7.596710973597137E-6
14-15	6.884519319822406E-5	2.1508187943996895E-4	9.495888716996422E-7	1.2534573106435276E-4	8.071505409446957E-6
16-17	8.736217619636708E-5	2.5116625656455534E-4	9.495888716996422E-7	1.3911476970399756E-4	1.1395066460395706E-5
18-19	1.0350518701526099E-4	2.639857063325005E-4	9.495888716996422E-7	1.48610658420994E-4	1.3769038639644811E-5
20-21	1.2819449767945167E-4	2.7585556722874605E-4	9.495888716996422E-7	1.6095531375308933E-4	1.4718627511344455E-5
22-23	1.4956024729269364E-4	2.858262503815923E-4	9.495888716996422E-7	1.7947229675123238E-4	1.5193421947194275E-5
24-25	1.7709832457198327E-4	3.014944667646364E-4	9.495888716996422E-7	1.9514051313427645E-4	1.6143010818893915E-5
26-27	2.0606078515882233E-4	3.1336432766088194E-4	9.495888716996422E-7	2.0558599072297254E-4	1.8516982998143022E-5
28-29	2.2885091807961375E-4	3.2523418855712747E-4	9.495888716996422E-7	2.112835239531704E-4	2.136574961324195E-5
30-31	2.554394064872037E-4	3.3615446058167335E-4	9.495888716996422E-7	2.2030461823431698E-4	2.2315338484941592E-5
32-33	2.768051561004457E-4	3.579950046307651E-4	9.495888716996422E-7	2.2885091807961375E-4	2.5164105100040516E-5
34-35	2.995952890212371E-4	3.774615765006077E-4	9.495888716996422E-7	2.345484513098116E-4	2.70632828434398E-5
36-37	3.20961038634479E-4	4.168695146761429E-4	9.495888716996422E-7	2.3882160123245999E-4	2.8962460586839086E-5
38-39	3.4280158268357077E-4	4.3728567541768525E-4	1.4243833075494633E-6	2.4404434002680804E-4	2.9912049458538726E-5
40-41	3.674908933477615E-4	4.4915553631393073E-4	2.3739721792491052E-6	2.5116625656455534E-4	3.1336432766088196E-5
42-43	3.8790705408930383E-4	4.596010139026268E-4	2.8487666150989265E-6	2.6873365069099875E-4	3.3235610509487477E-5
44-45	4.083232148308461E-4	4.8144155795171856E-4	2.8487666150989265E-6	2.7585556722874605E-4	3.418519938118712E-5
46-47	4.363360865459856E-4	5.085048407951584E-4	2.8487666150989265E-6	2.8345227820234317E-4	3.465999381703693E-5
48-49	4.6244978051772573E-4	5.274966182291512E-4	2.8487666150989265E-6	2.948473446627389E-4	3.655917156043623E-5
50-51	4.804919690800189E-4	5.426900401763455E-4	2.8487666150989265E-6	3.1146514991748264E-4	3.750876043213586E-5
52-53	5.061308686159093E-4	5.86371128274529E-4	2.8487666150989265E-6	3.261837774288271E-4	3.7983554867985684E-5
54-55	5.379420958178473E-4	6.177075610406173E-4	2.8487666150989265E-6	3.3615446058167335E-4	3.893314373968533E-5
56-57	5.70702911891485E-4	6.452456383199068E-4	2.8487666150989265E-6	3.5039829365716795E-4	4.178191035478426E-5
58-59	6.162831777330678E-4	6.680357712406982E-4	3.323561050948748E-6	3.755623987572084E-4	4.415588253403336E-5
60-61	6.632878268822E-4	6.841787820595921E-4	3.7983554867985687E-6	4.2161745903464113E-4	4.4630676969883184E-5
62-63	7.51124797514417E-4	7.207379536200284E-4	3.7983554867985687E-6	4.434580030837329E-4	4.747944358498211E-5
64-65	8.332642349164359E-4	7.335574033879735E-4	3.7983554867985687E-6	4.5912621946677697E-4	5.032821020008103E-5
66-67	9.377190108033966E-4	7.677426027691606E-4	3.7983554867985687E-6	4.752692302856709E-4	5.127779907178068E-5
68-69	0.0010345770757167602	7.758141081786077E-4	5.222738794348032E-6	5.0423169087251E-4	5.1752593507630495E-5
70-71	0.0011133929520678303	7.981294466635492E-4	5.697533230197853E-6	5.293957959725505E-4	5.3176976815179965E-5
72-73	0.001223070466749139	8.270919072503884E-4	5.697533230197853E-6	5.474379845348436E-4	5.602574343027889E-5
74-75	0.0013826013971946789	8.498820401711797E-4	5.697533230197853E-6	5.735516785065839E-4	5.982409891707745E-5
76-77	0.0015264641112571749	8.603275177598758E-4	5.697533230197853E-6	5.94442633683976E-4	6.172327666047675E-5
78-79	0.0016437383369120805	8.688738176051726E-4	5.697533230197853E-6	5.996653724783241E-4	6.219807109632657E-5
80-81	0.001790924612025525	8.802688840655683E-4	5.697533230197853E-6	6.376489273463098E-4	6.267286553217638E-5
82-83	0.0021080872951732056	8.987858670637112E-4	5.697533230197853E-6	6.490439938067054E-4	6.267286553217638E-5
84-85	0.0023369382132528193	9.405677774184955E-4	6.172327666047674E-6	6.751576877784455E-4	6.31476599680262E-5
86-87	0.002426199567192586	9.657318825185361E-4	6.647122101897495E-6	7.639442472823621E-4	6.457204327557566E-5
88-89	0.002427623950500135	9.814000989015802E-4	7.121916537747316E-6	7.967050633559998E-4	6.694601545482478E-5
>>END_MODULE
