##FastQC	0.11.8
>>Basic Statistics	pass
#Measure	Value
Filename	SRR3184295_1.gz
File type	Conventional base calls
Encoding	Sanger / Illumina 1.9
Total Sequences	87615052
Sequences flagged as poor quality	0
Sequence length	0-100
%GC	51
>>END_MODULE
>>Per base sequence quality	pass
#Base	Mean	Median	Lower Quartile	Upper Quartile	10th Percentile	90th Percentile
1	32.64222059489425	33.0	33.0	33.0	33.0	33.0
2	32.68131492723568	33.0	33.0	33.0	33.0	33.0
3	32.575972427421846	33.0	33.0	33.0	33.0	33.0
4	34.06973629259619	37.0	37.0	37.0	33.0	37.0
5	34.930223663072134	37.0	37.0	37.0	33.0	37.0
6	35.995932265737075	37.0	37.0	37.0	33.0	37.0
7	36.27952518533656	37.0	37.0	37.0	33.0	37.0
8	36.29865848340323	37.0	37.0	37.0	33.0	37.0
9	36.31657757422309	37.0	37.0	37.0	33.0	37.0
10-11	36.31550604859924	37.0	37.0	37.0	37.0	37.0
12-13	36.28252757544497	37.0	37.0	37.0	33.0	37.0
14-15	38.092413700000066	40.0	37.0	40.0	33.0	40.0
16-17	38.110384438024354	40.0	37.0	40.0	33.0	40.0
18-19	38.081199039644716	40.0	37.0	40.0	33.0	40.0
20-21	38.063872045089354	40.0	37.0	40.0	33.0	40.0
22-23	37.97349019586328	40.0	37.0	40.0	33.0	40.0
24-25	37.93504791356198	40.0	37.0	40.0	33.0	40.0
26-27	36.40769416544881	40.0	37.0	40.0	27.5	40.0
28-29	36.34953702557856	40.0	37.0	40.0	27.5	40.0
30-31	37.30923570986862	40.0	37.0	40.0	33.0	40.0
32-33	37.31517162090529	40.0	37.0	40.0	33.0	40.0
34-35	37.28206553798866	40.0	37.0	40.0	33.0	40.0
36-37	37.17201617146138	40.0	37.0	40.0	33.0	40.0
38-39	37.096689619082966	40.0	37.0	40.0	33.0	40.0
40-41	37.05967416339545	40.0	37.0	40.0	33.0	40.0
42-43	37.06179799190528	40.0	37.0	40.0	33.0	40.0
44-45	37.0799937471739	40.0	37.0	40.0	33.0	40.0
46-47	36.93566289412285	38.5	37.0	40.0	33.0	40.0
48-49	36.770286198590725	37.0	37.0	40.0	33.0	40.0
50-51	36.62835834601424	37.0	37.0	40.0	33.0	40.0
52-53	36.45467593570916	37.0	37.0	40.0	33.0	40.0
54-55	36.26933827488273	37.0	37.0	40.0	33.0	40.0
56-57	36.080905672407326	37.0	37.0	40.0	33.0	40.0
58-59	35.83751726742551	37.0	37.0	40.0	33.0	40.0
60-61	35.60640114025924	37.0	35.0	40.0	33.0	40.0
62-63	35.36145703797724	37.0	33.0	38.5	27.0	40.0
64-65	35.082708039043524	37.0	33.0	37.0	27.0	40.0
66-67	34.82254860245705	37.0	33.0	37.0	27.0	40.0
68-69	34.581866318290594	37.0	33.0	37.0	27.0	40.0
70-71	34.33710907234686	37.0	33.0	37.0	27.0	40.0
72-73	34.08969668924513	37.0	33.0	37.0	27.0	37.0
74-75	33.88610644328031	37.0	33.0	37.0	27.0	37.0
76-77	33.04184895418955	35.0	33.0	37.0	27.0	37.0
78-79	33.434213392817725	37.0	33.0	37.0	27.0	37.0
80-81	33.34537089513721	37.0	33.0	37.0	27.0	37.0
82-83	33.193861496454076	37.0	33.0	37.0	27.0	37.0
84-85	33.15762412467565	37.0	33.0	37.0	27.0	37.0
86-87	32.99755234784509	37.0	33.0	37.0	27.0	37.0
88-89	32.84951969545986	37.0	33.0	37.0	27.0	37.0
90-91	32.68634488281185	37.0	33.0	37.0	27.0	37.0
92-93	32.505763429588114	37.0	33.0	37.0	27.0	37.0
94-95	32.307250955316164	33.0	33.0	37.0	27.0	37.0
96-97	32.1080371910746	33.0	33.0	37.0	24.5	37.0
98-99	31.872872514275436	33.0	33.0	37.0	22.0	37.0
100	30.485681222762405	33.0	33.0	37.0	15.0	37.0
>>END_MODULE
>>Per sequence quality scores	pass
#Quality	Count
2	401.0
3	440.0
4	683.0
5	1457.0
6	3800.0
7	9437.0
8	23668.0
9	42488.0
10	60543.0
11	74618.0
12	86979.0
13	100080.0
14	113333.0
15	127222.0
16	142257.0
17	157587.0
18	172473.0
19	189406.0
20	209449.0
21	238646.0
22	282299.0
23	346427.0
24	436335.0
25	551711.0
26	698247.0
27	884151.0
28	1107939.0
29	1392569.0
30	1757098.0
31	2233291.0
32	2897716.0
33	3845014.0
34	5310232.0
35	8167080.0
36	1.5486727E7
37	2.7108348E7
38	1.3155692E7
39	29481.0
>>END_MODULE
>>Per base sequence content	warn
#Base	G	A	T	C
1	28.83454449258108	12.10752330316662	12.256419373299927	46.801512830952376
2	20.828617925540314	18.75791764527067	32.306022558229564	28.107441870959455
3	24.730869698167105	21.06719157719958	22.5654216269042	31.636517097729115
4	27.211157008205383	28.025784830097905	19.207265724617123	25.55579243707959
5	32.680194886418704	28.02965324775912	19.559463602036466	19.730688263785705
6	26.573087792347206	32.51820135958793	19.62674490989404	21.281965938170828
7	22.882040937565804	19.289888091958353	35.55440074509292	22.273670225382926
8	23.315323078063262	21.810874706654758	27.47190524841377	27.40189696686821
9	23.60366396155444	20.30842216128971	29.64080144209518	26.44711243506067
10-11	26.48253252058511	28.8551195051223	20.906853339650116	23.755494634642467
12-13	25.308697774018096	23.218328469229732	25.70479353267582	25.76818022407635
14-15	25.770649232470184	23.79065456431665	25.48171037613369	24.956985827079475
16-17	26.25006561060328	24.09115929211113	24.437070176186033	25.22170492109956
18-19	25.99149463590797	24.193961750975287	24.27883347488155	25.53571013823519
20-21	25.83736795795422	24.02084304119427	24.549189436365157	25.592599564486353
22-23	25.96698598563108	24.027856658132027	24.459105243206135	25.54605211303076
24-25	26.19311608207579	24.149938073108835	24.51238677722905	25.144559067586325
26-27	25.720720831471173	24.72979634414389	24.328763075545687	25.220719748839254
28-29	25.49961196734294	23.916940473415004	24.51807935986437	26.065368199377687
30-31	25.67640958944392	23.924337368827413	24.645543194477003	25.75370984725166
32-33	25.976555084631542	23.964345881893617	24.53397552012901	25.525123513345825
34-35	25.93544868766977	24.059394884380488	24.234341418669974	25.77081500927977
36-37	25.81105655980712	23.990518161174755	24.25210701010884	25.94631826890929
38-39	25.592579015104917	24.173605288405966	24.40572098999049	25.82809470649863
40-41	25.804510260933693	24.148256695687664	24.398967243443227	25.64826579993541
42-43	25.778684212999853	24.17832906738579	24.410631031236715	25.63235568837764
44-45	25.600636606923477	24.122978287082297	24.634144139573202	25.642240966421028
46-47	25.630904774083778	24.363781671687153	24.238436979795587	25.766876574433482
48-49	25.50631635014473	24.309717180569148	24.392274703886958	25.79169176539916
50-51	25.8020425454761	24.159846682300532	24.548090530622332	25.490020241601037
52-53	25.802654502309085	24.31549308032401	24.282628358941114	25.59922405842579
54-55	25.39828058624865	24.321790068227592	24.382895045199223	25.89703430032454
56-57	25.268465783187082	24.19151907632084	24.6688523414128	25.871162799079272
58-59	25.621650427612845	24.046881722856188	24.591047481605457	25.740420367925516
60-61	25.435609925366688	24.137329201077822	24.634849311737188	25.792211561818302
62-63	25.490199144177282	24.35300452758318	24.56551064725841	25.591285680981123
64-65	25.549764647902016	24.42950280872338	24.196195183801105	25.824537359573497
66-67	25.446947628440086	24.267703532913266	24.368446964875634	25.916901873771014
68-69	25.751677978145548	24.402990662917226	24.601857054824666	25.243474304112564
70-71	25.863236183109073	24.15618975976901	24.478934373025744	25.501639684096173
72-73	25.422166910283295	24.354168613423372	24.485905110932286	25.737759365361047
74-75	25.48076837949047	24.60303970030763	24.450284476556025	25.465907443645875
76-77	25.779152000257028	24.296103890834306	24.58195563831349	25.342788470595178
78-79	25.790890217777317	24.35449262364778	24.476923929923473	25.377693228651427
80-81	25.432483105847396	24.41973519736133	24.53876411003093	25.609017586760345
82-83	25.47862208983687	24.344703917017082	24.55771515509969	25.618958838046364
84-85	25.600077911863835	24.428789085399693	24.271299358288452	25.699833644448024
86-87	25.52960054476547	24.47664354892502	24.792588606822704	25.201167299486805
88-89	25.41023765119529	24.305376514691453	24.63933708837033	25.645048745742926
90-91	25.101379523970706	24.41003428243682	24.619224016043052	25.869362177549426
92-93	25.139443264829147	24.415064729151442	24.55379750723591	25.891694498783497
94-95	25.507118477101688	24.413893304239647	24.319836015734825	25.75915220292384
96-97	25.550393494017353	23.95176584322808	24.721594194482062	25.7762464682725
98-99	24.596753718393487	23.833743767308025	25.10825460861127	26.46124790568722
100	25.84238235863171	23.042378315277254	24.397593683902016	26.717645642189026
>>END_MODULE
>>Per sequence GC content	fail
#GC Content	Count
0	686.0
1	628.0
2	562.0
3	561.0
4	598.5
5	639.0
6	664.0
7	723.5
8	809.0
9	916.0
10	1051.5
11	1185.0
12	1328.0
13	1669.5
14	2140.5
15	2718.0
16	3719.0
17	5676.0
18	9000.5
19	14194.5
20	22181.5
21	34628.0
22	52917.0
23	77875.5
24	111690.0
25	154760.0
26	207682.5
27	269890.0
28	341907.5
29	423449.0
30	508500.5
31	605276.5
32	712681.0
33	810592.5
34	922033.5
35	1066612.5
36	1212437.5
37	1374414.0
38	1510168.5
39	1638285.5
40	1784674.5
41	1899607.0
42	2048789.0
43	2206739.5
44	2320233.0
45	2421805.0
46	2499095.0
47	2577510.5
48	2695961.5
49	2817289.5
50	2946024.0
51	2990508.0
52	2921335.5
53	2846518.5
54	2808177.0
55	2941112.5
56	3180409.0
57	3140582.5
58	3009272.5
59	3090042.0
60	3167536.0
61	3067412.0
62	2671746.0
63	2165476.0
64	1848274.0
65	1656392.0
66	1472993.0
67	1312418.5
68	1140747.0
69	951788.0
70	768877.5
71	598973.0
72	468582.0
73	368109.5
74	296608.5
75	242768.5
76	193474.5
77	152811.0
78	119810.5
79	89780.5
80	62604.5
81	41138.0
82	26319.5
83	16897.0
84	11058.0
85	8395.5
86	6990.5
87	6121.0
88	5242.5
89	4550.0
90	4301.0
91	4111.0
92	3852.5
93	3507.0
94	3060.5
95	2755.5
96	2637.0
97	2555.0
98	2524.0
99	2514.0
100	2509.5
>>END_MODULE
>>Per base N content	warn
#Base	N-Count
1	0.08344757233674381
2	0.0
3	0.0
4	7.0699963401895065
5	0.0
6	0.0
7	0.0
8	0.0
9	0.0
10-11	0.0
12-13	0.0
14-15	0.0
16-17	0.0
18-19	5.720660785976116E-7
20-21	0.0
22-23	0.0
24-25	0.0
26-27	2.483582224425087
28-29	0.0
30-31	0.0
32-33	0.0
34-35	0.0
36-37	0.0
38-39	0.0
40-41	0.0
42-43	0.0
44-45	0.0
46-47	0.0
48-49	0.0
50-51	0.0
52-53	0.0
54-55	0.0
56-57	0.0
58-59	0.0
60-61	0.0
62-63	0.0
64-65	0.0
66-67	0.0
68-69	0.0
70-71	0.0
72-73	0.0
74-75	0.0
76-77	0.0
78-79	8.884494305933331E-5
80-81	0.001766345571872266
82-83	0.006631304564149049
84-85	0.011344031515298168
86-87	6.232003940921888E-4
88-89	0.0
90-91	0.0
92-93	0.0
94-95	0.0
96-97	0.0
98-99	0.0
100	0.0
>>END_MODULE
>>Sequence Length Distribution	fail
#Length	Count
0-1	170335.0
2-3	3031.0
4-5	3575.0
6-7	2741.0
8-9	5702.0
10-11	5036.0
12-13	6546.0
14-15	6668.0
16-17	7107.0
18-19	6788.0
20-21	6403.0
22-23	5764.0
24-25	4983.0
26-27	4511.0
28-29	4418.0
30-31	4220.0
32-33	4298.0
34-35	4416.0
36-37	4338.0
38-39	3914.0
40-41	3715.0
42-43	3743.0
44-45	3933.0
46-47	3691.0
48-49	3855.0
50-51	4156.0
52-53	4197.0
54-55	4361.0
56-57	4486.0
58-59	4874.0
60-61	5376.0
62-63	5672.0
64-65	6933.0
66-67	6763.0
68-69	7369.0
70-71	8823.0
72-73	9981.0
74-75	11223.0
76-77	12797.0
78-79	15660.0
80-81	20022.0
82-83	26146.0
84-85	32402.0
86-87	38475.0
88-89	50101.0
90-91	66733.0
92-93	86373.0
94-95	200353.0
96-97	2114810.0
98-99	0.0
100-101	8.4583235E7
>>END_MODULE
>>Sequence Duplication Levels	fail
#Total Deduplicated Percentage	35.37172824560699
#Duplication Level	Percentage of deduplicated	Percentage of total
1	70.51512319680526	24.94241774922893
2	14.104309825481284	9.977876284775371
3	5.427931328020811	5.759859356117062
4	2.833260642092656	4.008693019243015
5	1.635812269196752	2.8930753523428607
6	1.0679395201889152	2.2664919894519735
7	0.7346554837208117	1.819022388702225
8	0.543074931118579	1.5367599104422487
9	0.4006751429015525	1.2755315042535111
>10	2.347595156932343	15.456351732389281
>50	0.21078466513746535	5.195589987559858
>100	0.1527485281364629	10.604463168469298
>500	0.014970311567705829	3.6426385262671044
>1k	0.010082219731040367	6.793499229814964
>5k	7.519131816145424E-4	1.8220022206429796
>10k+	2.848657868671835E-4	2.0057275802992818
>>END_MODULE
>>Overrepresented sequences	warn
#Sequence	Count	Percentage	Possible Source
	169728	0.1937201384072682	No Hit
>>END_MODULE
>>Adapter Content	pass
#Position	Illumina Universal Adapter	Illumina Small RNA 3' Adapter	Illumina Small RNA 5' Adapter	Nextera Transposase Sequence	SOLID Small RNA Adapter
1	0.0	9.130851169271691E-6	0.0	4.565425584635846E-6	2.282712792317923E-6
2	0.0	6.049188899642495E-5	0.0	2.0544415130861305E-5	3.424069188476884E-6
3	1.1413563961589614E-6	7.07640965618556E-5	0.0	2.6251197111656112E-5	3.424069188476884E-6
4	3.424069188476884E-6	7.418816575033249E-5	0.0	3.0816622696291954E-5	3.424069188476884E-6
5	3.424069188476884E-6	7.989494773112729E-5	0.0	3.195797909245092E-5	4.565425584635846E-6
6	3.424069188476884E-6	8.446037331576314E-5	0.0	3.424069188476884E-5	4.565425584635846E-6
7	4.565425584635846E-6	1.0500478844662445E-4	0.0	3.6523404677086765E-5	4.565425584635846E-6
8	5.706781980794807E-6	1.1299428321973717E-4	0.0	3.9947473865563646E-5	4.565425584635846E-6
9	5.706781980794807E-6	1.209837779928499E-4	0.0	4.223018665788157E-5	4.565425584635846E-6
10-11	6.848138376953768E-6	1.3068530736020105E-4	0.0	4.508357764827897E-5	5.706781980794807E-6
12-13	1.0272207565430653E-5	1.381041239352343E-4	1.1413563961589614E-6	4.73662904405969E-5	5.706781980794807E-6
14-15	1.3696276753907537E-5	1.5864853906609564E-4	2.282712792317923E-6	5.1931716025232746E-5	6.277460178874288E-6
16-17	1.654966774430494E-5	1.7919295419695694E-4	2.282712792317923E-6	5.8209176204107035E-5	6.848138376953768E-6
18-19	2.225644972509975E-5	1.860410925739107E-4	3.424069188476884E-6	6.106256719450444E-5	6.848138376953768E-6
20-21	2.6251197111656112E-5	2.0430279491245407E-4	3.424069188476884E-6	6.334527998682235E-5	6.848138376953768E-6
22-23	3.25286572905304E-5	2.1058025509132836E-4	4.565425584635846E-6	6.562799277914028E-5	6.848138376953768E-6
24-25	3.6523404677086765E-5	2.2085246265675905E-4	4.565425584635846E-6	7.418816575033249E-5	6.848138376953768E-6
26-27	4.165950845980209E-5	2.305539920241102E-4	4.565425584635846E-6	8.046562592920678E-5	6.848138376953768E-6
28-29	4.907832503483534E-5	2.425382341837793E-4	4.565425584635846E-6	9.130851169271691E-5	6.848138376953768E-6
30-31	5.421442881755066E-5	2.5223976355113044E-4	4.565425584635846E-6	9.47325808811938E-5	9.701529367351172E-6
32-33	6.22039235906634E-5	2.65936040305038E-4	4.565425584635846E-6	1.03292753852386E-4	1.0842885763510133E-5
34-35	6.734002737337873E-5	2.9047520282245566E-4	4.565425584635846E-6	1.0614614484278341E-4	1.1413563961589614E-5
36-37	7.41881657503325E-5	3.2642792930146294E-4	4.565425584635846E-6	1.0842885763510132E-4	1.1413563961589614E-5
38-39	8.103630412728625E-5	3.4240691884768843E-4	4.565425584635846E-6	1.1071157042741925E-4	1.2554920357748575E-5
40-41	8.788444250424002E-5	3.475430226304037E-4	4.565425584635846E-6	1.1299428321973718E-4	1.4266954951987018E-5
42-43	9.47325808811938E-5	3.5382048280927804E-4	4.565425584635846E-6	1.1698903060629353E-4	1.4837633150066498E-5
44-45	1.0158071925814756E-4	3.755062543362983E-4	4.565425584635846E-6	1.2041309979477042E-4	1.654966774430494E-5
46-47	1.0671682304086289E-4	4.028988078441134E-4	4.565425584635846E-6	1.2497852537940625E-4	1.7691024140463903E-5
48-49	1.124236050216577E-4	4.2287254477689517E-4	4.565425584635846E-6	1.2783191636980368E-4	1.883238053662286E-5
50-51	1.2212513438900887E-4	4.4741170729431284E-4	4.565425584635846E-6	1.32968020152519E-4	2.1115093328940784E-5
52-53	1.3468005474675745E-4	4.7822832999060486E-4	4.565425584635846E-6	1.4038683672755226E-4	2.1685771527020267E-5
54-55	1.4609361870834706E-4	5.027674925080225E-4	4.565425584635846E-6	1.449522623121881E-4	2.1685771527020267E-5
56-57	1.535124352833803E-4	5.176051256580889E-4	4.565425584635846E-6	1.4951768789682395E-4	2.2827127923179228E-5
58-59	1.6321396465073147E-4	5.392908971851092E-4	4.565425584635846E-6	1.5465379167953927E-4	2.396848431933819E-5
60-61	1.7063278122576473E-4	5.478510701563015E-4	4.565425584635846E-6	1.677793902353673E-4	2.510984071549715E-5
62-63	1.8147566698927485E-4	5.752436236641165E-4	5.706781980794807E-6	1.7633956320655954E-4	2.6821875309735595E-5
64-65	1.9345990914894395E-4	5.855158312295472E-4	5.706781980794807E-6	1.8204634518735434E-4	2.8533909903974035E-5
66-67	2.0202008212013618E-4	6.009241425776932E-4	5.706781980794807E-6	1.8547041437583123E-4	2.9675266300132996E-5
68-69	2.128629678836463E-4	6.123377065392827E-4	5.706781980794807E-6	1.957426219412619E-4	3.081662269629196E-5
70-71	2.2028178445867956E-4	6.368768690567005E-4	5.706781980794807E-6	2.0430279491245407E-4	3.367001368668936E-5
72-73	2.4025552139146135E-4	6.773950211203436E-4	6.277460178874288E-6	2.162870370721232E-4	3.7094082875166244E-5
74-75	2.5166908535305095E-4	7.047875746281585E-4	6.848138376953768E-6	2.2313517544907694E-4	3.994747386556365E-5
76-77	2.699307876915944E-4	7.24190633362861E-4	7.418816575033249E-6	2.277006010337128E-4	4.108883026172261E-5
78-79	2.8362706444550194E-4	7.344628409282916E-4	9.130851169271691E-6	2.2941263562795123E-4	4.165950845980209E-5
80-81	2.996060539917273E-4	7.424523357014044E-4	1.0272207565430653E-5	2.459623033722562E-4	4.337154305404053E-5
82-83	3.224331819149066E-4	7.498711522764376E-4	1.0272207565430653E-5	2.545224763434484E-4	4.337154305404053E-5
84-85	3.521084482150396E-4	7.761223493880937E-4	1.0272207565430653E-5	2.710721440877533E-4	4.508357764827897E-5
86-87	3.6751675956318554E-4	8.006615119055114E-4	1.0272207565430653E-5	3.2928132029186037E-4	4.5654255846358456E-5
88-89	3.68087437761265E-4	8.149284668574983E-4	1.1984242159669095E-5	3.54961839205437E-4	4.6224934044437935E-5
>>END_MODULE
