##FastQC	0.11.8
>>Basic Statistics	pass
#Measure	Value
Filename	SRR3184291_2.gz
File type	Conventional base calls
Encoding	Sanger / Illumina 1.9
Total Sequences	63167710
Sequences flagged as poor quality	0
Sequence length	20-100
%GC	47
>>END_MODULE
>>Per base sequence quality	pass
#Base	Mean	Median	Lower Quartile	Upper Quartile	10th Percentile	90th Percentile
1	31.60837831543996	33.0	33.0	33.0	27.0	33.0
2	31.58501747174308	33.0	33.0	33.0	27.0	33.0
3	31.611205503571366	33.0	33.0	33.0	27.0	33.0
4	35.36074076454568	37.0	37.0	37.0	33.0	37.0
5	35.35539490033753	37.0	37.0	37.0	33.0	37.0
6	35.314907078315805	37.0	37.0	37.0	33.0	37.0
7	35.10136026776972	37.0	37.0	37.0	33.0	37.0
8	35.13932072256537	37.0	37.0	37.0	33.0	37.0
9	35.1676243131182	37.0	37.0	37.0	33.0	37.0
10-11	35.265762887399276	37.0	37.0	37.0	33.0	37.0
12-13	35.173510864965664	37.0	37.0	37.0	33.0	37.0
14-15	36.88074453704274	40.0	37.0	40.0	33.0	40.0
16-17	36.80219567877322	40.0	37.0	40.0	33.0	40.0
18-19	36.76195008494055	40.0	37.0	40.0	33.0	40.0
20-21	36.70750621004269	40.0	37.0	40.0	33.0	40.0
22-23	36.674580846011004	40.0	37.0	40.0	33.0	40.0
24-25	36.57553949539522	40.0	37.0	40.0	33.0	40.0
26-27	36.509312998544004	40.0	37.0	40.0	33.0	40.0
28-29	36.38476711262321	40.0	37.0	40.0	33.0	40.0
30-31	36.297539786669155	40.0	37.0	40.0	33.0	40.0
32-33	36.134755936105236	40.0	37.0	40.0	33.0	40.0
34-35	35.970687353080386	40.0	37.0	40.0	33.0	40.0
36-37	35.83267605101304	38.5	37.0	40.0	27.0	40.0
38-39	35.63288345830959	37.0	37.0	40.0	27.0	40.0
40-41	35.46295585033548	37.0	37.0	40.0	27.0	40.0
42-43	35.413644210036225	37.0	37.0	40.0	27.0	40.0
44-45	35.44658374409357	37.0	37.0	40.0	27.0	40.0
46-47	35.35721043512914	37.0	37.0	40.0	27.0	40.0
48-49	35.430656857347955	37.0	37.0	40.0	27.0	40.0
50-51	34.903691137986556	37.0	35.0	40.0	27.0	40.0
52-53	34.89568413099626	37.0	35.0	40.0	27.0	40.0
54-55	35.142093833610346	37.0	37.0	40.0	27.0	40.0
56-57	35.05405799595675	37.0	37.0	40.0	27.0	40.0
58-59	34.87453106080508	37.0	33.0	40.0	27.0	40.0
60-61	34.65032146023735	37.0	33.0	40.0	27.0	40.0
62-63	34.39026708161721	37.0	33.0	40.0	27.0	40.0
64-65	34.14610892262006	37.0	33.0	40.0	27.0	40.0
66-67	33.92209711522396	37.0	33.0	37.0	27.0	40.0
68-69	33.671374145488805	37.0	33.0	37.0	27.0	40.0
70-71	33.376439213546334	37.0	33.0	37.0	27.0	40.0
72-73	33.13672164282503	37.0	33.0	37.0	27.0	40.0
74-75	32.91664443549786	37.0	33.0	37.0	22.0	38.5
76-77	32.68537445698335	37.0	33.0	37.0	22.0	37.0
78-79	32.45585896740733	37.0	33.0	37.0	22.0	37.0
80-81	32.26824638387514	37.0	33.0	37.0	22.0	37.0
82-83	32.067273531884624	37.0	33.0	37.0	22.0	37.0
84-85	31.889066224686307	37.0	33.0	37.0	22.0	37.0
86-87	31.669358442555342	37.0	33.0	37.0	22.0	37.0
88-89	31.512113137633825	37.0	33.0	37.0	22.0	37.0
90-91	31.34908468958255	33.0	33.0	37.0	15.0	37.0
92-93	31.180729294043406	33.0	33.0	37.0	15.0	37.0
94-95	30.97479329145341	33.0	33.0	37.0	15.0	37.0
96-97	30.732136711371314	33.0	33.0	37.0	4.0	37.0
98-99	30.4760967197288	33.0	33.0	37.0	2.0	37.0
100	28.7965899678097	33.0	27.0	37.0	2.0	37.0
>>END_MODULE
>>Per sequence quality scores	pass
#Quality	Count
2	832460.0
3	196557.0
4	154347.0
5	139181.0
6	129710.0
7	130364.0
8	132162.0
9	140134.0
10	144897.0
11	144813.0
12	146670.0
13	150985.0
14	155714.0
15	161214.0
16	165455.0
17	169948.0
18	174331.0
19	182624.0
20	194548.0
21	216108.0
22	251203.0
23	301529.0
24	366279.0
25	448992.0
26	546662.0
27	667063.0
28	811195.0
29	990083.0
30	1226138.0
31	1548609.0
32	2001609.0
33	2672130.0
34	3623149.0
35	5163127.0
36	8600839.0
37	1.6311533E7
38	1.3692381E7
39	82967.0
>>END_MODULE
>>Per base sequence content	warn
#Base	G	A	T	C
1	31.174424401327833	12.774806938545025	13.661711022926113	42.389057637201034
2	23.595737442436967	19.66930730906661	32.23984849221224	24.495106756284184
3	28.14431772182338	21.330056131526693	22.670495732709007	27.85513041394092
4	28.671713760084067	28.10151104100497	19.68543105330239	23.541344145608573
5	28.423878275783625	30.64413447946744	21.389319004915645	19.542668239833294
6	23.55993117369618	33.96219999110305	21.901878348922256	20.57599048627851
7	20.470051700268165	19.845901018028293	38.60332852835447	21.08071875334907
8	21.472078060135473	23.3027301448794	28.993784957536057	26.23140683744907
9	21.89218510533309	22.362419027063034	31.13073119161673	24.614664675987147
10-11	24.709011930304264	30.97106733804344	22.255721317109646	22.06419941454265
12-13	23.38426373705145	25.008091951545364	27.58102067474227	24.02662363666091
14-15	23.582054027287043	26.083000317725624	27.1100377075566	23.224907947430736
16-17	24.040507378205703	26.13079431304047	26.346385098448756	23.482313210305072
18-19	23.919780401097995	26.281795240100315	26.29836402269176	23.50006033610993
20-21	23.833301900826807	26.39764667966109	26.2815925780087	23.487458841503404
22-23	23.88475228938204	26.598540808114596	26.1838886047662	23.33281829773717
24-25	23.864489191526644	26.457134337306794	26.194723386429246	23.48365308473732
26-27	23.631195620793594	26.588722807665903	26.27532788606961	23.504753685470895
28-29	23.839535069077954	26.340416070423938	26.27253786433717	23.547510996160938
30-31	23.655725293074358	26.443486191192722	26.324958177467618	23.575830338265302
32-33	23.5796381762328	26.504323761760794	26.366758141450347	23.54927992055606
34-35	23.986161622799067	26.454130840913166	26.074138929010495	23.48556860727728
36-37	23.822622578133863	26.47445996377203	26.150308244273273	23.552609213820837
38-39	23.66184852921884	26.541400465519988	26.224499414973096	23.572251590288076
40-41	23.83947599648079	26.401528279211146	26.101569538588997	23.657426185719068
42-43	23.65799161611623	26.402317883586502	26.335342953324147	23.604347546973116
44-45	23.650658475305793	26.499617200638664	26.383697160758214	23.46602716329733
46-47	23.759518253185426	26.501075851068855	26.25186255842973	23.48754333731599
48-49	23.5816639637875	26.449774637229762	26.376546724446705	23.592014674536035
50-51	23.70534270365588	26.402414822909197	26.403217121757557	23.489025351677366
52-53	23.625240725923735	26.601247816016354	26.148232727780375	23.62527873027954
54-55	23.605029731524365	26.527368753640797	26.265639051964108	23.60196246287073
56-57	23.521568330053384	26.454225863896045	26.459006612532303	23.565199193518268
58-59	23.521310429401762	26.485118994785182	26.395371517704696	23.59819905810836
60-61	23.588284145376203	26.37710100236187	26.44342231497544	23.59119253728649
62-63	23.524730091116215	26.554814807506222	26.461965837907748	23.45848926346981
64-65	23.636041290980703	26.51652484499284	26.297240572197726	23.55019329182873
66-67	23.54725928386909	26.483451966029207	26.318166363204988	23.651122386896713
68-69	23.528354057393113	26.657268498034203	26.41147714589951	23.402900298673178
70-71	23.616170429204168	26.5374699365838	26.377035088446167	23.469324545765865
72-73	23.555995185888907	26.51360373867468	26.3622720775616	23.568128997874812
74-75	23.616812266862404	26.604396330109708	26.38488804289974	23.393903360128153
76-77	23.66266423003924	26.523525301913686	26.31691659763694	23.496893870410126
78-79	23.565109474714113	26.362314920164614	26.47711788760892	23.59545771751235
80-81	23.618960767013004	26.56955365456507	26.41307295744429	23.39841262097763
82-83	23.776270113947938	26.505687753072728	26.31335087650496	23.404691256474376
84-85	23.76561448147011	26.42209771197629	26.28852332937115	23.523764477182453
86-87	23.68399936272359	26.541402805054602	26.364608460285865	23.40998937193594
88-89	23.683326655396865	26.5224565374794	26.256664676525848	23.537552130597888
90-91	23.62882164827852	26.492492261728383	26.341208620424467	23.53747746956863
92-93	23.581948301447344	26.717734034689318	26.30476101688039	23.39555664698295
94-95	23.740424313330976	26.613114044074837	26.188117215923945	23.458344426670237
96-97	23.811263724149814	26.151716977929212	26.290986385194792	23.746032912726182
98-99	23.137317011306376	25.829453460405265	27.00283193041642	24.03039759787194
100	24.676753623195957	25.003167086632665	26.127513779350753	24.192565510820625
>>END_MODULE
>>Per sequence GC content	pass
#GC Content	Count
0	1431.0
1	1161.5
2	945.0
3	1098.5
4	1269.0
5	1452.0
6	1704.5
7	1936.5
8	2177.0
9	2492.5
10	2846.5
11	3201.0
12	3603.5
13	4194.0
14	5186.5
15	6444.5
16	8578.0
17	11804.5
18	16807.5
19	25688.0
20	40819.0
21	63215.0
22	95946.5
23	140280.5
24	199380.5
25	268561.0
26	350723.5
27	447429.0
28	546494.0
29	642152.0
30	732500.5
31	826475.0
32	919857.5
33	983563.0
34	1050749.5
35	1161218.0
36	1291573.5
37	1447436.5
38	1525218.5
39	1584668.5
40	1679329.5
41	1751315.0
42	1891731.0
43	2063502.5
44	2135892.0
45	2175733.0
46	2210937.0
47	2227343.5
48	2286882.0
49	2330524.5
50	2330560.5
51	2238516.5
52	2088493.0
53	1960416.5
54	1839454.5
55	1743121.5
56	1632623.0
57	1509504.5
58	1435603.5
59	1375904.0
60	1282499.0
61	1175763.5
62	1071530.5
63	974828.0
64	885265.0
65	776172.0
66	672723.5
67	588631.5
68	504959.0
69	416205.5
70	333844.5
71	264269.0
72	208816.5
73	166378.5
74	134693.5
75	108046.0
76	85528.5
77	65638.0
78	49152.0
79	37429.0
80	27879.0
81	20646.0
82	15838.5
83	12645.5
84	10375.5
85	8611.0
86	7317.0
87	6369.5
88	5507.5
89	4746.5
90	4184.5
91	3645.5
92	3145.0
93	2712.0
94	2276.5
95	1891.5
96	1528.0
97	1216.5
98	887.5
99	597.5
100	379.5
>>END_MODULE
>>Per base N content	pass
#Base	N-Count
1	0.0
2	0.0
3	0.0
4	0.0
5	0.0
6	0.0
7	0.32052135497709194
8	0.0
9	0.0
10-11	0.0
12-13	9.498523850239308E-6
14-15	0.0
16-17	5.596213635099325E-4
18-19	0.001151696016841516
20-21	8.382459174633624E-4
22-23	2.6912713458186792E-5
24-25	0.005050128261780285
26-27	0.0
28-29	3.015885356841218E-4
30-31	0.0
32-33	0.0
34-35	0.0
36-37	1.5832242821641314E-6
38-39	1.4486721332692234E-4
40-41	9.578809911873839E-5
42-43	0.0019245026249234156
44-45	3.926659655943073E-4
46-47	6.0167727198068196E-5
48-49	0.03135828148035504
50-51	0.036495629443122395
52-53	0.003085383438144661
54-55	3.9983595166368137E-4
56-57	2.2169746959021336E-5
58-59	0.0
60-61	0.0
62-63	0.0
64-65	2.2965015530883648E-5
66-67	1.0295157492903925E-5
68-69	9.89969086750112E-5
70-71	0.0016949286917758632
72-73	1.0772221766779023E-4
74-75	1.6634753815624383E-5
76-77	1.5923055234084123E-4
78-79	0.0
80-81	0.0
82-83	0.0
84-85	3.962712774890413E-5
86-87	7.768177481802112E-5
88-89	6.421850961540177E-5
90-91	2.9262660882778825E-4
92-93	1.1740693085161735E-4
94-95	1.1508009300662005E-4
96-97	2.827595068983244E-4
98-99	5.047798581763997E-5
100	3.2566442462993534E-6
>>END_MODULE
>>Sequence Length Distribution	warn
#Length	Count
20-21	420.0
22-23	450.0
24-25	532.0
26-27	606.0
28-29	699.0
30-31	765.0
32-33	827.0
34-35	921.0
36-37	956.0
38-39	1014.0
40-41	1079.0
42-43	1151.0
44-45	1200.0
46-47	1201.0
48-49	1380.0
50-51	1517.0
52-53	1638.0
54-55	1785.0
56-57	1851.0
58-59	2251.0
60-61	2490.0
62-63	2709.0
64-65	2992.0
66-67	3125.0
68-69	3646.0
70-71	4067.0
72-73	4411.0
74-75	4759.0
76-77	5139.0
78-79	5840.0
80-81	7137.0
82-83	8661.0
84-85	9846.0
86-87	11380.0
88-89	14684.0
90-91	20415.0
92-93	24090.0
94-95	93713.0
96-97	1503453.0
98-99	0.0
100-101	6.141291E7
>>END_MODULE
>>Sequence Duplication Levels	fail
#Total Deduplicated Percentage	38.58976433686006
#Duplication Level	Percentage of deduplicated	Percentage of total
1	73.90165512649524	28.518474554353567
2	12.927410146428473	9.977314220732167
3	4.727526188511399	5.473023645329675
4	2.3685689026471177	3.656100630750699
5	1.407448585727635	2.7156554619738205
6	0.8984989406224013	2.0803717425322126
7	0.6301119755901852	1.7021110850700991
8	0.4629471701413251	1.4292017756935993
9	0.35281767547940873	1.2253635855566236
>10	1.97750837936207	14.098975285907024
>50	0.17775476958811298	4.763153549937806
>100	0.14060792757159662	10.957282915372293
>500	0.016219810768277908	4.323414422242596
>1k	0.010380849769748448	7.499695526633925
>5k	4.7354847842292754E-4	1.2075604823235437
>10k+	7.000281854947625E-5	0.3723011155905925
>>END_MODULE
>>Overrepresented sequences	pass
>>END_MODULE
>>Adapter Content	pass
#Position	Illumina Universal Adapter	Illumina Small RNA 3' Adapter	Illumina Small RNA 5' Adapter	Nextera Transposase Sequence	SOLID Small RNA Adapter
1	1.5830873083732178E-6	1.5830873083732178E-6	0.0	1.5830873083732178E-6	0.0
2	1.5830873083732178E-6	1.1081611158612526E-5	0.0	1.1081611158612526E-5	1.5830873083732178E-6
3	7.91543654186609E-6	1.424778577535896E-5	0.0	1.424778577535896E-5	4.749261925119654E-6
4	1.2664698466985742E-5	1.424778577535896E-5	0.0	1.8997047700478615E-5	4.749261925119654E-6
5	1.424778577535896E-5	1.7413960392105395E-5	0.0	2.0580135008851832E-5	6.332349233492871E-6
6	1.7413960392105395E-5	1.7413960392105395E-5	0.0	2.0580135008851832E-5	6.332349233492871E-6
7	2.0580135008851832E-5	1.7413960392105395E-5	0.0	2.0580135008851832E-5	6.332349233492871E-6
8	2.6912484242344705E-5	3.482792078421079E-5	0.0	2.6912484242344705E-5	6.332349233492871E-6
9	3.007865885909114E-5	3.641100809258401E-5	0.0	3.007865885909114E-5	7.91543654186609E-6
10-11	3.9577182709330444E-5	4.1160270017703664E-5	0.0	3.166174616746436E-5	7.91543654186609E-6
12-13	4.3534900980263494E-5	4.4326444634450104E-5	0.0	3.561946443839741E-5	7.91543654186609E-6
14-15	5.619959944724924E-5	5.619959944724924E-5	7.915436541866089E-7	4.3534900980263494E-5	7.91543654186609E-6
16-17	6.807275426004838E-5	6.965584156842158E-5	1.5830873083732178E-6	4.8284162905383147E-5	1.1081611158612526E-5
18-19	8.390362734378055E-5	7.519664714772785E-5	1.5830873083732178E-6	5.30334248305028E-5	1.3456242121172352E-5
20-21	1.0527530600681899E-4	8.073745272703411E-5	1.5830873083732178E-6	5.540805579306263E-5	1.583087308373218E-5
22-23	1.329793339033503E-4	8.311208368959394E-5	1.5830873083732178E-6	5.540805579306263E-5	1.583087308373218E-5
24-25	1.765142348836138E-4	9.340215119401985E-5	1.5830873083732178E-6	5.936577406399567E-5	1.662241673791879E-5
26-27	2.1846604855550408E-4	9.815141311913951E-5	1.5830873083732178E-6	6.17404050265555E-5	2.0580135008851832E-5
28-29	2.5804323126483455E-4	1.060668496610056E-4	1.5830873083732178E-6	6.25319486807421E-5	2.374630962559827E-5
30-31	3.1661746167464355E-4	1.1081611158612526E-4	2.3746309625598265E-6	6.332349233492872E-5	2.374630962559827E-5
32-33	3.775663230470125E-4	1.2110617909055117E-4	6.332349233492871E-6	6.490657964330194E-5	2.374630962559827E-5
34-35	4.5355451384892695E-4	1.3218779024916371E-4	6.332349233492871E-6	6.569812329748855E-5	2.374630962559827E-5
36-37	5.097541132961761E-4	1.4722711967870926E-4	6.332349233492871E-6	6.648966695167516E-5	2.374630962559827E-5
38-39	5.556636452389995E-4	1.5276792525801555E-4	6.332349233492871E-6	6.96558415684216E-5	2.374630962559827E-5
40-41	6.015731771818228E-4	1.5514255622057536E-4	7.91543654186609E-6	7.757127811028768E-5	2.5329396933971485E-5
42-43	6.831021735630435E-4	1.5989181814569502E-4	9.498523850239308E-6	8.073745272703411E-5	2.6912484242344705E-5
44-45	7.575072770565847E-4	1.678072546875611E-4	1.0290067504425916E-5	8.311208368959394E-5	2.849557155071792E-5
46-47	8.350785551668725E-4	1.7176497295849413E-4	1.1873154812799134E-5	8.78613456147136E-5	2.849557155071792E-5
48-49	9.18982182510653E-4	1.7413960392105397E-4	1.2664698466985742E-5	9.498523850239307E-5	2.849557155071792E-5
50-51	9.672663454160361E-4	1.78097322191987E-4	1.2664698466985742E-5	9.73598694649529E-5	3.0078658859091138E-5
52-53	0.001042462992563764	1.868043023880397E-4	1.2664698466985742E-5	1.060668496610056E-4	3.48279207842108E-5
54-55	0.001131115881832664	2.0263517547177188E-4	1.74139603921054E-5	1.1081611158612526E-4	3.799409540095723E-5
56-57	0.001222934945718311	2.129252429761978E-4	2.6912484242344705E-5	1.1794000447380474E-4	3.799409540095723E-5
58-59	0.0012981315928660387	2.2084067951806392E-4	3.166174616746436E-5	1.2427235370729761E-4	3.799409540095723E-5
60-61	0.0013646212598177137	2.2400685413481033E-4	3.245328982165097E-5	1.3614550852009675E-4	3.799409540095723E-5
62-63	0.0014730627404412793	2.382546399101693E-4	3.720255174677062E-5	1.3772859582846994E-4	3.957718270933045E-5
64-65	0.0015577579114392465	2.453785327978488E-4	4.2743357326076884E-5	1.4722711967870926E-4	4.3534900980263494E-5
66-67	0.0016495769753248932	2.564601439564613E-4	4.4326444634450104E-5	1.5276792525801555E-4	4.4326444634450104E-5
68-69	0.0017318975153603005	2.5804323126483455E-4	4.986725021375636E-5	1.5751718718313518E-4	4.5909531942823323E-5
70-71	0.001801553356928722	2.6437558049832743E-4	5.30334248305028E-5	1.6622416737918787E-4	4.749261925119654E-5
72-73	0.0018688345675345838	2.786233662736864E-4	5.699114310143585E-5	1.7255651661268075E-4	4.749261925119654E-5
74-75	0.0019519466512241779	2.8812189012392565E-4	6.728121060586175E-5	1.7730577853780041E-4	4.9075706559569757E-5
76-77	0.0020033969887463072	2.897049774322989E-4	7.440510349354124E-5	1.8205504046292005E-4	4.986725021375636E-5
78-79	0.002047723433380757	2.9287115204904533E-4	8.627825830634036E-5	1.868043023880397E-4	5.065879386794297E-5
80-81	0.002092841421669394	2.952457830116052E-4	9.340215119401985E-5	1.9630282623827903E-4	5.30334248305028E-5
82-83	0.0021759535053589877	2.9762041397416497E-4	9.577678215657968E-5	2.0184363181758528E-4	5.382496848468941E-5
84-85	0.002240068541348103	3.01578132245098E-4	1.060668496610056E-4	2.113421556678246E-4	5.382496848468941E-5
86-87	0.002265397938282075	3.1345128705789716E-4	1.1714846081961813E-4	2.4458698914366214E-4	5.461651213887602E-5
88-89	0.0022661894819362618	3.15825918020457E-4	1.250638973614842E-4	2.572516876106479E-4	5.778268675562245E-5
>>END_MODULE
