##FastQC	0.11.8
>>Basic Statistics	pass
#Measure	Value
Filename	forward.gz
File type	Conventional base calls
Encoding	Sanger / Illumina 1.9
Total Sequences	47901563
Sequences flagged as poor quality	0
Sequence length	100
%GC	49
>>END_MODULE
>>Per base sequence quality	pass
#Base	Mean	Median	Lower Quartile	Upper Quartile	10th Percentile	90th Percentile
1	32.47387745990668	33.0	33.0	33.0	33.0	33.0
2	32.516388410958534	33.0	33.0	33.0	33.0	33.0
3	31.827301397242508	33.0	33.0	33.0	27.0	33.0
4	36.075962740505986	37.0	37.0	37.0	33.0	37.0
5	36.36410661589477	37.0	37.0	37.0	37.0	37.0
6	36.409687216260565	37.0	37.0	37.0	37.0	37.0
7	36.40746302996418	37.0	37.0	37.0	37.0	37.0
8	36.407976207373444	37.0	37.0	37.0	37.0	37.0
9	36.4058100985139	37.0	37.0	37.0	37.0	37.0
10-11	36.42252480362697	37.0	37.0	37.0	37.0	37.0
12-13	36.39073878445261	37.0	37.0	37.0	37.0	37.0
14-15	38.423742686642605	40.0	37.0	40.0	37.0	40.0
16-17	38.4160050789992	40.0	37.0	40.0	37.0	40.0
18-19	38.39540294332358	40.0	37.0	40.0	37.0	40.0
20-21	38.36202124552804	40.0	37.0	40.0	37.0	40.0
22-23	38.3088709756715	40.0	37.0	40.0	37.0	40.0
24-25	38.261243218723365	40.0	37.0	40.0	37.0	40.0
26-27	38.16568848703329	40.0	37.0	40.0	35.0	40.0
28-29	38.07839079280148	40.0	37.0	40.0	33.0	40.0
30-31	37.98098066236378	40.0	37.0	40.0	33.0	40.0
32-33	37.8993866859835	40.0	37.0	40.0	33.0	40.0
34-35	37.808391252285446	40.0	37.0	40.0	33.0	40.0
36-37	37.72131670317313	40.0	37.0	40.0	33.0	40.0
38-39	37.62550192777634	40.0	37.0	40.0	33.0	40.0
40-41	37.51395441939964	40.0	37.0	40.0	33.0	40.0
42-43	37.538102932048375	40.0	37.0	40.0	33.0	40.0
44-45	37.45824981744333	40.0	37.0	40.0	33.0	40.0
46-47	37.31500811361834	40.0	37.0	40.0	33.0	40.0
48-49	37.181585296078964	40.0	37.0	40.0	33.0	40.0
50-51	37.050057667220585	38.5	37.0	40.0	33.0	40.0
52-53	36.95865409443947	37.0	37.0	40.0	33.0	40.0
54-55	36.794759369334145	37.0	37.0	40.0	33.0	40.0
56-57	36.582998147680485	37.0	37.0	40.0	33.0	40.0
58-59	36.45102436427805	37.0	37.0	40.0	33.0	40.0
60-61	36.26203148110219	37.0	37.0	40.0	33.0	40.0
62-63	36.04774777390875	37.0	37.0	40.0	33.0	40.0
64-65	35.81942551644922	37.0	37.0	40.0	33.0	40.0
66-67	35.59045635943028	37.0	35.0	37.0	33.0	40.0
68-69	35.36310994695518	37.0	33.0	37.0	33.0	40.0
70-71	35.147663229694615	37.0	33.0	37.0	33.0	40.0
72-73	34.93197727180635	37.0	33.0	37.0	33.0	40.0
74-75	34.72340267894808	37.0	33.0	37.0	27.0	38.5
76-77	33.93901040348099	37.0	33.0	37.0	27.0	37.0
78-79	34.34757571480496	37.0	33.0	37.0	27.0	37.0
80-81	34.32172015973675	37.0	33.0	37.0	27.0	37.0
82-83	34.20102458869661	37.0	33.0	37.0	27.0	37.0
84-85	34.065252568063386	37.0	33.0	37.0	27.0	37.0
86-87	33.930219604733985	37.0	33.0	37.0	27.0	37.0
88-89	33.83053130228757	37.0	33.0	37.0	27.0	37.0
90-91	33.71223592432673	37.0	33.0	37.0	27.0	37.0
92-93	33.596456069711124	37.0	33.0	37.0	27.0	37.0
94-95	33.463660976991505	37.0	33.0	37.0	27.0	37.0
96-97	33.327876983888814	37.0	33.0	37.0	27.0	37.0
98-99	33.16823925975025	37.0	33.0	37.0	27.0	37.0
100	32.21824141729989	33.0	33.0	37.0	27.0	37.0
>>END_MODULE
>>Per sequence quality scores	pass
#Quality	Count
2	156.0
3	105.0
4	174.0
5	525.0
6	1259.0
7	3194.0
8	7904.0
9	14541.0
10	21811.0
11	26707.0
12	31453.0
13	35446.0
14	40881.0
15	46314.0
16	52913.0
17	58455.0
18	63996.0
19	70749.0
20	79097.0
21	90728.0
22	108638.0
23	133712.0
24	169955.0
25	220291.0
26	284537.0
27	367603.0
28	471808.0
29	601300.0
30	768390.0
31	988308.0
32	1294570.0
33	1727277.0
34	2345366.0
35	3414043.0
36	6289111.0
37	1.4935796E7
38	1.3070776E7
39	63674.0
>>END_MODULE
>>Per base sequence content	fail
#Base	G	A	T	C
1	22.356754569300747	13.873926708029295	14.137248276033112	49.63207044663685
2	20.937574018985018	19.911933143224015	37.636419872905186	21.51407296488578
3	25.23024028252514	23.13674996507913	24.579195411016517	27.05381434137922
4	25.332435408524578	30.792472504184154	20.07359634897911	23.801495738312163
5	29.5751419494717	30.73819194835274	20.963176725463928	18.723489376711637
6	23.295861974274203	33.79202887388038	21.061840925733467	21.850268226111954
7	20.139236375230595	17.05803211473496	39.572239010238555	23.230492499795883
8	21.030784138267585	20.973677429073696	28.13306132544515	29.862477107213564
9	21.698872647159096	20.650511058034144	30.66313550427547	26.987480790531286
10-11	25.575081743721885	29.62495901488591	20.78424078993038	24.01571845146183
12-13	23.60601912448787	23.48066088427511	27.33656687038603	25.57675312085099
14-15	24.24109872615122	24.699348389156118	26.339381465509593	24.720171419183075
16-17	25.123367060068585	24.984623153110892	25.192911763651637	24.69909802316889
18-19	24.959662589715496	25.261259220288906	24.996978699839083	24.78209949015651
20-21	24.91262966306626	25.29932692164169	25.084405923774288	24.70363749151776
22-23	24.694695132174814	25.455965584546515	25.314759163775324	24.534580119503342
24-25	24.702415643484578	25.555415000926434	25.254836740347276	24.487332615241716
26-27	24.49785898039073	25.473456551895985	25.477042045121912	24.551642422591367
28-29	24.561649317637876	25.195793010870677	25.384710684765814	24.85784698672563
30-31	24.613609520936834	25.49614902425238	25.261351965965122	24.628889488845665
32-33	24.80636565316459	25.30116313255283	25.31223115911221	24.580240055170368
34-35	24.910976514529978	25.29066534473762	25.064519214084225	24.73383892664818
36-37	24.756661970471807	25.274886913208615	25.199360006868282	24.769091109451296
38-39	24.682750213344473	25.374443862966263	25.37670396198908	24.566101961700184
40-41	24.711449320414474	25.29084105018064	25.20801920336902	24.789690426035865
42-43	24.55653239562699	25.203020846812695	25.35572779074093	24.88471896681938
44-45	24.537553238698564	25.418857685312496	25.468169598786243	24.575419477202693
46-47	24.614034819251255	25.42163211271055	25.271445613142735	24.69288745489546
48-49	24.60109010895703	25.3781657040604	25.27361283048581	24.74713135649676
50-51	24.67181231210676	25.39363342111797	25.25475871821247	24.6797955485628
52-53	24.763469185486752	25.406348920277004	25.119469319972165	24.710712574264075
54-55	24.48501316782304	25.29734946381174	25.382302352724047	24.83533501564117
56-57	24.482010660865686	25.221521621035535	25.444916111525473	24.85155160657331
58-59	24.693357620028856	25.252541410142253	25.29896125239978	24.755139717429103
60-61	24.442329029615543	25.3685814227692	25.32946405573781	24.859625491877452
62-63	24.639269213231472	25.38899200627327	25.304222441568292	24.667516338926966
64-65	24.699763596342255	25.369051796824916	25.224345969802826	24.706838637030003
66-67	24.455232420434584	25.438253897255453	25.281158222389582	24.825355459920377
68-69	24.635305633172326	25.38585514252267	25.44978903173855	24.52905019256645
70-71	24.76353862750175	25.27821359746642	25.30814584619981	24.650101928832022
72-73	24.597268360533455	25.449224903162342	25.17978901857545	24.77371771772875
74-75	24.732945539413446	25.55590831605293	25.25306952953243	24.458076615001197
76-77	24.790224363373742	25.31329215232873	25.344687805933567	24.55179567836396
78-79	24.68730714942167	25.261359276792728	25.39720395222695	24.654129621558653
80-81	24.622985522763912	25.461682192064817	25.414181379011108	24.501150906160163
82-83	24.752355960766298	25.306941186087002	25.306762674553745	24.633940178592958
84-85	24.60312743621943	25.442377720721936	25.400831803739305	24.553663039319325
86-87	24.561230267618033	25.55049958873845	25.421491015406495	24.46677912823702
88-89	24.733997816968266	25.359065833131282	25.29105802205699	24.61587832784346
90-91	24.47184143594199	25.452474774627742	25.482835560434697	24.59284822899557
92-93	24.582264928601873	25.5527040404672	25.429087660044097	24.435943370886825
94-95	24.753243914940796	25.475871934551712	25.15995842213649	24.610925728371
96-97	24.704653056759113	25.285261206387332	25.279990504594274	24.730095232259284
98-99	24.587067708853336	25.4567570940196	25.426285205623138	24.529889991503925
100	24.627631109618605	25.447533460185156	25.07876048624556	24.846074943950676
>>END_MODULE
>>Per sequence GC content	warn
#GC Content	Count
0	43.0
1	27.5
2	13.5
3	12.5
4	17.5
5	34.0
6	53.0
7	79.0
8	95.5
9	125.5
10	190.0
11	287.5
12	391.5
13	547.0
14	887.5
15	1418.0
16	2483.5
17	4084.0
18	6797.5
19	12062.5
20	21639.0
21	36070.5
22	56792.0
23	81884.0
24	118249.0
25	164620.0
26	218048.5
27	277124.0
28	339563.5
29	413294.5
30	474989.5
31	525179.5
32	595730.5
33	655321.5
34	695967.5
35	771233.0
36	850510.5
37	916146.5
38	975301.0
39	1030822.0
40	1092053.0
41	1147817.5
42	1215980.5
43	1289793.5
44	1335430.0
45	1384957.5
46	1442776.5
47	1453857.5
48	1465234.5
49	1500780.5
50	1538859.0
51	1561323.0
52	1541379.5
53	1479920.5
54	1426846.0
55	1456120.5
56	1522808.5
57	1521581.5
58	1519046.5
59	1519265.5
60	1501381.5
61	1433374.0
62	1263832.5
63	1045986.5
64	849326.5
65	720501.0
66	629661.5
67	555484.5
68	480908.5
69	399776.0
70	308174.0
71	226806.0
72	177845.0
73	142750.0
74	110927.5
75	88265.5
76	72866.5
77	61185.5
78	48225.0
79	37611.0
80	28584.0
81	19999.0
82	12601.5
83	7838.5
84	4609.0
85	3068.0
86	2299.0
87	1432.5
88	767.0
89	499.0
90	349.0
91	256.5
92	161.5
93	93.5
94	66.5
95	40.5
96	23.0
97	15.5
98	12.0
99	6.0
100	4.5
>>END_MODULE
>>Per base N content	pass
#Base	N-Count
1	0.08653162319567735
2	2.0876145523685732E-6
3	8.55921966471115E-4
4	4.1752291047371465E-6
5	2.2963760076054305E-5
6	0.0
7	0.0
8	2.2963760076054305E-5
9	1.169064149326401E-4
10-11	5.219036380921432E-5
12-13	9.394265485658578E-5
14-15	5.699187727966204E-4
16-17	0.0
18-19	0.0
20-21	1.6700916418948586E-5
22-23	1.2212545131356153E-4
24-25	1.2838829497066723E-4
26-27	4.2482956140700465E-4
28-29	5.730501946251733E-4
30-31	0.011523632329074524
32-33	0.023722607965840282
34-35	0.024953256744461555
36-37	0.012627980427277499
38-39	0.011338878441189904
40-41	0.011239716749952397
42-43	0.008903676065851964
44-45	0.002867338587678235
46-47	0.003031216330039168
48-49	0.0029163975296588964
50-51	0.002485305124594786
52-53	9.550836577086222E-4
54-55	0.0018715464461984256
56-57	0.014907655518463979
58-59	0.030716116716274996
60-61	0.02577786449264714
62-63	0.017106957449384272
64-65	0.01637837997060764
66-67	0.02296793530515904
68-69	0.025574322073791206
70-71	0.0035917408373501297
72-73	0.0
74-75	8.350458209474293E-6
76-77	5.845320746632005E-5
78-79	3.42368786588446E-4
80-81	0.007171999794662232
82-83	0.011477704808922415
84-85	0.028358156079374697
86-87	0.024472061590140596
88-89	0.01781779020446577
90-91	0.008876537076671171
92-93	0.010433897532738127
94-95	0.008266953627379548
96-97	0.009844146421694006
98-99	7.411031660908435E-5
100	1.0438072761842865E-5
>>END_MODULE
>>Sequence Length Distribution	pass
#Length	Count
100	4.7901563E7
>>END_MODULE
>>Sequence Duplication Levels	fail
#Total Deduplicated Percentage	36.405335323421696
#Duplication Level	Percentage of deduplicated	Percentage of total
1	72.20887851571085	26.28788435692674
2	13.484422465221272	9.81809842978122
3	5.036490211511108	5.500653450095787
4	2.6217644643296287	3.8178485785180474
5	1.4601198770839439	2.657807686881712
6	0.9726939936379998	2.1246750603281757
7	0.6809878074893543	1.7354112637968175
8	0.47627648668162575	1.3871204163444617
9	0.37918404573737363	1.242389010092468
>10	2.2418833004866823	15.44278658002132
>50	0.22820893945204235	5.797544544262696
>100	0.1818703229132492	13.018257945471984
>500	0.017918936630473045	4.471814774610434
>1k	0.008978146359429668	5.819600961903483
>5k	2.8217591024083124E-4	0.6521974993088134
>10k+	4.031084432011875E-5	0.22590944165577434
>>END_MODULE
>>Overrepresented sequences	pass
>>END_MODULE
>>Adapter Content	pass
#Position	Illumina Universal Adapter	Illumina Small RNA 3' Adapter	Illumina Small RNA 5' Adapter	Nextera Transposase Sequence	SOLID Small RNA Adapter
1	3.1314218285528594E-5	1.0438072761842865E-5	0.0	4.175229104737146E-6	0.0
2	4.592752015210861E-5	3.548944739026574E-5	0.0	3.1314218285528594E-5	0.0
3	1.482206332181687E-4	4.383990559974003E-5	0.0	3.1314218285528594E-5	2.087614552368573E-6
4	7.202270205671577E-4	4.383990559974003E-5	0.0	3.757706194263431E-5	2.087614552368573E-6
5	8.433962791569035E-4	4.592752015210861E-5	0.0	3.757706194263431E-5	4.175229104737146E-6
6	0.0012943210224685153	4.801513470447718E-5	0.0	4.175229104737146E-5	4.175229104737146E-6
7	0.0013924389064298383	7.306650933290006E-5	0.0	4.383990559974003E-5	4.175229104737146E-6
8	0.001584499445247747	8.55921966471115E-5	0.0	4.592752015210861E-5	4.175229104737146E-6
9	0.001803698973246447	8.767981119948006E-5	0.0	5.42779783615829E-5	4.175229104737146E-6
10-11	0.002749388365469411	9.498646213277007E-5	0.0	5.845320746632005E-5	4.175229104737146E-6
12-13	0.0038652183437104127	1.012493057898758E-4	0.0	6.054082201868862E-5	4.175229104737146E-6
14-15	0.005222167802749986	1.1168737855171866E-4	1.0438072761842864E-6	6.575985839961005E-5	4.175229104737146E-6
16-17	0.00654780304350403	1.2838829497066725E-4	2.087614552368573E-6	8.246077481855864E-5	4.175229104737146E-6
18-19	0.008100988270466248	1.4300159683724724E-4	2.087614552368573E-6	9.081123302803293E-5	7.306650933290005E-6
20-21	0.009439149198534502	1.5135205504672155E-4	2.087614552368573E-6	9.707407668513865E-5	1.1481880038027152E-5
22-23	0.01070215600271749	1.6074632053238012E-4	2.087614552368573E-6	1.0438072761842866E-4	1.2525687314211438E-5
24-25	0.012041360738061928	1.7222820057040725E-4	2.087614552368573E-6	1.1377499310408722E-4	1.2525687314211438E-5
26-27	0.01329810469858781	1.774472369513287E-4	2.087614552368573E-6	1.2421306586593009E-4	1.3569494590395725E-5
28-29	0.014552761044561323	1.8057865877988156E-4	2.087614552368573E-6	1.2943210224685152E-4	1.4613301866580012E-5
30-31	0.015789672666839703	1.868415024369873E-4	2.087614552368573E-6	1.304759095230358E-4	1.4613301866580012E-5
32-33	0.016996313878108738	1.8997292426554014E-4	2.087614552368573E-6	1.3360733135158866E-4	1.4613301866580012E-5
34-35	0.0183010729733391	1.9623576792264586E-4	2.087614552368573E-6	1.3987017500869439E-4	1.4613301866580012E-5
36-37	0.01954215982472221	2.0771764796067302E-4	2.087614552368573E-6	1.482206332181687E-4	1.4613301866580012E-5
38-39	0.020821867545324148	2.160681061701473E-4	2.087614552368573E-6	1.49264440494353E-4	1.4613301866580012E-5
40-41	0.022124539026002137	2.181557207225159E-4	2.087614552368573E-6	1.5030824777053725E-4	1.4613301866580012E-5
42-43	0.023533678848850922	2.2859379348435876E-4	2.087614552368573E-6	1.5865870598001156E-4	1.6700916418948586E-5
44-45	0.024878102620576284	2.4425090262712306E-4	2.087614552368573E-6	1.5865870598001156E-4	1.8788530971317157E-5
46-47	0.026411455509291002	2.557327826651502E-4	2.087614552368573E-6	1.628339350847487E-4	1.8788530971317157E-5
48-49	0.027812244873930313	2.713898918079145E-4	2.087614552368573E-6	1.7431581512277584E-4	1.8788530971317157E-5
50-51	0.029398831933730427	2.7974035001738877E-4	2.087614552368573E-6	1.7640342967514442E-4	1.8788530971317157E-5
52-53	0.031181654761453192	3.141859901314702E-4	2.087614552368573E-6	1.85797695160803E-4	1.8788530971317157E-5
54-55	0.03298013469831872	3.3506213565515596E-4	2.087614552368573E-6	1.85797695160803E-4	2.087614552368573E-5
56-57	0.035084450167106235	3.4654401569318314E-4	2.087614552368573E-6	1.9101673154172443E-4	2.087614552368573E-5
58-59	0.03744971745493983	3.559382811788417E-4	2.087614552368573E-6	1.9623576792264586E-4	2.191995279987002E-5
60-61	0.03996111776143922	3.6846396849305314E-4	2.087614552368573E-6	2.2128714255106874E-4	2.5051374628422876E-5
62-63	0.04281801827635562	3.768144267025274E-4	2.087614552368573E-6	2.2963760076054302E-4	2.5051374628422876E-5
64-65	0.04575216052970965	3.799458485310803E-4	2.087614552368573E-6	2.4320709535093876E-4	2.5051374628422876E-5
66-67	0.04875623787056802	4.0186580133095033E-4	2.087614552368573E-6	2.4842613173186017E-4	2.5051374628422876E-5
68-69	0.05214861151816695	4.0917245226424035E-4	4.175229104737146E-6	2.651270481508088E-4	2.5051374628422876E-5
70-71	0.056261212186333044	4.143914886451617E-4	4.175229104737146E-6	2.786965427412045E-4	2.9226603733160024E-5
72-73	0.0610136667148001	4.3318001961647893E-4	4.175229104737146E-6	2.870470009506788E-4	2.9226603733160024E-5
74-75	0.06617320608097903	4.498809360354275E-4	4.175229104737146E-6	2.9644126643633734E-4	3.027041100934431E-5
76-77	0.07194650412555431	4.5927520152108604E-4	4.175229104737146E-6	3.05835531921996E-4	3.1314218285528594E-5
78-79	0.07870202481701902	4.613628160734546E-4	4.175229104737146E-6	3.0896695375054884E-4	3.1314218285528594E-5
80-81	0.08740842130767215	4.676256597305604E-4	4.175229104737146E-6	3.267116774456817E-4	3.1314218285528594E-5
82-83	0.09861682383933902	4.738885033876661E-4	4.175229104737146E-6	3.308869065504188E-4	3.1314218285528594E-5
84-85	0.1133125864807376	4.8641419070187753E-4	4.175229104737146E-6	3.475878229693674E-4	3.1314218285528594E-5
86-87	0.13114394617979375	5.020712998446418E-4	4.175229104737146E-6	4.383990559974003E-4	3.1314218285528594E-5
88-89	0.15301484003768312	5.06246528949379E-4	5.219036380921432E-6	4.7075708155911323E-4	3.444564011408145E-5
>>END_MODULE
