##FastQC	0.11.8
>>Basic Statistics	pass
#Measure	Value
Filename	SRR3184294_reverse.gz
File type	Conventional base calls
Encoding	Sanger / Illumina 1.9
Total Sequences	47901563
Sequences flagged as poor quality	0
Sequence length	100
%GC	49
>>END_MODULE
>>Per base sequence quality	pass
#Base	Mean	Median	Lower Quartile	Upper Quartile	10th Percentile	90th Percentile
1	32.08491098714253	33.0	33.0	33.0	33.0	33.0
2	32.060511407529646	33.0	33.0	33.0	33.0	33.0
3	32.06514019177203	33.0	33.0	33.0	33.0	33.0
4	35.852866116289356	37.0	37.0	37.0	33.0	37.0
5	35.849107575049274	37.0	37.0	37.0	33.0	37.0
6	35.80031181863523	37.0	37.0	37.0	33.0	37.0
7	35.78412362035034	37.0	37.0	37.0	33.0	37.0
8	35.77846973385816	37.0	37.0	37.0	33.0	37.0
9	35.758904234502744	37.0	37.0	37.0	33.0	37.0
10-11	35.789035944401235	37.0	37.0	37.0	33.0	37.0
12-13	35.73528765648002	37.0	37.0	37.0	33.0	37.0
14-15	37.6498571038277	40.0	37.0	40.0	33.0	40.0
16-17	37.6157414946982	40.0	37.0	40.0	33.0	40.0
18-19	37.58278281023941	40.0	37.0	40.0	33.0	40.0
20-21	37.542247358400395	40.0	37.0	40.0	33.0	40.0
22-23	37.479160366854835	40.0	37.0	40.0	33.0	40.0
24-25	37.40315261737911	40.0	37.0	40.0	33.0	40.0
26-27	37.33680628542329	40.0	37.0	40.0	33.0	40.0
28-29	37.265799834130675	40.0	37.0	40.0	33.0	40.0
30-31	37.184108501845756	40.0	37.0	40.0	33.0	40.0
32-33	37.08449305714721	40.0	37.0	40.0	33.0	40.0
34-35	36.993894906936546	40.0	37.0	40.0	33.0	40.0
36-37	36.8883527349619	40.0	37.0	40.0	33.0	40.0
38-39	36.77490835737448	40.0	37.0	40.0	33.0	40.0
40-41	36.64821433906029	40.0	37.0	40.0	33.0	40.0
42-43	36.500747188562514	40.0	37.0	40.0	33.0	40.0
44-45	36.350949759196794	40.0	37.0	40.0	33.0	40.0
46-47	36.17644180003062	37.0	37.0	40.0	33.0	40.0
48-49	35.99050115546334	37.0	37.0	40.0	33.0	40.0
50-51	35.41624187711787	37.0	35.0	40.0	27.0	40.0
52-53	35.313352092498526	37.0	35.0	40.0	27.0	40.0
54-55	35.41204868408991	37.0	37.0	40.0	27.0	40.0
56-57	35.33493451977757	37.0	35.0	40.0	27.0	40.0
58-59	35.32517395100448	37.0	37.0	40.0	27.0	40.0
60-61	35.276452294468974	37.0	37.0	40.0	27.0	40.0
62-63	35.10118290920904	37.0	33.0	40.0	27.0	40.0
64-65	34.878424248912296	37.0	33.0	40.0	27.0	40.0
66-67	34.64800275932541	37.0	33.0	37.0	27.0	40.0
68-69	34.41253087086115	37.0	33.0	37.0	27.0	40.0
70-71	34.17641465060336	37.0	33.0	37.0	27.0	40.0
72-73	33.928389309551335	37.0	33.0	37.0	27.0	40.0
74-75	33.706245368235685	37.0	33.0	37.0	27.0	38.5
76-77	33.483642016023566	37.0	33.0	37.0	27.0	37.0
78-79	33.313432945810135	37.0	33.0	37.0	27.0	37.0
80-81	33.21201302972097	37.0	33.0	37.0	27.0	37.0
82-83	33.057003390473916	37.0	33.0	37.0	27.0	37.0
84-85	32.9088594562144	37.0	33.0	37.0	27.0	37.0
86-87	32.774881844669665	37.0	33.0	37.0	27.0	37.0
88-89	32.64828817798701	37.0	33.0	37.0	27.0	37.0
90-91	32.51071733296051	37.0	33.0	37.0	27.0	37.0
92-93	32.38189879106868	37.0	33.0	37.0	22.0	37.0
94-95	32.232726675327896	37.0	33.0	37.0	22.0	37.0
96-97	32.067717571136455	37.0	33.0	37.0	22.0	37.0
98-99	31.90291290703813	37.0	33.0	37.0	22.0	37.0
100	31.05638070724331	33.0	33.0	37.0	15.0	37.0
>>END_MODULE
>>Per sequence quality scores	pass
#Quality	Count
2	326291.0
3	82221.0
4	64206.0
5	60797.0
6	61528.0
7	66032.0
8	71552.0
9	77304.0
10	84723.0
11	88432.0
12	91324.0
13	93441.0
14	94511.0
15	96159.0
16	98756.0
17	101170.0
18	104391.0
19	109526.0
20	118020.0
21	132064.0
22	153788.0
23	186138.0
24	225936.0
25	276135.0
26	336256.0
27	412260.0
28	504831.0
29	627496.0
30	790560.0
31	1020308.0
32	1347152.0
33	1813457.0
34	2480523.0
35	3606923.0
36	6369485.0
37	1.3551903E7
38	1.2112417E7
39	63547.0
>>END_MODULE
>>Per base sequence content	fail
#Base	G	A	T	C
1	23.7475369270333	12.6954253739808	13.65639199943349	49.900645699552406
2	22.810834352517624	18.83286026799476	37.63728897201361	20.719016407474005
3	28.278905562303503	21.90850943240078	23.87804503911811	25.93453996617761
4	28.311451443883666	29.261321062983164	18.885243196192857	23.54198429694031
5	29.709711073052603	30.612576430546735	20.722932725734942	18.95477977066572
6	23.43263044194989	33.54078338536518	20.816550949407915	22.210035223277018
7	20.408105966454112	17.007213156647875	39.22100826647253	23.363672610425485
8	21.097165435992117	20.95428615677401	28.026273196454326	29.922275210779546
9	21.911465275099072	20.5622112878795	30.489283612389052	27.037039824632377
10-11	25.717403384454414	29.476704421720008	20.76698252205348	24.0389096717721
12-13	23.778985786188155	23.395095633592643	27.24062031679619	25.585298263423013
14-15	24.312119120992318	24.66830626008438	26.3206128697885	24.698961749134806
16-17	25.190864207844704	24.954171014681457	25.157011470981853	24.697953306491986
18-19	25.031837994677907	25.259328472076557	24.956123163141054	24.752710370104477
20-21	24.932895912548013	25.335865910299876	25.04953618232179	24.68170199483032
22-23	24.754446624725457	25.4590736639796	25.301065336939715	24.485414374355226
24-25	24.749872520592817	25.550276482804872	25.210443585482384	24.489407411119927
26-27	24.446339970375416	25.533982636440815	25.472795204326825	24.54688218885694
28-29	24.53441483515949	25.226066886762418	25.373122331788835	24.86639594628926
30-31	24.60249218829577	25.529969041668295	25.233072802956386	24.63446596707955
32-33	24.7483236400797	25.36915978550704	25.30574068544053	24.576775888972726
34-35	24.896019526055355	25.3675081949231	25.027188886879525	24.709283392142023
36-37	24.762043693260246	25.306729866217736	25.163717028855963	24.767509411666058
38-39	24.5999752401014	25.45070374012024	25.38581144087098	24.563509578907375
40-41	24.702111512613833	25.339523898790954	25.150371526231076	24.807993062364137
42-43	24.56941783606759	25.269065962606142	25.29235519598487	24.869161005341397
44-45	24.484003966421707	25.501358875019093	25.4345605385613	24.580076619997904
46-47	24.61725368986521	25.463023682235047	25.205002151486045	24.7147204764137
48-49	24.630316071440557	25.41144561133009	25.198623058256846	24.759615258972506
50-51	24.64726169058135	25.47189872888967	25.199803096403244	24.681036484125737
52-53	24.736070131083494	25.515458755438537	25.038891186799628	24.709579926678344
54-55	24.47553948307878	25.366583019364125	25.31204142953072	24.845836068026376
56-57	24.45246417282154	25.307591048503745	25.39970743117661	24.8402373474981
58-59	24.67772578163953	25.326020386535355	25.21462951065802	24.781624321167094
60-61	24.432905417319954	25.42020859540201	25.26148068162457	24.885405305653467
62-63	24.59182683507393	25.472816360525318	25.249982070125366	24.68537473427539
64-65	24.724140385103325	25.417068711487957	25.147251267852422	24.7115396355563
66-67	24.46084150362419	25.48790594086942	25.199514079423373	24.851738476083018
68-69	24.630864100263874	25.45756268507049	25.371239619397862	24.540333595267775
70-71	24.79935629855908	25.346611865532147	25.19972328272473	24.654308553184045
72-73	24.61809567733877	25.480088631859992	25.076867879194147	24.82494781160709
74-75	24.73474838146058	25.598661054157162	25.187066896040438	24.47952366834182
76-77	24.792642874220412	25.36415836256956	25.242142261787937	24.601056501422097
78-79	24.732108016747116	25.28581892506149	25.291811820328924	24.690261237862465
80-81	24.65473786573434	25.50840151860234	25.34782712194238	24.489033493720942
82-83	24.79577220873736	25.33268033964202	25.21961805305097	24.651929398569646
84-85	24.6932998534597	25.455845871325867	25.27924677141524	24.57160750379919
86-87	24.596215347396498	25.592745708459365	25.309254733272258	24.501784210871875
88-89	24.81864038331659	25.407348513910836	25.156441730200612	24.617569372571957
90-91	24.569973072331905	25.444339346402888	25.35662194805859	24.62906563320662
92-93	24.643343089194975	25.54823135655572	25.33624010865964	24.472185445589663
94-95	24.853643959522216	25.492299808210596	25.015301078531216	24.63875515373597
96-97	24.822966010425244	25.251673454465713	25.152030471813596	24.773330063295447
98-99	24.671668873819964	25.46443043402925	25.31274544057545	24.551155251575334
100	24.8289347986093	25.408001586294176	24.90681107117592	24.856252543920604
>>END_MODULE
>>Per sequence GC content	warn
#GC Content	Count
0	34766.0
1	26035.5
2	11190.0
3	4305.0
4	2904.0
5	1699.5
6	936.0
7	717.0
8	696.5
9	757.5
10	828.0
11	915.5
12	1044.0
13	1249.5
14	1640.5
15	2121.5
16	3071.5
17	4707.5
18	7399.5
19	12238.0
20	21710.5
21	35886.5
22	55705.0
23	79791.5
24	114772.0
25	159757.5
26	213228.5
27	272987.0
28	334278.0
29	406917.0
30	468205.0
31	517926.5
32	588264.0
33	648041.0
34	689054.5
35	764366.5
36	843851.5
37	908540.0
38	969294.5
39	1028937.5
40	1090547.0
41	1145577.5
42	1214177.0
43	1287836.0
44	1333064.5
45	1383944.0
46	1440615.0
47	1448475.5
48	1454609.5
49	1486889.0
50	1528367.0
51	1549283.5
52	1529627.0
53	1471833.0
54	1418656.5
55	1443183.5
56	1503942.0
57	1503298.5
58	1499023.5
59	1497898.5
60	1484060.5
61	1421187.5
62	1259868.0
63	1052088.5
64	862439.0
65	734812.5
66	644797.0
67	572437.0
68	498382.5
69	417582.5
70	325665.0
71	243160.5
72	192107.0
73	154728.5
74	121959.0
75	98075.0
76	80403.0
77	68158.0
78	55638.5
79	44114.5
80	33920.5
81	24911.5
82	17202.0
83	11633.0
84	7436.5
85	5241.5
86	3964.5
87	2804.5
88	1954.5
89	1461.5
90	1130.0
91	911.5
92	738.0
93	547.5
94	404.5
95	333.0
96	268.5
97	201.5
98	146.5
99	123.5
100	211.0
>>END_MODULE
>>Per base N content	pass
#Base	N-Count
1	0.06148651141091158
2	0.09665446616011256
3	0.10772717374587547
4	0.11766839424425461
5	0.12407737092002613
6	0.1386885851720538
7	0.141663435909179
8	0.14232312210772746
9	0.14741272638640204
10-11	0.1452969290375765
12-13	0.14486061759613145
14-15	0.13932008857414527
16-17	0.1448574861743029
18-19	0.13948083489467766
20-21	0.14320513925610318
22-23	0.13668969423816088
24-25	0.1365414736049427
26-27	0.13557386425991988
28-29	0.13465948908598244
30-31	0.13671892084189402
32-33	0.13575339911142356
34-35	0.140332581632044
36-37	0.13996620527810336
38-39	0.13809361502462875
40-41	0.1467248573913966
42-43	0.14706826998526124
44-45	0.14515914647712017
46-47	0.14267906038890632
48-49	0.14746074152110653
50-51	0.14620504136785684
52-53	0.1475421584886489
54-55	0.14649626359791224
56-57	0.14773213141291444
58-59	0.15174974561894775
60-61	0.1448731432834457
62-63	0.1448439166797125
64-65	0.14837720430959633
66-67	0.14673738307871081
68-69	0.14533868132862388
70-71	0.14628228310629446
72-73	0.14472909787933225
74-75	0.14406314883712668
76-77	0.1447781568213129
78-79	0.14597540376709628
80-81	0.15620053984459756
82-83	0.15159630594934867
84-85	0.14330743236916924
86-87	0.14478128824314146
88-89	0.1449984001565878
90-91	0.14399738897872705
92-93	0.14537208316146175
94-95	0.144359590103563
96-97	0.14465811898455172
98-99	0.1444858907839813
100	0.14998884274402485
>>END_MODULE
>>Sequence Length Distribution	pass
#Length	Count
100	4.7901563E7
>>END_MODULE
>>Sequence Duplication Levels	fail
#Total Deduplicated Percentage	38.17077365977362
#Duplication Level	Percentage of deduplicated	Percentage of total
1	74.2649387884492	28.34750169350837
2	12.542691030318373	9.575284408055108
3	4.757989345910609	5.448484031951047
4	2.3338646206466875	3.5634167274903255
5	1.3433328882676259	2.5638027813896755
6	0.9118582832850068	2.0883801684637042
7	0.6069140975984333	1.621646645524889
8	0.46207096710176637	1.4110085039995381
9	0.32975066599315844	1.1328154232206016
>10	2.041235307085772	14.815216017316473
>50	0.21291771317001065	5.675289585276477
>100	0.16666740799631746	12.64233814718435
>500	0.01684085360785267	4.388312610544656
>1k	0.008611256735870697	5.822357002954962
>5k	2.676192728817766E-4	0.6484443355825731
>10k+	4.915456032522427E-5	0.2557019175372695
>>END_MODULE
>>Overrepresented sequences	pass
>>END_MODULE
>>Adapter Content	pass
#Position	Illumina Universal Adapter	Illumina Small RNA 3' Adapter	Illumina Small RNA 5' Adapter	Nextera Transposase Sequence	SOLID Small RNA Adapter
1	2.087614552368573E-5	1.4613301866580012E-5	0.0	6.262843657105719E-6	2.087614552368573E-6
2	2.713898918079145E-5	5.219036380921433E-5	0.0	5.636559291395147E-5	2.087614552368573E-6
3	1.002054985136915E-4	5.219036380921433E-5	0.0	6.471605112342576E-5	2.087614552368573E-6
4	5.448673981681975E-4	5.219036380921433E-5	0.0	6.889128022816291E-5	6.262843657105719E-6
5	6.388100530247833E-4	5.42779783615829E-5	0.0	6.889128022816291E-5	6.262843657105719E-6
6	0.0010291939743177065	6.054082201868862E-5	0.0	7.097889478053149E-5	6.262843657105719E-6
7	0.001118961400069555	9.185504030421722E-5	0.0	7.72417384376372E-5	6.262843657105719E-6
8	0.0012838829497066723	9.394265485658579E-5	0.0	7.72417384376372E-5	6.262843657105719E-6
9	0.0014989072486006354	1.0229311306606007E-4	0.0	8.141696754237435E-5	6.262843657105719E-6
10-11	0.0023558730223479348	1.1481880038027151E-4	0.0	8.141696754237435E-5	6.262843657105719E-6
12-13	0.0034069869494655113	1.2108164403737724E-4	0.0	8.141696754237435E-5	6.262843657105719E-6
14-15	0.004706527008314948	1.2943210224685152E-4	1.0438072761842864E-6	8.767981119948008E-5	6.262843657105719E-6
16-17	0.005966402390669381	1.3569494590395724E-4	2.087614552368573E-6	9.811788396132293E-5	6.262843657105719E-6
18-19	0.0074966238575555465	1.5239586232290584E-4	2.087614552368573E-6	1.0959976399935008E-4	9.394265485658578E-6
20-21	0.0088149524473763	1.6387774236093297E-4	2.087614552368573E-6	1.2003783676119294E-4	1.0438072761842865E-5
22-23	0.010034119345959547	1.7222820057040728E-4	2.087614552368573E-6	1.2108164403737724E-4	1.0438072761842865E-5
24-25	0.011287731884656874	1.7327200784659157E-4	2.087614552368573E-6	1.3465113862777295E-4	1.2525687314211438E-5
26-27	0.012489154059544988	1.7953485150369727E-4	2.087614552368573E-6	1.4404540411343155E-4	1.2525687314211438E-5
28-29	0.013717715223613893	1.85797695160803E-4	2.087614552368573E-6	1.5030824777053725E-4	1.2525687314211438E-5
30-31	0.014923312627606744	1.9206053881790872E-4	2.087614552368573E-6	1.5239586232290584E-4	1.2525687314211438E-5
32-33	0.016066281595028535	1.9623576792264586E-4	2.087614552368573E-6	1.5865870598001156E-4	1.2525687314211438E-5
34-35	0.01732615697738297	1.9832338247501442E-4	2.087614552368573E-6	1.5865870598001156E-4	1.2525687314211438E-5
36-37	0.01852340392316635	2.1084906978922587E-4	2.087614552368573E-6	1.5865870598001156E-4	1.4613301866580012E-5
38-39	0.019725869905330644	2.1189287706541016E-4	2.087614552368573E-6	1.617901278085644E-4	1.4613301866580012E-5
40-41	0.020974263407647055	2.160681061701473E-4	2.087614552368573E-6	1.6387774236093297E-4	1.6700916418948583E-5
42-43	0.022340607132172285	2.2337475710343732E-4	2.087614552368573E-6	1.774472369513287E-4	1.8788530971317157E-5
44-45	0.023630752925536062	2.3485663714146445E-4	2.087614552368573E-6	1.78491044227513E-4	2.087614552368573E-5
46-47	0.025129660174136696	2.452947099033073E-4	2.087614552368573E-6	1.8371008060843444E-4	2.087614552368573E-5
48-49	0.0265377561897093	2.5886420449370304E-4	2.087614552368573E-6	1.8788530971317158E-4	2.087614552368573E-5
50-51	0.02808676618756678	2.703460845317302E-4	2.087614552368573E-6	1.9519196064646157E-4	2.087614552368573E-5
52-53	0.029850800484318225	2.9644126643633734E-4	2.087614552368573E-6	2.024986115797516E-4	2.2963760076054305E-5
54-55	0.0316388423484219	3.141859901314702E-4	2.087614552368573E-6	2.0563003340830444E-4	2.2963760076054305E-5
56-57	0.03365443419873376	3.267116774456817E-4	2.087614552368573E-6	2.1293668434159446E-4	2.2963760076054305E-5
58-59	0.03596333589365341	3.361059429313403E-4	2.087614552368573E-6	2.2337475710343732E-4	2.713898918079145E-5
60-61	0.03845281624735293	3.455002084169988E-4	2.087614552368573E-6	2.609518190460716E-4	2.713898918079145E-5
62-63	0.04125961401301248	3.580258957312103E-4	2.087614552368573E-6	2.672146627031774E-4	2.9226603733160024E-5
64-65	0.04415826681897624	3.611573175597631E-4	2.087614552368573E-6	2.828717718459416E-4	2.9226603733160024E-5
66-67	0.04714981847252041	3.705515830454217E-4	2.087614552368573E-6	2.933098446077845E-4	3.1314218285528594E-5
68-69	0.050511921709109994	3.799458485310803E-4	2.087614552368573E-6	3.0896695375054884E-4	3.1314218285528594E-5
70-71	0.05457233201346687	3.9142772856910746E-4	2.087614552368573E-6	3.194050265123917E-4	3.3401832837897165E-5
72-73	0.05929869136002931	4.143914886451617E-4	2.087614552368573E-6	3.3401832837897164E-4	3.3401832837897165E-5
74-75	0.06442274127881797	4.3109240506411034E-4	2.087614552368573E-6	3.49675437521736E-4	3.3401832837897165E-5
76-77	0.07013654230865077	4.425742851021375E-4	2.087614552368573E-6	3.6637635394068456E-4	3.3401832837897165E-5
78-79	0.07685239832362047	4.4466189965450606E-4	2.087614552368573E-6	3.6846396849305314E-4	3.653325466645003E-5
80-81	0.08550660445046437	4.477933214830589E-4	2.087614552368573E-6	3.8412107763581744E-4	3.8620869218818605E-5
82-83	0.09666803565470296	4.561437796925332E-4	2.087614552368573E-6	3.893401140167388E-4	3.966467649500289E-5
84-85	0.1112260157356452	4.8432657614950895E-4	2.087614552368573E-6	4.0604103043568744E-4	4.383990559974003E-5
86-87	0.12897908988898754	5.06246528949379E-4	2.087614552368573E-6	4.8641419070187753E-4	4.383990559974003E-5
88-89	0.15072681448828718	5.125093726064847E-4	3.1314218285528594E-6	5.239912526445118E-4	4.6971327428292895E-5
>>END_MODULE
