##FastQC	0.11.8
>>Basic Statistics	pass
#Measure	Value
Filename	SRR3184301_forward.gz
File type	Conventional base calls
Encoding	Sanger / Illumina 1.9
Total Sequences	61680455
Sequences flagged as poor quality	0
Sequence length	100
%GC	48
>>END_MODULE
>>Per base sequence quality	pass
#Base	Mean	Median	Lower Quartile	Upper Quartile	10th Percentile	90th Percentile
1	32.49108280734959	33.0	33.0	33.0	33.0	33.0
2	32.546780742781486	33.0	33.0	33.0	33.0	33.0
3	31.862223957329757	33.0	33.0	33.0	33.0	33.0
4	36.10970397348723	37.0	37.0	37.0	33.0	37.0
5	36.39242157017162	37.0	37.0	37.0	37.0	37.0
6	36.43849021541751	37.0	37.0	37.0	37.0	37.0
7	36.43717378543981	37.0	37.0	37.0	37.0	37.0
8	36.43722211517409	37.0	37.0	37.0	37.0	37.0
9	36.43318453146949	37.0	37.0	37.0	37.0	37.0
10-11	36.44885166622069	37.0	37.0	37.0	37.0	37.0
12-13	36.41685893854058	37.0	37.0	37.0	37.0	37.0
14-15	38.47736134566452	40.0	37.0	40.0	37.0	40.0
16-17	38.469557236567084	40.0	37.0	40.0	37.0	40.0
18-19	38.450495866154036	40.0	37.0	40.0	37.0	40.0
20-21	38.41806346921403	40.0	37.0	40.0	37.0	40.0
22-23	38.366641320982474	40.0	37.0	40.0	37.0	40.0
24-25	38.32147553872616	40.0	37.0	40.0	37.0	40.0
26-27	38.22921702669022	40.0	37.0	40.0	37.0	40.0
28-29	38.14755422118725	40.0	37.0	40.0	35.0	40.0
30-31	38.05220528934166	40.0	37.0	40.0	33.0	40.0
32-33	37.97513452194865	40.0	37.0	40.0	33.0	40.0
34-35	37.88628537192211	40.0	37.0	40.0	33.0	40.0
36-37	37.803462523095845	40.0	37.0	40.0	33.0	40.0
38-39	37.71435471738981	40.0	37.0	40.0	33.0	40.0
40-41	37.59835385455571	40.0	37.0	40.0	33.0	40.0
42-43	37.62238405991006	40.0	37.0	40.0	33.0	40.0
44-45	37.54930435419129	40.0	37.0	40.0	33.0	40.0
46-47	37.40935821566167	40.0	37.0	40.0	33.0	40.0
48-49	37.282957162037796	40.0	37.0	40.0	33.0	40.0
50-51	37.15457734544922	40.0	37.0	40.0	33.0	40.0
52-53	37.07241496516198	37.0	37.0	40.0	33.0	40.0
54-55	36.91585506300173	37.0	37.0	40.0	33.0	40.0
56-57	36.709961024120204	37.0	37.0	40.0	33.0	40.0
58-59	36.582366407640805	37.0	37.0	40.0	33.0	40.0
60-61	36.39569703239057	37.0	37.0	40.0	33.0	40.0
62-63	36.1800555459586	37.0	37.0	40.0	33.0	40.0
64-65	35.95418444951484	37.0	37.0	40.0	33.0	40.0
66-67	35.722875406804306	37.0	37.0	38.5	33.0	40.0
68-69	35.48975232916165	37.0	33.0	37.0	33.0	40.0
70-71	35.27164112197292	37.0	33.0	37.0	33.0	40.0
72-73	35.047857242622484	37.0	33.0	37.0	33.0	40.0
74-75	34.83029321038569	37.0	33.0	37.0	33.0	38.5
76-77	34.070799818192	37.0	33.0	37.0	27.0	37.0
78-79	34.46440465622376	37.0	33.0	37.0	27.0	37.0
80-81	34.43523967195119	37.0	33.0	37.0	27.0	37.0
82-83	34.320233905537826	37.0	33.0	37.0	27.0	37.0
84-85	34.19105060103723	37.0	33.0	37.0	27.0	37.0
86-87	34.05467342937078	37.0	33.0	37.0	27.0	37.0
88-89	33.961499367992666	37.0	33.0	37.0	27.0	37.0
90-91	33.85343446315368	37.0	33.0	37.0	27.0	37.0
92-93	33.739512800286576	37.0	33.0	37.0	27.0	37.0
94-95	33.614009056839805	37.0	33.0	37.0	27.0	37.0
96-97	33.49078216105896	37.0	33.0	37.0	27.0	37.0
98-99	33.332892737253644	37.0	33.0	37.0	27.0	37.0
100	32.39427335612229	33.0	33.0	37.0	27.0	37.0
>>END_MODULE
>>Per sequence quality scores	pass
#Quality	Count
2	132.0
3	111.0
4	215.0
5	536.0
6	1353.0
7	3796.0
8	8871.0
9	16333.0
10	25245.0
11	30799.0
12	36619.0
13	41442.0
14	46782.0
15	54151.0
16	61954.0
17	68475.0
18	75832.0
19	83412.0
20	93591.0
21	107691.0
22	129477.0
23	160096.0
24	204253.0
25	266289.0
26	344661.0
27	447036.0
28	575466.0
29	735173.0
30	943826.0
31	1221861.0
32	1605953.0
33	2151175.0
34	2942383.0
35	4297035.0
36	7922776.0
37	1.9183811E7
38	1.772567E7
39	66174.0
>>END_MODULE
>>Per base sequence content	fail
#Base	G	A	T	C
1	24.88227166996708	14.141411404174184	14.749995732364262	46.22632119349447
2	22.15045249912326	20.35738843738351	36.50131546541383	20.990843598079397
3	25.51411028892433	23.755761109816614	24.01502685896858	26.715101742290475
4	25.561384108556535	31.3827261087958	19.951660210785423	23.10422957186224
5	29.1978061310491	31.405486591948545	20.54935114842487	18.847356128577488
6	22.93312200761165	34.13296805284591	20.9918782213912	21.942031718151238
7	19.764520540007698	16.985421345958315	40.09823111872685	23.151826995307136
8	20.984215709738265	20.966777443002112	28.132372981373898	29.91663386588572
9	21.825517641517735	20.628204959635543	30.597563286697703	26.94871411214902
10-11	25.51413598444356	29.86210146451168	20.903957646334558	23.719804904710205
12-13	23.4134911416702	23.554998836218477	27.601870847398885	25.429639174712438
14-15	24.192585392839476	24.760551411895037	26.479507810773033	24.567355384492455
16-17	24.975562356016994	24.992652048367674	25.44530597253214	24.586479623083196
18-19	24.651312964536334	25.347043078719185	25.281876568517532	24.719767388226952
20-21	24.73108534580402	25.391792338456455	25.400488774051123	24.476633541688408
22-23	24.5364320064176	25.68278843288579	25.564108068076102	24.216671492620506
24-25	24.484423801748626	25.65201022905849	25.489687081749963	24.37387888744292
26-27	24.362252777851477	25.64502630289891	25.632271800251033	24.360449118998577
28-29	24.4510405413962	25.418895989245538	25.599262977591703	24.53080049176656
30-31	24.310446077306892	25.600938073245644	25.556896268879093	24.531719580568375
32-33	24.413116685191316	25.568300825192917	25.539642212073577	24.47894027754219
34-35	24.750069871387268	25.531545326918348	25.29273595660118	24.425648845093207
36-37	24.455962815428947	25.538272486112128	25.433767717002752	24.57199698145617
38-39	24.4139867576282	25.553823510245333	25.547395292488613	24.484794439637852
40-41	24.538692976275954	25.512729850289883	25.462647551148255	24.48592962228591
42-43	24.301789951657764	25.429388964869798	25.669293074891954	24.59952800858048
44-45	24.35713834238008	25.56752394957159	25.705908232349305	24.369429475699018
46-47	24.51321007861544	25.566480129313714	25.49884476416239	24.421465027908454
48-49	24.404710235239058	25.52992027155991	25.526852757952522	24.53851673524851
50-51	24.486125014656547	25.436542233429797	25.565372326930802	24.511960424982853
52-53	24.43072494501851	25.697215541218082	25.37395762149227	24.498101892271137
54-55	24.356564250318417	25.558438856152627	25.549647415819955	24.535349477709
56-57	24.339805632551656	25.506801128928313	25.65412427629142	24.499268962228612
58-59	24.448964875609793	25.55317259148327	25.555554132019047	24.44230840088789
60-61	24.33676665152838	25.54140297302344	25.621911580562895	24.499918794885286
62-63	24.3715910650806	25.6262932389337	25.67185103664685	24.330264659338855
64-65	24.448678971640824	25.63328034719725	25.51960531491745	24.398435366244474
66-67	24.329952557264754	25.614376760589728	25.547041347358864	24.50862933478665
68-69	24.420813741928367	25.690293242051904	25.613665638881354	24.275227377138375
70-71	24.426149850976543	25.607100141200593	25.587253585990904	24.379496421831956
72-73	24.395458010158972	25.705158141262093	25.511778406952413	24.387605441626526
74-75	24.477608547752787	25.773869451056413	25.530019072251996	24.218502928938797
76-77	24.497980088398226	25.62076909914786	25.5942452858056	24.287005526648308
78-79	24.37896223763104	25.50315241015413	25.750125238595352	24.367760113619482
80-81	24.445934650655516	25.687445371806366	25.65808550446861	24.208534473069506
82-83	24.488433656819346	25.620377834344747	25.595755389111936	24.295433119723967
84-85	24.398325342644224	25.65455594070112	25.6243669078608	24.322751808793853
86-87	24.353307912101403	25.77319715522034	25.652406789311772	24.221088143366483
88-89	24.42637133475866	25.634704095822315	25.568948891110004	24.369975678309018
90-91	24.30086273780109	25.705579500204422	25.587444104475043	24.40611365751944
92-93	24.370632038893504	25.80811341632396	25.677315516707804	24.143939028074733
94-95	24.492439254756796	25.740074805470147	25.439036962972335	24.328448976800722
96-97	24.382305825092775	25.633491670951404	25.51822248384016	24.465980020115662
98-99	24.407776016305213	25.692903858495537	25.671992839929757	24.227327285269492
100	24.5463967918522	25.717581502728986	25.302576424134386	24.433445281284428
>>END_MODULE
>>Per sequence GC content	pass
#GC Content	Count
0	22.0
1	16.5
2	10.5
3	13.5
4	20.5
5	34.0
6	51.0
7	68.5
8	102.0
9	149.5
10	206.5
11	268.0
12	380.0
13	594.5
14	887.0
15	1396.0
16	2421.0
17	3976.5
18	6626.0
19	11419.0
20	19885.5
21	32386.5
22	50627.5
23	76071.5
24	109270.0
25	152100.5
26	205934.5
27	269831.0
28	340610.0
29	419263.0
30	496537.0
31	573983.5
32	668216.5
33	764420.5
34	854139.0
35	962889.0
36	1098038.0
37	1256089.5
38	1398493.0
39	1525351.0
40	1625248.0
41	1696034.0
42	1829178.5
43	1981559.0
44	2045235.5
45	2105475.0
46	2177880.0
47	2189724.5
48	2187474.0
49	2185012.5
50	2198111.5
51	2187067.0
52	2110192.5
53	2006307.5
54	1914519.0
55	1870256.0
56	1796512.5
57	1686829.5
58	1616183.0
59	1549079.5
60	1461247.0
61	1353149.5
62	1231055.0
63	1123415.0
64	1017515.0
65	896581.5
66	780529.0
67	680741.5
68	578131.5
69	472494.5
70	380528.5
71	302797.5
72	248913.5
73	202218.5
74	161515.0
75	132187.0
76	107601.5
77	87680.0
78	66904.5
79	47685.0
80	33443.5
81	21816.5
82	12867.5
83	7340.5
84	3903.0
85	2393.5
86	1793.0
87	1215.0
88	681.0
89	433.0
90	328.0
91	245.5
92	172.5
93	104.5
94	60.5
95	46.5
96	31.5
97	12.5
98	5.5
99	3.5
100	0.0
>>END_MODULE
>>Per base N content	pass
#Base	N-Count
1	0.08726751448250504
2	6.48503646738663E-6
3	8.09008299306482E-4
4	6.48503646738663E-6
5	2.594014586954652E-5
6	0.0
7	1.6212591168466575E-6
8	2.1076368519006546E-5
9	1.2321569288034599E-4
10-11	5.188029173909304E-5
12-13	1.0294995391976275E-4
14-15	5.779788751558334E-4
16-17	0.0
18-19	0.0
20-21	1.945510940215989E-5
22-23	1.2159443376349931E-4
24-25	1.5564087521727912E-4
26-27	4.4827814580810076E-4
28-29	6.104040574927666E-4
30-31	0.011725756562593451
32-33	0.02411622936309403
34-35	0.024919563255491547
36-37	0.012437489314889133
38-39	0.011449331883171095
40-41	0.011297744155745932
42-43	0.009087157349925516
44-45	0.002993654959257353
46-47	0.0031184919112545455
48-49	0.0029782529976473096
50-51	0.0025016028172943927
52-53	9.80861765692228E-4
54-55	0.001851477911438883
56-57	0.01495287283467672
58-59	0.030296469116513493
60-61	0.02532406740514479
62-63	0.016928377068554375
64-65	0.016083701068677268
66-67	0.022366080146458064
68-69	0.0248693042228693
70-71	0.0036397267173207456
72-73	0.0
74-75	1.5401961610043248E-5
76-77	5.3501550855939695E-5
78-79	3.047967139671716E-4
80-81	0.007177314110280153
82-83	0.011432308662444206
84-85	0.028102094901861538
86-87	0.02422323246480591
88-89	0.01752905357134606
90-91	0.008851264148424328
92-93	0.010213121806575519
94-95	0.008353537599552402
96-97	0.00992859083156893
98-99	8.835862186814283E-5
100	8.106295584233288E-6
>>END_MODULE
>>Sequence Length Distribution	pass
#Length	Count
100	6.1680455E7
>>END_MODULE
>>Sequence Duplication Levels	fail
#Total Deduplicated Percentage	42.5097574696678
#Duplication Level	Percentage of deduplicated	Percentage of total
1	75.40811981975179	32.055808847812976
2	12.219617452720428	10.389059485745305
3	4.550110243733281	5.802722487640583
4	2.276332772171235	3.8706541626102307
5	1.3069807016360564	2.7779716322042507
6	0.8721580024042049	2.224513509445962
7	0.5875994994013807	1.7485098546195632
8	0.41629715525227295	1.4157352884069412
9	0.31576593333655806	1.2080819918988337
>10	1.7407632912191113	13.587487762436309
>50	0.15916937048507304	4.713906153266456
>100	0.12646625997147073	10.73136397371675
>500	0.013702256000220236	3.9915481551839562
>1k	0.0067199675804089035	4.856630025288391
>5k	1.7830564989918638E-4	0.5126251988900297
>10k+	1.8968686159487913E-5	0.113381470833507
>>END_MODULE
>>Overrepresented sequences	pass
>>END_MODULE
>>Adapter Content	pass
#Position	Illumina Universal Adapter	Illumina Small RNA 3' Adapter	Illumina Small RNA 5' Adapter	Nextera Transposase Sequence	SOLID Small RNA Adapter
1	5.3501550855939695E-5	1.1348813817926602E-5	0.0	1.1348813817926602E-5	0.0
2	9.56542878939528E-5	6.971414202440628E-5	0.0	6.322910555701964E-5	0.0
3	2.9182664103239835E-4	7.133540114125293E-5	0.0	6.48503646738663E-5	4.863777350539973E-6
4	0.0011575790094285135	7.457791937494625E-5	0.0	7.944169672548622E-5	6.48503646738663E-6
5	0.001358615139917499	7.457791937494625E-5	0.0	7.944169672548622E-5	6.48503646738663E-6
6	0.0017914913241155565	7.61991784917929E-5	1.6212591168466575E-6	8.106295584233287E-5	6.48503646738663E-6
7	0.0019422684219822957	1.0051806524449277E-4	1.6212591168466575E-6	8.592673319287285E-5	6.48503646738663E-6
8	0.0023070517232727937	1.0700310171187939E-4	1.6212591168466575E-6	8.916925142656616E-5	6.48503646738663E-6
9	0.002636167323992665	1.0862436082872605E-4	1.6212591168466575E-6	9.403302877710613E-5	8.106295584233288E-6
10-11	0.003764563669317939	1.2726884067246262E-4	1.6212591168466575E-6	9.727554701079946E-5	1.215944337634993E-5
12-13	0.005161278398481335	1.3780702493196588E-4	1.6212591168466575E-6	1.013286948029161E-4	1.297007293477326E-5
14-15	0.006716065891537278	1.5726213433412577E-4	1.6212591168466575E-6	1.1024561994557271E-4	1.297007293477326E-5
16-17	0.0083916371887983	1.7347472550259237E-4	1.6212591168466575E-6	1.1916254508822932E-4	1.5401961610043245E-5
18-19	0.010141786405434266	1.921192053463289E-4	1.6212591168466575E-6	1.2483695199719263E-4	1.6212591168466576E-5
20-21	0.011724945933035028	2.0508927828110217E-4	1.6212591168466575E-6	1.3456450669827258E-4	1.783385028531323E-5
22-23	0.013433753042191405	2.115743147484888E-4	2.4318886752699863E-6	1.4753457963304583E-4	1.783385028531323E-5
24-25	0.01491315198631398	2.2373375812483873E-4	3.242518233693315E-6	1.686109481520524E-4	1.783385028531323E-5
26-27	0.016390929671319707	2.3265068326749536E-4	3.242518233693315E-6	1.7752787329470898E-4	1.9455109402159887E-5
28-29	0.01789221561351971	2.4075697885172863E-4	3.242518233693315E-6	1.832022802036723E-4	2.1076368519006546E-5
30-31	0.01928244530621572	2.504845335528086E-4	3.242518233693315E-6	1.880660575542123E-4	2.1886998077429874E-5
32-33	0.020637817927899527	2.594014586954652E-4	3.242518233693315E-6	1.9374046446317557E-4	2.9993293661663162E-5
34-35	0.02188051304096249	2.675077542796985E-4	3.242518233693315E-6	1.9617235313844556E-4	3.080392322008649E-5
36-37	0.023336403727890788	2.8939475235712837E-4	3.242518233693315E-6	1.9698298269686887E-4	3.080392322008649E-5
38-39	0.02472258027279468	3.1047112087613494E-4	3.242518233693315E-6	1.9941487137213886E-4	3.080392322008649E-5
40-41	0.026048770230375246	3.193880460187915E-4	3.242518233693315E-6	2.0752116695637216E-4	3.404644145377981E-5
42-43	0.02735226256031996	3.2506245292775486E-4	3.242518233693315E-6	2.2697627635853205E-4	3.809958924589645E-5
44-45	0.028736007216548582	3.412750440962214E-4	3.242518233693315E-6	2.3265068326749536E-4	3.891021880431978E-5
46-47	0.030103539281608735	3.6640456040734463E-4	3.242518233693315E-6	2.36703831059612E-4	4.0531477921166437E-5
48-49	0.03155618745030334	3.9396596539373774E-4	3.242518233693315E-6	2.504845335528086E-4	4.134210747958976E-5
50-51	0.033181499714942116	4.028828905363944E-4	3.242518233693315E-6	2.594014586954652E-4	4.296336659643642E-5
52-53	0.03490733004482538	4.353080728733275E-4	3.242518233693315E-6	2.650758656044285E-4	4.3773996154859754E-5
54-55	0.0367044957758499	4.6611199609341403E-4	4.053147792116644E-6	2.658864951628518E-4	4.3773996154859754E-5
56-57	0.03855678431684721	4.879989941708439E-4	4.863777350539973E-6	2.7399279074708514E-4	4.3773996154859754E-5
58-59	0.040575251917321295	5.025903262224638E-4	5.674406908963301E-6	2.8047782721447173E-4	4.7016514388553066E-5
60-61	0.04284987845825716	5.050222148977339E-4	6.48503646738663E-6	3.072286026424416E-4	4.7016514388553066E-5
62-63	0.04541389975155015	5.212348060662003E-4	6.48503646738663E-6	3.218199346940615E-4	4.78271439469764E-5
64-65	0.048131130031385146	5.309623607672803E-4	6.48503646738663E-6	3.3316874851198813E-4	5.0259032622246383E-5
66-67	0.05111505743594142	5.471749519357469E-4	7.2956660258099585E-6	3.4694945100518474E-4	5.0259032622246383E-5
68-69	0.05445322995752869	5.544706179615569E-4	8.106295584233288E-6	3.6640456040734463E-4	5.0259032622246383E-5
70-71	0.05845287619878939	5.7960013427268E-4	8.106295584233288E-6	3.882915584847745E-4	5.0259032622246383E-5
72-73	0.06327855396008347	6.217528713106932E-4	8.106295584233288E-6	4.1098918612062765E-4	5.0259032622246383E-5
74-75	0.06873976529518144	6.606630901150129E-4	8.106295584233288E-6	4.2233799993855427E-4	5.188029173909304E-5
76-77	0.07481462320600585	6.768756812834795E-4	8.106295584233288E-6	4.344974433149042E-4	5.3501550855939695E-5
78-79	0.08212325930475059	6.817394586340194E-4	8.106295584233288E-6	4.3855059110702087E-4	5.9175957764903E-5
80-81	0.09155250232833075	6.95520161127216E-4	8.106295584233288E-6	4.6043758918445075E-4	6.241847599859632E-5
82-83	0.104258310027058	7.093008636204127E-4	8.106295584233288E-6	4.6692262565183734E-4	6.322910555701964E-5
84-85	0.12154336410131863	7.376728981652291E-4	8.106295584233288E-6	4.8313521682030394E-4	6.322910555701964E-5
86-87	0.14290588485444863	7.538854893336957E-4	9.727554701079945E-6	5.415005450267836E-4	6.403973511544297E-5
88-89	0.16915569121531288	7.587492666842356E-4	1.0538184259503275E-5	5.714938386884468E-4	6.971414202440628E-5
>>END_MODULE
