##FastQC	0.11.8
>>Basic Statistics	pass
#Measure	Value
Filename	SRR3184296_reverse.gz
File type	Conventional base calls
Encoding	Sanger / Illumina 1.9
Total Sequences	76472375
Sequences flagged as poor quality	0
Sequence length	100
%GC	47
>>END_MODULE
>>Per base sequence quality	pass
#Base	Mean	Median	Lower Quartile	Upper Quartile	10th Percentile	90th Percentile
1	31.34855416743628	33.0	33.0	33.0	27.0	33.0
2	31.313281063913603	33.0	33.0	33.0	27.0	33.0
3	31.34524658087316	33.0	33.0	33.0	27.0	33.0
4	35.05799434109376	37.0	37.0	37.0	33.0	37.0
5	35.05289257722151	37.0	37.0	37.0	33.0	37.0
6	35.006742787836785	37.0	37.0	37.0	33.0	37.0
7	34.800287123291255	37.0	37.0	37.0	33.0	37.0
8	34.83090206103838	37.0	37.0	37.0	33.0	37.0
9	34.85757180942792	37.0	37.0	37.0	33.0	37.0
10-11	34.95211470808903	37.0	37.0	37.0	33.0	37.0
12-13	34.85485410254356	37.0	37.0	37.0	33.0	37.0
14-15	36.50548422224365	40.0	37.0	40.0	33.0	40.0
16-17	36.429054923428225	40.0	37.0	40.0	33.0	40.0
18-19	36.38628700887085	40.0	37.0	40.0	33.0	40.0
20-21	36.32696066389987	40.0	37.0	40.0	33.0	40.0
22-23	36.29145440428651	40.0	37.0	40.0	33.0	40.0
24-25	36.189356019085324	40.0	37.0	40.0	33.0	40.0
26-27	36.109655029021916	40.0	37.0	40.0	33.0	40.0
28-29	35.97843083858714	40.0	37.0	40.0	30.0	40.0
30-31	35.88683616796261	40.0	37.0	40.0	27.0	40.0
32-33	35.72567128979583	40.0	37.0	40.0	27.0	40.0
34-35	35.5632529132252	37.0	37.0	40.0	27.0	40.0
36-37	35.418042469584606	37.0	37.0	40.0	27.0	40.0
38-39	35.213210502485374	37.0	37.0	40.0	27.0	40.0
40-41	35.0394655782562	37.0	37.0	40.0	27.0	40.0
42-43	34.98186435951544	37.0	37.0	40.0	27.0	40.0
44-45	35.011696785930866	37.0	37.0	40.0	27.0	40.0
46-47	34.92073398400403	37.0	35.0	40.0	27.0	40.0
48-49	34.99028687156637	37.0	37.0	40.0	27.0	40.0
50-51	34.46426440920659	37.0	35.0	40.0	27.0	40.0
52-53	34.45461951456326	37.0	33.0	40.0	27.0	40.0
54-55	34.69968707654235	37.0	33.0	40.0	27.0	40.0
56-57	34.6145064214365	37.0	33.0	40.0	27.0	40.0
58-59	34.43539338878909	37.0	33.0	40.0	27.0	40.0
60-61	34.205743171962425	37.0	33.0	40.0	27.0	40.0
62-63	33.9387710594839	37.0	33.0	40.0	27.0	40.0
64-65	33.68914255638066	37.0	33.0	38.5	24.5	40.0
66-67	33.4558286440038	37.0	33.0	37.0	22.0	40.0
68-69	33.201481495768896	37.0	33.0	37.0	22.0	40.0
70-71	32.898760918567	37.0	33.0	37.0	22.0	40.0
72-73	32.649742282752435	37.0	33.0	37.0	22.0	40.0
74-75	32.41882089447333	37.0	33.0	37.0	22.0	37.0
76-77	32.18577316972305	37.0	33.0	37.0	22.0	37.0
78-79	31.95239218737485	37.0	33.0	37.0	22.0	37.0
80-81	31.766798056160802	37.0	33.0	37.0	22.0	37.0
82-83	31.567575160311158	37.0	33.0	37.0	15.0	37.0
84-85	31.38411009204304	37.0	33.0	37.0	15.0	37.0
86-87	31.160446749561522	33.0	33.0	37.0	15.0	37.0
88-89	30.995139571642703	33.0	33.0	37.0	15.0	37.0
90-91	30.82362122269643	33.0	33.0	37.0	15.0	37.0
92-93	30.64850581010463	33.0	33.0	37.0	6.0	37.0
94-95	30.431363639484193	33.0	33.0	37.0	2.0	37.0
96-97	30.180580379516133	33.0	33.0	37.0	2.0	37.0
98-99	29.914612753952	33.0	33.0	37.0	2.0	37.0
100	28.21566024332316	33.0	27.0	37.0	2.0	37.0
>>END_MODULE
>>Per sequence quality scores	pass
#Quality	Count
2	1415411.0
3	281373.0
4	207608.0
5	183796.0
6	171714.0
7	173436.0
8	177827.0
9	186350.0
10	195434.0
11	193404.0
12	193993.0
13	199965.0
14	208784.0
15	216171.0
16	223142.0
17	227362.0
18	232221.0
19	241342.0
20	256501.0
21	286525.0
22	334953.0
23	401863.0
24	486677.0
25	592687.0
26	722293.0
27	873436.0
28	1054461.0
29	1281120.0
30	1573688.0
31	1971600.0
32	2534139.0
33	3360624.0
34	4528360.0
35	6420790.0
36	1.0499435E7
37	1.9184119E7
38	1.5114272E7
39	65499.0
>>END_MODULE
>>Per base sequence content	warn
#Base	G	A	T	C
1	33.03984973079751	12.975413419802628	12.374304676244602	41.61043217315525
2	23.562768402495358	19.8488758961407	32.512115965686775	24.076239735677166
3	28.012194545601105	21.754621429220126	22.868750440328853	27.364433584849916
4	28.674871572659093	28.671868258492093	19.79456755298939	22.858692615859418
5	28.42872178123282	31.11097662101171	21.16641736564079	19.293884232114674
6	23.308949974387204	34.09115819862192	21.894114179808398	20.705777647182476
7	20.29030248405809	19.610957083765417	38.72738101514447	21.371359417032025
8	21.27278527528614	23.14080793847729	28.886613137668576	26.699793648567994
9	21.980874595331734	22.493031759351144	30.907888367896774	24.61820527742035
10-11	24.91444069003476	31.06834639959528	21.94569762320343	22.07151528716653
12-13	23.531850994163385	24.782514580743356	27.56496260239882	24.120671822694444
14-15	23.586434512530783	26.0936093661786	27.21132840415762	23.108627717133
16-17	24.142620119289706	26.058733131004658	26.331097333096842	23.467549416608797
18-19	24.076823639057782	26.18039826152675	26.18165492293671	23.561123176478755
20-21	23.94577819514368	26.279943858238695	26.337869019691944	23.436408926925683
22-23	24.05868946532009	26.538659681506026	26.152368445843866	23.25028240733002
24-25	23.99627800569335	26.413669584380138	26.136184514673584	23.453867895252934
26-27	23.757120553466233	26.498338376886544	26.322948516968488	23.42159255267873
28-29	24.06059883861988	26.247108057513802	26.24405698258495	23.44823612128136
30-31	23.731858773428073	26.416237586858465	26.412466573817632	23.43943706589583
32-33	23.792550239999045	26.4597935808561	26.252587313463167	23.495068865681688
34-35	24.151813300153176	26.356513058569163	26.079893425958918	23.411780215318746
36-37	23.95629501768165	26.406909901266612	26.21701232782861	23.419782753223128
38-39	23.804905401527265	26.543618008752905	26.15796306753535	23.49351352218447
40-41	24.08478329511666	26.306743789114407	26.053555109695502	23.554917806073426
42-43	23.87017665183218	26.38677519856013	26.228263396433103	23.514784753174585
44-45	23.80834164204923	26.47392278413362	26.348799036982	23.368936536835147
46-47	23.98202913907978	26.511012363843665	26.143893534904734	23.36306496217182
48-49	23.725857225044486	26.484547197766474	26.318336596600705	23.47125898058834
50-51	23.887900181087158	26.42674766186125	26.365410844043442	23.31994131300815
52-53	23.792071521694893	26.543646625756335	26.080026187166332	23.584255665382436
54-55	23.710206569434185	26.606416621023683	26.150993596497447	23.53238321304468
56-57	23.676038551263332	26.496661527134396	26.382594973163982	23.444704948438293
58-59	23.633271600885145	26.506290180298613	26.360868808875964	23.49956940994028
60-61	23.74444122726325	26.28432295556138	26.437642705877458	23.533593111297918
62-63	23.658251089729536	26.513236487871737	26.469577869900668	23.358934552498052
64-65	23.797764993575544	26.496694945469066	26.31443663282334	23.39110342813205
66-67	23.55741906982452	26.46622194952346	26.38931893483863	23.587040045813392
68-69	23.704499968148767	26.63813885340027	26.45763828319024	23.19972289526072
70-71	23.799966858735765	26.508381927354	26.341089689925752	23.350561523984485
72-73	23.642049710226868	26.481420890666797	26.330461648732616	23.546067750373723
74-75	23.795764230609304	26.547657536600237	26.326135801106055	23.330442431684403
76-77	23.767050939857327	26.517469345880972	26.29410496487359	23.421374749388114
78-79	23.730816962350488	26.280925805769357	26.50563205442041	23.48262517745975
80-81	23.755614006523675	26.596591833581325	26.329863563298765	23.31793059659623
82-83	24.011616276596815	26.4798381308036	26.17188650712939	23.336659085470192
84-85	24.024732311864316	26.39541243623847	26.039826779467774	23.54002847242944
86-87	23.851296532484177	26.533160715970194	26.21284790565227	23.40269484589336
88-89	23.902402546014166	26.53147129419005	26.204340873309697	23.361785286486086
90-91	23.821502709777672	26.4840234318976	26.238032828076342	23.45644103024839
92-93	23.780605626487468	26.597828706869265	26.271334351675474	23.3502313149678
94-95	23.89413971707738	26.591269502983277	26.130404241794043	23.384186538145304
96-97	24.013457706426923	26.311406887129124	26.17019701066219	23.504938395781767
98-99	23.929611684004662	26.424580716729658	26.39736077358072	23.248446825684958
100	24.47148806760232	26.34738803187439	25.647682030293872	23.533441870229417
>>END_MODULE
>>Per sequence GC content	pass
#GC Content	Count
0	37861.0
1	20757.5
2	3770.5
3	3937.5
4	3936.0
5	3872.0
6	3827.0
7	3967.0
8	4323.5
9	4734.0
10	5222.5
11	5715.5
12	6173.0
13	6857.0
14	7820.5
15	9055.0
16	11251.0
17	14639.0
18	19733.5
19	28022.0
20	41360.0
21	62133.0
22	92434.0
23	133025.5
24	186857.0
25	253856.0
26	334106.5
27	428814.0
28	530372.5
29	632018.0
30	728619.0
31	840469.5
32	984861.0
33	1115922.5
34	1221380.0
35	1361022.5
36	1549060.5
37	1765863.5
38	1930706.5
39	2073039.5
40	2197371.0
41	2305960.5
42	2565267.0
43	2826695.0
44	2888505.0
45	2941757.0
46	3034637.5
47	2929898.0
48	2821740.0
49	2803840.5
50	2771441.0
51	2660363.0
52	2407235.5
53	2227846.0
54	2160642.0
55	2081099.0
56	1904614.0
57	1714183.5
58	1607574.5
59	1521033.5
60	1415432.5
61	1306069.0
62	1201798.0
63	1107449.0
64	1017559.0
65	910268.5
66	795074.5
67	694685.0
68	602463.0
69	509593.5
70	425020.5
71	346175.0
72	273868.5
73	215883.0
74	173665.0
75	140365.0
76	111089.0
77	85864.5
78	65214.5
79	50092.0
80	38427.0
81	28900.0
82	22213.5
83	17665.5
84	14345.0
85	12010.0
86	10223.0
87	8918.0
88	7849.0
89	6852.0
90	5892.0
91	5178.5
92	4566.0
93	3944.0
94	3401.5
95	2814.5
96	2277.0
97	1846.0
98	1393.0
99	966.5
100	643.5
>>END_MODULE
>>Per base N content	pass
#Base	N-Count
1	0.08356481670668657
2	0.07734950039148124
3	0.08684443238489717
4	0.07426603397632152
5	0.06805725596988454
6	0.0827697583604537
7	0.39008988539979306
8	0.08101356862527155
9	0.0882776296669222
10-11	0.09588429808803506
12-13	0.09688792848397869
14-15	0.09146505519149889
16-17	0.102684139207132
18-19	0.10393622533627339
20-21	0.10327324082716144
22-23	0.10005966206751132
24-25	0.10882361114062432
26-27	0.11018946384233522
28-29	0.11698211282178696
30-31	0.09651328339155152
32-33	0.08838681942335386
34-35	0.0879762136327007
36-37	0.09412287770583821
38-39	0.09900764818668178
40-41	0.09704419406354255
42-43	0.10785528761202982
44-45	0.1035700800452451
46-47	0.10364853975046544
48-49	0.15553590430531286
50-51	0.1571691738356498
52-53	0.12158246687120676
54-55	0.11967720369610595
56-57	0.10191850325035674
58-59	0.09412745452197607
60-61	0.09616806068858198
62-63	0.09369592614326415
64-65	0.09381753868635569
66-67	0.0987284624022727
68-69	0.10220226585090368
70-71	0.10618671121434375
72-73	0.1140117591483199
74-75	0.12776182248818607
76-77	0.12267697975903062
78-79	0.11941763283800196
80-81	0.11126109264946982
82-83	0.09954248184393384
84-85	0.09848196816170546
86-87	0.09994393400231129
88-89	0.09889584310674279
90-91	0.09826816546498
92-93	0.10192634922087879
94-95	0.10175243020764035
96-97	0.10190738812545053
98-99	0.10202377002152738
100	0.10611413598701491
>>END_MODULE
>>Sequence Length Distribution	pass
#Length	Count
100	7.6472375E7
>>END_MODULE
>>Sequence Duplication Levels	fail
#Total Deduplicated Percentage	37.984042908048075
#Duplication Level	Percentage of deduplicated	Percentage of total
1	75.80224883300939	28.79275872199566
2	12.090821473038806	9.1851656325091
3	4.371910808574309	4.981885432291371
4	2.196143852049999	3.3367368923405265
5	1.3103064054353373	2.488536736337304
6	0.8609302869168871	1.9620967775453506
7	0.5637052730124565	1.498826369431867
8	0.41570106449146493	1.2632005656452052
9	0.3219413493603251	1.1005770625179732
>10	1.777560704265089	12.35874726733198
>50	0.14517350998469028	3.826705016250145
>100	0.1098356839475251	8.402852600605183
>500	0.016553215381368246	4.40229418378033
>1k	0.015651984346564448	11.864241864454174
>5k	0.0012704434541570206	3.244848406667792
>10k+	2.451127316444252E-4	1.290526470296207
>>END_MODULE
>>Overrepresented sequences	pass
>>END_MODULE
>>Adapter Content	pass
#Position	Illumina Universal Adapter	Illumina Small RNA 3' Adapter	Illumina Small RNA 5' Adapter	Nextera Transposase Sequence	SOLID Small RNA Adapter
1	1.9614926305087294E-5	6.538308768362431E-6	0.0	1.0461294029379891E-5	1.3076617536724864E-6
2	2.7460896827122214E-5	3.2691543841812156E-5	0.0	4.707582313220951E-5	1.3076617536724864E-6
3	7.976736697402167E-5	3.7922190856502105E-5	0.0	5.230647014689945E-5	1.3076617536724864E-6
4	3.517610117378988E-4	3.922985261017459E-5	0.0	5.884477891526188E-5	1.3076617536724864E-6
5	4.485279815096628E-4	4.0537514363847076E-5	0.0	6.015244066893437E-5	1.3076617536724864E-6
6	6.329082887774833E-4	4.315283787119205E-5	0.0	6.015244066893437E-5	1.3076617536724864E-6
7	7.074450087368151E-4	6.015244066893437E-5	0.0	6.276776417627935E-5	2.615323507344973E-6
8	8.617490956701685E-4	6.538308768362431E-5	0.0	6.799841119096929E-5	2.615323507344973E-6
9	0.0010422064176769715	6.799841119096929E-5	0.0	7.192139645198675E-5	2.615323507344973E-6
10-11	0.0015940396777267608	7.126756557515051E-5	0.0	7.584438171300421E-5	4.576816137853703E-6
12-13	0.002330907075921207	7.649821258984044E-5	0.0	7.584438171300421E-5	6.538308768362431E-6
14-15	0.003264577568043362	8.695950661922035E-5	0.0	8.238269048136663E-5	7.845970522034918E-6
16-17	0.004167518008954214	9.742080064860023E-5	0.0	9.022866100340155E-5	7.845970522034918E-6
18-19	0.005204493779616496	1.0853592555481636E-4	0.0	9.938229327910897E-5	9.807463152543647E-6
20-21	0.00618524009487086	1.1572806520001504E-4	1.3076617536724864E-6	1.0592060204747138E-4	1.0461294029379891E-5
22-23	0.007238561637454048	1.2553552835255867E-4	1.9614926305087296E-6	1.104974181853251E-4	1.1768955783052377E-5
24-25	0.008338959003169444	1.320738371209211E-4	2.615323507344973E-6	1.2684319010623118E-4	1.1768955783052377E-5
26-27	0.009534815676902933	1.3991980764295603E-4	2.615323507344973E-6	1.346891606282661E-4	1.1768955783052377E-5
28-29	0.010847708077590109	1.4515045465764598E-4	2.615323507344973E-6	1.4057363851979228E-4	1.438427929039735E-5
30-31	0.012297251131536062	1.4776577816499095E-4	3.269154384181216E-6	1.412274693966285E-4	1.438427929039735E-5
32-33	0.013738294384083142	1.5103493254917217E-4	5.230647014689946E-6	1.412274693966285E-4	1.6999602797742322E-5
34-35	0.015335603216194083	1.6149622657855205E-4	5.884477891526188E-6	1.412274693966285E-4	1.8961095428251052E-5
36-37	0.017280750074781907	1.739190132384407E-4	6.538308768362431E-6	1.4449662378080975E-4	2.0922588058759783E-5
38-39	0.019284741712284992	1.7914966025313063E-4	6.538308768362431E-6	1.4711194728815472E-4	2.0922588058759783E-5
40-41	0.02122792707824231	1.817649837604756E-4	6.538308768362431E-6	1.4907343991866343E-4	2.3537911566104754E-5
42-43	0.02329534031079851	1.8307264551414807E-4	6.538308768362431E-6	1.5430408693335338E-4	2.680706595028597E-5
44-45	0.02543402110892986	1.876494616520018E-4	6.538308768362431E-6	1.5626557956386212E-4	2.9422389457630944E-5
46-47	0.027772120324496264	1.9484160129720047E-4	6.538308768362431E-6	1.680345353469145E-4	3.1383882088139674E-5
48-49	0.030370444229043496	2.013799100655629E-4	6.538308768362431E-6	1.7914966025313063E-4	3.1383882088139674E-5
50-51	0.033150533117351194	2.059567262034166E-4	6.538308768362431E-6	1.8830329252883803E-4	3.3999205595484645E-5
52-53	0.03606465733541034	2.242639907548314E-4	6.538308768362431E-6	1.9418777042036424E-4	3.530686734915713E-5
54-55	0.03921089151474634	2.4453274793675495E-4	6.538308768362431E-6	1.9745692480454543E-4	3.530686734915713E-5
56-57	0.042495737839971626	2.5434021108929864E-4	6.538308768362431E-6	2.0399523357290787E-4	3.530686734915713E-5
58-59	0.04616045990463877	2.746089682712221E-4	7.845970522034917E-6	2.0661055708025283E-4	3.6614529102829616E-5
60-61	0.05026913313467772	2.8114727703958456E-4	9.153632275707404E-6	2.2164866724748645E-4	3.6614529102829616E-5
62-63	0.054819142206581135	2.9945454159099937E-4	9.807463152543647E-6	2.2949463776952134E-4	3.7922190856502105E-5
64-65	0.059779103238260876	3.105696664972155E-4	1.1115124906216134E-5	2.3799443916839251E-4	3.7922190856502105E-5
66-67	0.06507840249501862	3.151464826350692E-4	1.1768955783052377E-5	2.4257125530624622E-4	3.7922190856502105E-5
68-69	0.07072292445474591	3.184156370192504E-4	1.1768955783052377E-5	2.5826319635031606E-4	3.7922190856502105E-5
70-71	0.07711869809195804	3.288769310486303E-4	1.242278665988862E-5	2.739551373943859E-4	4.119134524068332E-5
72-73	0.08449260272091719	3.419535485853552E-4	1.3076617536724862E-5	2.9422389457630944E-4	4.446049962486453E-5
74-75	0.09282633107707194	3.5764548962942497E-4	1.3730448413561107E-5	3.073005121130343E-4	4.772965400904575E-5
76-77	0.10179362155288102	3.6810678365880494E-4	1.5691941044069837E-5	3.1253115912772424E-4	5.230647014689945E-5
78-79	0.11192407715858177	3.7137593804298613E-4	1.5691941044069837E-5	3.1580031351190543E-4	5.426796277740818E-5
80-81	0.1243991702886173	3.785680776881848E-4	1.7653433674578564E-5	3.243001149107766E-4	6.015244066893437E-5
82-83	0.14031995213957982	3.8576021733338346E-4	2.0268757181923538E-5	3.2626160754128535E-4	6.146010242260685E-5
84-85	0.16008787486984677	4.0210598925428953E-4	2.1576418935596024E-5	3.3933822507801017E-4	6.146010242260685E-5
86-87	0.18279672888412318	4.151826067910144E-4	2.2884080689268513E-5	3.8576021733338346E-4	6.276776417627933E-5
88-89	0.2091264982943187	4.197594229288681E-4	2.5499404196613484E-5	4.0472131276163455E-4	6.472925680678807E-5
>>END_MODULE
