##FastQC	0.11.8
>>Basic Statistics	pass
#Measure	Value
Filename	SRR3184297_forward.gz
File type	Conventional base calls
Encoding	Sanger / Illumina 1.9
Total Sequences	60745831
Sequences flagged as poor quality	0
Sequence length	100
%GC	49
>>END_MODULE
>>Per base sequence quality	pass
#Base	Mean	Median	Lower Quartile	Upper Quartile	10th Percentile	90th Percentile
1	32.47201739655187	33.0	33.0	33.0	33.0	33.0
2	32.527496018615665	33.0	33.0	33.0	33.0	33.0
3	31.828707668843975	33.0	33.0	33.0	27.0	33.0
4	36.0486286869629	37.0	37.0	37.0	33.0	37.0
5	36.260319296644404	37.0	37.0	37.0	33.0	37.0
6	36.284434169646964	37.0	37.0	37.0	33.0	37.0
7	36.25665524272769	37.0	37.0	37.0	33.0	37.0
8	36.20295568925545	37.0	37.0	37.0	33.0	37.0
9	36.24014164856844	37.0	37.0	37.0	33.0	37.0
10-11	36.251544307625	37.0	37.0	37.0	33.0	37.0
12-13	36.21251666637008	37.0	37.0	37.0	33.0	37.0
14-15	38.06099178230025	40.0	37.0	40.0	33.0	40.0
16-17	38.02540369395885	40.0	37.0	40.0	33.0	40.0
18-19	37.971378430891825	40.0	37.0	40.0	33.0	40.0
20-21	37.9215348457411	40.0	37.0	40.0	33.0	40.0
22-23	37.836532551509585	40.0	37.0	40.0	33.0	40.0
24-25	37.721809847329276	40.0	37.0	40.0	33.0	40.0
26-27	37.52489640811729	40.0	37.0	40.0	33.0	40.0
28-29	37.346223924403965	40.0	37.0	40.0	33.0	40.0
30-31	37.18766883771826	40.0	37.0	40.0	33.0	40.0
32-33	37.02405674555674	40.0	37.0	40.0	33.0	40.0
34-35	36.99686701956551	40.0	37.0	40.0	33.0	40.0
36-37	36.944035632667536	40.0	37.0	40.0	33.0	40.0
38-39	36.976927766450345	40.0	37.0	40.0	33.0	40.0
40-41	36.97306879380743	40.0	37.0	40.0	33.0	40.0
42-43	36.85185473880504	40.0	37.0	40.0	33.0	40.0
44-45	36.70236520428867	40.0	37.0	40.0	33.0	40.0
46-47	36.526377876038936	37.0	37.0	40.0	33.0	40.0
48-49	36.324194297383144	37.0	37.0	40.0	33.0	40.0
50-51	36.14023422446884	37.0	37.0	40.0	33.0	40.0
52-53	35.9252716124667	37.0	37.0	40.0	33.0	40.0
54-55	35.70660740487689	37.0	37.0	40.0	27.0	40.0
56-57	35.456432845572564	37.0	35.0	40.0	27.0	40.0
58-59	35.22742882552714	37.0	33.0	40.0	27.0	40.0
60-61	34.97538200605075	37.0	33.0	40.0	27.0	40.0
62-63	34.7013151157649	37.0	33.0	38.5	27.0	40.0
64-65	34.42485496659022	37.0	33.0	37.0	27.0	40.0
66-67	34.14527642234411	37.0	33.0	37.0	27.0	40.0
68-69	33.865055685879085	37.0	33.0	37.0	27.0	40.0
70-71	33.58544323807176	37.0	33.0	37.0	27.0	40.0
72-73	33.27065264775125	37.0	33.0	37.0	27.0	37.0
74-75	33.02140923876735	37.0	33.0	37.0	27.0	37.0
76-77	32.11388094271029	33.0	33.0	37.0	24.5	37.0
78-79	32.519251140049434	37.0	33.0	37.0	27.0	37.0
80-81	32.44748244533851	37.0	33.0	37.0	24.5	37.0
82-83	32.28066110413404	37.0	33.0	37.0	22.0	37.0
84-85	32.07456577555092	35.0	33.0	37.0	22.0	37.0
86-87	31.86261638267818	33.0	33.0	37.0	22.0	37.0
88-89	31.686294241328266	33.0	33.0	37.0	22.0	37.0
90-91	31.504531125765652	33.0	33.0	37.0	22.0	37.0
92-93	31.297190452460846	33.0	33.0	37.0	22.0	37.0
94-95	31.032626535309063	33.0	33.0	37.0	15.0	37.0
96-97	30.699245763878018	33.0	33.0	37.0	15.0	37.0
98-99	30.302671083716014	33.0	33.0	37.0	2.0	37.0
100	28.036986620530385	33.0	27.0	33.0	2.0	37.0
>>END_MODULE
>>Per sequence quality scores	pass
#Quality	Count
2	235.0
3	239.0
4	540.0
5	1309.0
6	3557.0
7	10297.0
8	27905.0
9	56036.0
10	79902.0
11	95599.0
12	110972.0
13	125505.0
14	139751.0
15	151370.0
16	166717.0
17	179486.0
18	195321.0
19	209250.0
20	224844.0
21	245429.0
22	278227.0
23	326222.0
24	393557.0
25	483847.0
26	596802.0
27	732267.0
28	898768.0
29	1107641.0
30	1374284.0
31	1716882.0
32	2185809.0
33	2841604.0
34	3814190.0
35	5590395.0
36	9710646.0
37	1.7279256E7
38	9371105.0
39	20065.0
>>END_MODULE
>>Per base sequence content	warn
#Base	G	A	T	C
1	35.24836248722903	15.587168435396705	10.936971857425346	38.22749721994892
2	22.076991545079824	21.493726654049393	30.84875989724592	25.580521903624863
3	25.265044012948394	22.275195832598026	23.940214098893485	28.51954605556009
4	25.732371658558755	30.249983739624863	21.11568611185844	22.901958489957934
5	29.083841161050213	31.136149903027917	20.400764622019903	19.37924431390197
6	24.087218429854058	33.95672535947364	20.721690349416736	21.234365861255565
7	20.632337715488656	19.511498657414037	37.93687339629941	21.9192902307979
8	21.640665019164903	22.828350265136514	27.49413638187246	28.036848333826125
9	22.19092533280185	22.022280014574168	29.778975284740117	26.00781936788386
10-11	25.453071009926592	30.398119831466296	21.150003693257567	22.998805465349548
12-13	24.017367545766227	24.202920197107847	26.49073810513844	25.28897415198748
14-15	24.066060636505426	25.316669598695405	26.19687332449744	24.42039644030173
16-17	24.74405369080318	25.33761704605234	25.330693927746182	24.58763533539829
18-19	24.60128156297777	25.421620216952334	25.30547209525099	24.6716261248189
20-21	24.642673182326295	25.479989297359218	25.23768594827996	24.639651572034527
22-23	24.63327457179349	25.815015314299334	24.971901217727762	24.579808896179415
24-25	24.69621179180119	25.49690584830529	25.033773496900054	24.773108862993467
26-27	24.466814277083383	25.642622583557433	25.061084713981657	24.829478425377523
28-29	24.795273892175135	25.43005862143246	25.091344260779803	24.6833232256126
30-31	24.451184063481993	25.582181339979893	25.22632788509972	24.740306711438393
32-33	24.49907030647544	25.554988631772922	25.095506182685895	24.850434879065737
34-35	24.822718689607548	25.389332236279948	24.923376071771482	24.86457300234102
36-37	24.70167164279299	25.490099020255702	25.061145802969047	24.747083533982263
38-39	24.43554317638033	25.551853917006024	25.040369039130926	24.972233867482714
40-41	24.709920992992828	25.419137703044438	24.97415968429809	24.896781619664647
42-43	24.44858389091424	25.48588172011782	25.248587540428435	24.816946848539505
44-45	24.483101929740116	25.455187508077472	25.297923473862777	24.763787088319642
46-47	24.600280553194313	25.545324077188596	25.068139359539604	24.786256010077487
48-49	24.42143468629392	25.590019189639285	25.23014909266495	24.758397031401845
50-51	24.621585344664833	25.38297234699158	25.264350441039152	24.731091867304436
52-53	24.514696503705753	25.49872990024817	25.01288801314679	24.97368558289929
54-55	24.50940961845892	25.557255844282057	25.106816000027415	24.826518537231603
56-57	24.40549524927284	25.3741071693199	25.304209734172918	24.91618784723435
58-59	24.435587862596567	25.499990010765245	25.257973942659255	24.806448183978937
60-61	24.537379071928566	25.299815856405516	25.327780710237153	24.835024361428765
62-63	24.397389396262078	25.441370772752503	25.34617145228785	24.815068378697564
64-65	24.52745734654235	25.551816443852758	25.138799407360953	24.78192680224394
66-67	24.344978017670794	25.50413353491577	25.224325511408203	24.926562936005237
68-69	24.31814638785046	25.712336343456922	25.285422532718098	24.684094735974522
70-71	24.44911607256536	25.621305980367005	25.15222292019161	24.777355026876027
72-73	24.324305392266556	25.54693439032823	25.260611710590602	24.86814850681461
74-75	24.424974145921478	25.618416980676272	25.28164639140808	24.67496248199417
76-77	24.425511986267626	25.57471767245967	25.24582497308342	24.753945368189285
78-79	24.34214074482449	25.410099875198807	25.367350098961182	24.88040928101552
80-81	24.367054710299037	25.617335638339174	25.286838404742113	24.728771246619672
82-83	24.526855493195214	25.554422868644718	25.155906930320228	24.762814707839844
84-85	24.465578306310356	25.435779919974337	25.141536301381116	24.95710547233419
86-87	24.357189002411268	25.529807773676133	25.251907890469287	24.861095333443313
88-89	24.419113967556374	25.5474836265465	25.155627774481136	24.877774631415985
90-91	24.310159381528667	25.511836202400268	25.263616691304353	24.91438772476671
92-93	24.25953125946289	25.676806473246277	25.260867142603	24.802795124687833
94-95	24.3418437255224	25.659588989345806	25.12906867143988	24.86949861369192
96-97	24.415228250538473	25.463089134962107	25.15533333380531	24.96634928069411
98-99	24.423865280056308	25.496221357766093	25.341970501108186	24.737942861069413
100	23.899975986632587	25.849814668066763	24.826351680383414	25.423857664917236
>>END_MODULE
>>Per sequence GC content	pass
#GC Content	Count
0	2648.0
1	1662.0
2	528.0
3	374.0
4	370.5
5	364.0
6	390.0
7	448.5
8	521.5
9	613.5
10	707.0
11	871.0
12	1106.0
13	1474.0
14	2037.5
15	2824.5
16	4232.0
17	6191.0
18	9206.5
19	14600.0
20	24740.5
21	40448.0
22	62903.5
23	92298.0
24	128084.5
25	167052.5
26	216546.0
27	278551.0
28	346428.0
29	415429.5
30	479996.0
31	556918.0
32	647942.0
33	721903.5
34	788200.0
35	884407.5
36	1011571.5
37	1150307.5
38	1242631.0
39	1318665.0
40	1416436.0
41	1544033.0
42	1743059.0
43	1912671.0
44	1973818.5
45	2013642.0
46	2070042.0
47	2079222.0
48	2097436.0
49	2183092.0
50	2206566.0
51	2128183.0
52	2032414.0
53	1954389.5
54	1898481.0
55	1862380.0
56	1785215.0
57	1678551.5
58	1628531.0
59	1587587.5
60	1502900.5
61	1431170.0
62	1354733.0
63	1241554.0
64	1132502.0
65	1013708.0
66	884000.0
67	767974.0
68	656943.5
69	540637.0
70	437044.5
71	344828.0
72	260892.0
73	195848.0
74	149076.5
75	113359.0
76	85993.0
77	62203.5
78	42763.5
79	30682.5
80	21659.5
81	14837.5
82	10271.5
83	7461.5
84	5480.0
85	4143.0
86	3218.0
87	2435.5
88	1852.5
89	1404.0
90	1046.0
91	772.0
92	579.0
93	430.0
94	296.0
95	195.0
96	140.0
97	86.5
98	46.0
99	25.5
100	14.0
>>END_MODULE
>>Per base N content	pass
#Base	N-Count
1	0.07195390906743872
2	2.963166311775371E-5
3	1.1688044896447297E-4
4	0.0
5	0.0
6	0.0
7	0.0
8	0.028174773014464152
9	0.0
10-11	0.0
12-13	0.0
14-15	1.0618012617195078E-4
16-17	1.3663489104297544E-4
18-19	9.095274373643848E-4
20-21	1.242883647439114E-4
22-23	5.202003080672317E-4
24-25	5.671171080036752E-4
26-27	0.006514027275386192
28-29	0.015238082758304846
30-31	0.020187393600722987
32-33	0.03365333828423551
34-35	0.05014829741978507
36-37	0.04651183387383408
38-39	0.05865340783633365
40-41	0.05201344599269701
42-43	0.04184731623804768
44-45	0.05426956789841265
46-47	0.06358790284719293
48-49	0.08626517925156049
50-51	0.08515728429165781
52-53	0.09171987457048698
54-55	0.09133960156047581
56-57	0.05011290404439442
58-59	0.008959462584354143
60-61	0.01167240596313515
62-63	0.0071214763693001415
64-65	0.002642979729752977
66-67	0.0012996776684148087
68-69	0.003987927994597687
70-71	0.0022470677864296564
72-73	0.0037895604720593916
74-75	0.0049336719091059925
76-77	0.005807805971079728
78-79	0.004647232498967707
80-81	0.004876877888130298
82-83	0.005501612118862939
84-85	0.006283558784470329
86-87	0.009829481137561524
88-89	0.040999521432178616
90-91	0.06035475916034468
92-93	0.052164896715298864
94-95	0.03614239798612682
96-97	0.01300830010869388
98-99	0.00316400313957348
100	8.198093462578526E-4
>>END_MODULE
>>Sequence Length Distribution	pass
#Length	Count
100	6.0745831E7
>>END_MODULE
>>Sequence Duplication Levels	fail
#Total Deduplicated Percentage	29.809228455700797
#Duplication Level	Percentage of deduplicated	Percentage of total
1	69.0527290631369	20.58408576132658
2	14.324568605888969	8.540086762046075
3	5.574609539060237	4.985244279035266
4	2.8677202862192934	3.4193811663583444
5	1.6517687333390425	2.4618975764043527
6	1.116138950496116	1.9962744578186906
7	0.8396073244073398	1.7519632582436657
8	0.6093225519119192	1.4530748122522408
9	0.4700485418397013	1.2610605932071823
>10	2.9196126830520908	16.37855943697033
>50	0.28929042048344195	6.027960522754052
>100	0.23849977735537223	14.342585307801386
>500	0.027801610370780147	5.6968316738192355
>1k	0.01753654750437823	9.44564293488278
>5k	6.735890520101602E-4	1.2946604400066521
>10k+	7.177588259124658E-5	0.36069101707312834
>>END_MODULE
>>Overrepresented sequences	pass
>>END_MODULE
>>Adapter Content	pass
#Position	Illumina Universal Adapter	Illumina Small RNA 3' Adapter	Illumina Small RNA 5' Adapter	Nextera Transposase Sequence	SOLID Small RNA Adapter
1	1.4815831558876854E-5	4.938610519625619E-6	0.0	1.6462035065418728E-6	1.6462035065418728E-6
2	1.9754442078502475E-5	4.280129117008869E-5	0.0	1.81082385719606E-5	1.6462035065418728E-6
3	5.761712272896555E-5	4.444749467663057E-5	0.0	1.9754442078502475E-5	1.6462035065418728E-6
4	1.9260581026539912E-4	4.9386105196256184E-5	0.0	3.2924070130837456E-5	1.6462035065418728E-6
5	2.4363811896819718E-4	4.9386105196256184E-5	0.0	3.2924070130837456E-5	1.6462035065418728E-6
6	3.3747171884108393E-4	4.9386105196256184E-5	0.0	3.2924070130837456E-5	1.6462035065418728E-6
7	3.819192135177145E-4	6.0909529742049295E-5	0.0	3.2924070130837456E-5	1.6462035065418728E-6
8	4.79045220403685E-4	6.584814026167491E-5	0.0	3.2924070130837456E-5	1.6462035065418728E-6
9	5.975718728746998E-4	7.24329542878424E-5	0.0	3.4570273637379326E-5	1.6462035065418728E-6
10-11	9.696138653531631E-4	7.984087006728083E-5	0.0	3.4570273637379326E-5	2.4693052598128094E-6
12-13	0.0013424789595848972	8.066397182055176E-5	0.0	3.703957889719214E-5	4.938610519625619E-6
14-15	0.0018445710290801685	8.560258234017738E-5	0.0	4.280129117008869E-5	4.938610519625619E-6
16-17	0.002370533049420297	9.465670162615768E-5	0.0	4.8563003442985245E-5	6.584814026167491E-6
18-19	0.0029960903819062088	1.086494314317636E-4	0.0	5.2678512209339924E-5	6.584814026167491E-6
20-21	0.0035944853565341795	1.2099595773082766E-4	0.0	5.597091922242368E-5	7.407915779438427E-6
22-23	0.004327869018698583	1.2593456825045327E-4	0.0	5.926332623550742E-5	8.231017532709364E-6
24-25	0.005100761565019993	1.333424840298917E-4	0.0	6.502503850840398E-5	9.0541192859803E-6
26-27	0.0060308665462161515	1.3663489104297544E-4	0.0	6.831744552148772E-5	1.1523424545793111E-5
28-29	0.00708525989215622	1.4157350156260106E-4	0.0	7.24329542878424E-5	1.81082385719606E-5
30-31	0.008304273588750476	1.448659085756848E-4	0.0	7.490225954765521E-5	1.81082385719606E-5
32-33	0.009650044955348458	1.514507226018523E-4	0.0	7.572536130092615E-5	1.81082385719606E-5
34-35	0.01109294232883241	1.5227382435512325E-4	0.0	7.572536130092615E-5	1.81082385719606E-5
36-37	0.012767131294985495	1.580355366280198E-4	0.0	7.737156480746802E-5	1.81082385719606E-5
38-39	0.014568901032895574	1.6708965591400007E-4	0.0	7.90177683140099E-5	1.81082385719606E-5
40-41	0.01632375397086921	1.695589611738129E-4	0.0	7.90177683140099E-5	1.81082385719606E-5
42-43	0.01825804309105591	1.7202826643362572E-4	0.0	8.313327708036458E-5	1.81082385719606E-5
44-45	0.02028945821812858	1.8272858922614788E-4	0.0	8.477948058690645E-5	1.81082385719606E-5
46-47	0.02254640322559749	1.9013650500558632E-4	0.0	8.889498935326113E-5	1.81082385719606E-5
48-49	0.024851911236509382	1.967213190317538E-4	0.0	9.465670162615768E-5	1.81082385719606E-5
50-51	0.027401057366389474	2.0248303130465035E-4	0.0	9.547980337942863E-5	1.81082385719606E-5
52-53	0.030086015285559268	2.1894506637006907E-4	0.0	9.71260068859705E-5	1.81082385719606E-5
54-55	0.03301790373071034	2.3376089792894594E-4	0.0	1.0124151565232518E-4	1.8931340325231536E-5
56-57	0.0361769682597642	2.444612207214681E-4	0.0	1.0288771915886705E-4	1.9754442078502475E-5
58-59	0.03966198108311334	2.601001540336159E-4	0.0	1.0535702441867986E-4	2.304684909158622E-5
60-61	0.04376432022141569	2.617463575401578E-4	0.0	1.2181905948409859E-4	2.304684909158622E-5
62-63	0.048143221548817075	2.708004768261381E-4	0.0	1.2264216123736952E-4	2.304684909158622E-5
64-65	0.05290321898798289	2.7820839260557647E-4	0.0	1.3005007701680796E-4	2.304684909158622E-5
66-67	0.0577628117392945	2.8726251189155685E-4	0.0	1.333424840298917E-4	2.6339256104669965E-5
68-69	0.06322903048276679	2.905549189046406E-4	0.0	1.333424840298917E-4	2.6339256104669965E-5
70-71	0.06945826455152124	2.9631663117753713E-4	0.0	1.358117892897045E-4	2.8808561364482774E-5
72-73	0.07644392913153167	3.078400557233302E-4	0.0	1.4568901032895574E-4	3.0454764871024647E-5
74-75	0.08425351856656632	3.2018658202239423E-4	0.0	1.4815831558876856E-4	3.374717188410839E-5
76-77	0.09278579134097285	3.267713960485618E-4	0.0	1.514507226018523E-4	3.4570273637379326E-5
78-79	0.10230990172807086	3.308869048149164E-4	0.0	1.5227382435512325E-4	3.4570273637379326E-5
80-81	0.11413540461731439	3.391179223476258E-4	0.0	1.6626655416072917E-4	3.4570273637379326E-5
82-83	0.12918335087061367	3.424103293607095E-4	0.0	1.7532067344670944E-4	3.4570273637379326E-5
84-85	0.14773277198232748	3.4487963462052234E-4	0.0	1.9342891201867005E-4	3.5393375390650264E-5
86-87	0.1688963642624298	3.48995143386877E-4	0.0	2.3376089792894594E-4	3.62164771439212E-5
88-89	0.19312847987872617	3.5640305916631544E-4	0.0	2.4610742422801E-4	3.703957889719214E-5
>>END_MODULE
