##FastQC	0.11.8
>>Basic Statistics	pass
#Measure	Value
Filename	SRR3184294_1.gz
File type	Conventional base calls
Encoding	Sanger / Illumina 1.9
Total Sequences	47811175
Sequences flagged as poor quality	0
Sequence length	0-100
%GC	49
>>END_MODULE
>>Per base sequence quality	pass
#Base	Mean	Median	Lower Quartile	Upper Quartile	10th Percentile	90th Percentile
1	32.47372195360347	33.0	33.0	33.0	33.0	33.0
2	32.51624209830129	33.0	33.0	33.0	33.0	33.0
3	31.826436766943637	33.0	33.0	33.0	27.0	33.0
4	36.07569913948411	37.0	37.0	37.0	33.0	37.0
5	36.36415896272749	37.0	37.0	37.0	37.0	37.0
6	36.40985833646457	37.0	37.0	37.0	37.0	37.0
7	36.40762655066363	37.0	37.0	37.0	37.0	37.0
8	36.40816739617798	37.0	37.0	37.0	37.0	37.0
9	36.406044913144214	37.0	37.0	37.0	37.0	37.0
10-11	36.42279527297737	37.0	37.0	37.0	37.0	37.0
12-13	36.39099236056309	37.0	37.0	37.0	37.0	37.0
14-15	38.424458204690254	40.0	37.0	40.0	37.0	40.0
16-17	38.416711439835055	40.0	37.0	40.0	37.0	40.0
18-19	38.396053812480574	40.0	37.0	40.0	37.0	40.0
20-21	38.36259408366473	40.0	37.0	40.0	37.0	40.0
22-23	38.30956855365257	40.0	37.0	40.0	37.0	40.0
24-25	38.261896861904575	40.0	37.0	40.0	37.0	40.0
26-27	38.16652971874997	40.0	37.0	40.0	35.0	40.0
28-29	38.0795747163283	40.0	37.0	40.0	33.0	40.0
30-31	37.98651410952378	40.0	37.0	40.0	33.0	40.0
32-33	37.907984650420374	40.0	37.0	40.0	33.0	40.0
34-35	37.819149615069655	40.0	37.0	40.0	33.0	40.0
36-37	37.7293269108867	40.0	37.0	40.0	33.0	40.0
38-39	37.63202937893318	40.0	37.0	40.0	33.0	40.0
40-41	37.520421626390984	40.0	37.0	40.0	33.0	40.0
42-43	37.54441240034983	40.0	37.0	40.0	33.0	40.0
44-45	37.46229993740755	40.0	37.0	40.0	33.0	40.0
46-47	37.31784864352081	40.0	37.0	40.0	33.0	40.0
48-49	37.184261647959914	40.0	37.0	40.0	33.0	40.0
50-51	37.05270235332835	38.5	37.0	40.0	33.0	40.0
52-53	36.96123872748337	37.0	37.0	40.0	33.0	40.0
54-55	36.797562388477694	37.0	37.0	40.0	33.0	40.0
56-57	36.58997464509959	37.0	37.0	40.0	33.0	40.0
58-59	36.46291888329226	37.0	37.0	40.0	33.0	40.0
60-61	36.27367257411264	37.0	37.0	40.0	33.0	40.0
62-63	36.05794866370725	37.0	37.0	40.0	33.0	40.0
64-65	35.82918987230071	37.0	37.0	40.0	33.0	40.0
66-67	35.60129355872718	37.0	35.0	37.0	33.0	40.0
68-69	35.374673813282	37.0	33.0	37.0	33.0	40.0
70-71	35.15743095067832	37.0	33.0	37.0	33.0	40.0
72-73	34.94004089932019	37.0	33.0	37.0	33.0	40.0
74-75	34.730841865973154	37.0	33.0	37.0	27.0	38.5
76-77	33.94553441374677	37.0	33.0	37.0	27.0	37.0
78-79	34.35493540340401	37.0	33.0	37.0	27.0	37.0
80-81	34.33030739811558	37.0	33.0	37.0	27.0	37.0
82-83	34.21113643133018	37.0	33.0	37.0	27.0	37.0
84-85	34.07929903103616	37.0	33.0	37.0	27.0	37.0
86-87	33.94511585947944	37.0	33.0	37.0	27.0	37.0
88-89	33.84535169655197	37.0	33.0	37.0	27.0	37.0
90-91	33.7261020055955	37.0	33.0	37.0	27.0	37.0
92-93	33.61008802901611	37.0	33.0	37.0	27.0	37.0
94-95	33.47733816251859	37.0	33.0	37.0	27.0	37.0
96-97	33.340923288099376	37.0	33.0	37.0	27.0	37.0
98-99	33.17645749670726	37.0	33.0	37.0	27.0	37.0
100	32.230582742007634	33.0	33.0	37.0	27.0	37.0
>>END_MODULE
>>Per sequence quality scores	pass
#Quality	Count
2	155.0
3	105.0
4	173.0
5	524.0
6	1241.0
7	3176.0
8	7805.0
9	14362.0
10	21510.0
11	26385.0
12	31233.0
13	35174.0
14	40280.0
15	45364.0
16	51124.0
17	57034.0
18	62977.0
19	69942.0
20	78050.0
21	89138.0
22	106821.0
23	131992.0
24	168081.0
25	217959.0
26	281747.0
27	364353.0
28	468353.0
29	598027.0
30	764914.0
31	984342.0
32	1289775.0
33	1722208.0
34	2339329.0
35	3407078.0
36	6273690.0
37	1.4892556E7
38	1.3093404E7
39	69014.0
>>END_MODULE
>>Per base sequence content	fail
#Base	G	A	T	C
1	22.353375160719295	13.875284379317346	14.138391116776635	49.63294934318672
2	20.93837984248224	19.909827659403533	37.637096384034926	21.5146961140793
3	25.230765414304727	23.13793357403951	24.57635582753382	27.05494518412194
4	25.332909395344743	30.79403723312567	20.074507498910403	23.798545872619183
5	29.57222678426323	30.739048342326004	20.96418006345991	18.72454480995086
6	23.293334581647127	33.792255986656095	21.062822897655924	21.851586534040855
7	20.13975702429878	17.055192516160652	39.573694598702545	23.23135586083802
8	21.031282042057168	20.97029885630642	28.134887151299797	29.863531950336615
9	21.69528057777994	20.651244063296556	30.66466061879308	26.98881474013043
10-11	25.573487530156452	29.623952857745405	20.785491306170396	24.017068305927747
12-13	23.60621681673117	23.478263643402837	27.33858372139151	25.57693581847448
14-15	24.24132545679908	24.697370711411917	26.34105116090489	24.720252670884115
16-17	25.121982012471513	24.98438595307154	25.19494535687585	24.6986866775811
18-19	24.9598619382252	25.260772806014053	24.997624971400555	24.78174028436019
20-21	24.91063740833543	25.298686691973	25.085298599460742	24.705377300230833
22-23	24.694722582361063	25.452154236223283	25.317161528707956	24.535961652707698
24-25	24.702375308512174	25.554547370283316	25.25608250503218	24.486994816172334
26-27	24.497896712042614	25.4723048127176	25.480409085885995	24.54938938935379
28-29	24.56018497671207	25.193484176008283	25.3875198542097	24.85881099306994
30-31	24.61401952159433	25.495889131442773	25.26238998988381	24.627701357079086
32-33	24.80644304106211	25.298485313832693	25.315485654017323	24.57958599108788
34-35	24.909647021637916	25.29012130100088	25.067651366932626	24.732580310428585
36-37	24.75785621865972	25.272365891016236	25.202672449790935	24.767105440533104
38-39	24.683217836458265	25.37202211899578	25.378587270593666	24.566172773952292
40-41	24.712816414945117	25.287780901303563	25.21009736024714	24.78930532350418
42-43	24.558194835299073	25.201819177461065	25.35721569954279	24.882770287697078
44-45	24.537556967112096	25.41818912502713	25.47094587578539	24.573308032075385
46-47	24.61546795211279	25.419323361518163	25.273106110566935	24.69210257580211
48-49	24.60093818718795	25.377205078269604	25.27541551674054	24.746441217801905
50-51	24.673912022327237	25.392253924579272	25.25828163920395	24.675552413889537
52-53	24.76365868014524	25.40525612294518	25.12096097251238	24.710124224397198
54-55	24.48649575305688	25.296725879148518	25.38400573539292	24.832772632401685
56-57	24.48361192352073	25.220777157901846	25.446137148981947	24.849473769595477
58-59	24.693738298214836	25.251568403452364	25.29984532155377	24.754847976779036
60-61	24.444386619084835	25.36805466467707	25.330326233275503	24.857232482962594
62-63	24.63871479795305	25.388708611611875	25.30559452935964	24.666982061075434
64-65	24.7012418503775	25.365166172405175	25.227326611798357	24.706265365418968
66-67	24.45635217380181	25.43443938349379	25.284110680390548	24.825097762313856
68-69	24.636831852785253	25.380916641888955	25.453468754455827	24.528782750869965
70-71	24.765382752280214	25.27258078710876	25.31177601197822	24.650260448632803
72-73	24.598650055034536	25.443543770203124	25.18368418354281	24.774121991219527
74-75	24.734076961904602	25.550086190124393	25.25733385284979	24.45850299512121
76-77	24.791188352243605	25.30695731395638	25.349711116421947	24.552143217378067
78-79	24.688412149528173	25.25321530484436	25.4033251081998	24.655047437427662
80-81	24.623004864613417	25.45208190284126	25.42145784900205	24.503455383543272
82-83	24.75309363379116	25.294285147723794	25.315764757060617	24.63685646142443
84-85	24.602977887179694	25.42808420083953	25.411881171966318	24.557056740014467
86-87	24.559906441687225	25.534249130687765	25.43458752228871	24.471256905336304
88-89	24.731128990080858	25.339793257239073	25.307245239800075	24.621832512879994
90-91	24.46600113627481	25.4275480208134	25.50408520342609	24.602365639485697
92-93	24.57381295017726	25.52017812960954	25.456836713780294	24.449172206432905
94-95	24.74279781917822	25.43188465882641	25.19452955312169	24.630787968873676
96-97	24.714237155371997	25.052940805534995	25.401527111427658	24.83129492766535
98-99	23.96943372224661	24.801103583070475	26.065357404592703	25.164105290090212
100	25.223917949013007	24.06880817963789	25.31567935763655	25.39159451371255
>>END_MODULE
>>Per sequence GC content	warn
#GC Content	Count
0	125.0
1	109.0
2	92.0
3	89.5
4	96.0
5	115.5
6	138.0
7	172.5
8	198.5
9	235.0
10	306.5
11	404.5
12	506.0
13	665.0
14	1001.5
15	1545.0
16	2612.0
17	4247.0
18	7031.0
19	12344.5
20	22027.5
21	36560.0
22	57415.0
23	82726.0
24	119436.0
25	165780.0
26	219312.0
27	278802.5
28	341050.0
29	414243.0
30	476203.5
31	527069.0
32	597089.0
33	655579.5
34	695618.5
35	770696.5
36	849755.5
37	915390.5
38	974664.0
39	1029678.5
40	1090799.0
41	1146720.5
42	1214397.0
43	1287884.0
44	1333474.0
45	1382815.0
46	1440511.0
47	1451435.0
48	1462609.0
49	1498235.0
50	1536529.5
51	1558308.0
52	1539528.5
53	1479115.5
54	1425654.0
55	1455422.0
56	1522467.0
57	1521354.5
58	1518412.0
59	1518801.0
60	1501957.0
61	1434669.5
62	1265824.5
63	1048158.5
64	851955.5
65	723273.0
66	631996.5
67	558985.0
68	484269.5
69	403374.5
70	312623.0
71	230326.5
72	180683.5
73	145263.0
74	112770.0
75	89940.5
76	74573.5
77	62936.5
78	49936.5
79	38953.5
80	29819.5
81	21216.0
82	13747.5
83	8862.0
84	5512.5
85	3880.0
86	3053.0
87	2139.0
88	1358.0
89	999.5
90	831.0
91	724.5
92	604.0
93	514.0
94	462.5
95	415.5
96	388.5
97	369.5
98	355.5
99	346.0
100	344.5
>>END_MODULE
>>Per base N content	pass
#Base	N-Count
1	0.08644535242497839
2	2.0916415077053984E-6
3	4.2042073448129806E-4
4	0.0
5	0.0
6	0.0
7	0.0
8	0.0
9	0.0
10-11	0.0
12-13	0.0
14-15	0.0
16-17	0.0
18-19	0.0
20-21	0.0
22-23	0.0
24-25	0.0
26-27	0.0
28-29	0.0
30-31	8.368094397460384E-6
32-33	0.0019518838047964313
34-35	0.0019278528830882961
36-37	2.510532336937917E-5
38-39	2.3327364422168683E-4
40-41	2.6988997589924357E-4
42-43	1.715606127253808E-4
44-45	8.264321281578221E-5
46-47	1.3076671127694564E-4
48-49	2.102761471902901E-4
50-51	3.033886535342691E-5
52-53	0.0
54-55	0.0
56-57	0.0017440670438203802
58-59	0.0032643217014146912
60-61	0.0012199676733677385
62-63	0.0
64-65	2.092695245301185E-6
66-67	3.1914598626835156E-4
68-69	0.0012086117321625572
70-71	0.0
72-73	0.0
74-75	0.0
76-77	0.0
78-79	0.0
80-81	0.0
82-83	0.0
84-85	0.0036490561645552816
86-87	6.62919200831529E-4
88-89	1.1941521489364995E-4
90-91	0.0
92-93	4.6229805280060155E-4
94-95	1.8881243325677164E-5
96-97	2.0005371968830787E-5
98-99	0.0
100	0.0
>>END_MODULE
>>Sequence Length Distribution	fail
#Length	Count
0-1	1835.0
2-3	461.0
4-5	387.0
6-7	232.0
8-9	568.0
10-11	569.0
12-13	708.0
14-15	720.0
16-17	823.0
18-19	743.0
20-21	621.0
22-23	718.0
24-25	661.0
26-27	703.0
28-29	664.0
30-31	630.0
32-33	662.0
34-35	678.0
36-37	683.0
38-39	682.0
40-41	727.0
42-43	686.0
44-45	777.0
46-47	742.0
48-49	786.0
50-51	907.0
52-53	884.0
54-55	1040.0
56-57	1170.0
58-59	1222.0
60-61	1394.0
62-63	1460.0
64-65	1459.0
66-67	1606.0
68-69	1970.0
70-71	2274.0
72-73	2467.0
74-75	2771.0
76-77	3129.0
78-79	4012.0
80-81	5143.0
82-83	6723.0
84-85	8262.0
86-87	10154.0
88-89	13605.0
90-91	19767.0
92-93	26107.0
94-95	78858.0
96-97	1157323.0
98-99	0.0
100-101	4.6440002E7
>>END_MODULE
>>Sequence Duplication Levels	fail
#Total Deduplicated Percentage	36.40186741525338
#Duplication Level	Percentage of deduplicated	Percentage of total
1	72.1957193599619	26.280590040901746
2	13.485171314390035	9.817708365168084
3	5.0530110377821575	5.51817113535474
4	2.6146104186890047	3.8070680721462904
5	1.4616753067110828	2.6603855359523325
6	0.973978637305652	2.1272784732293704
7	0.6824312779987407	1.7389241031212457
8	0.4750851542693727	1.3835189437335123
9	0.3778491813866183	1.2378974223417933
>10	2.2427880379030185	15.444612420215106
>50	0.22862638384284004	5.807904405557279
>100	0.18180454160156775	13.009727201203269
>500	0.0179483569491865	4.474374549103266
>1k	0.008977851998379388	5.8138397571332705
>5k	2.827468096316822E-4	0.6521230499191264
>10k+	4.03924013759546E-5	0.22587652491956536
>>END_MODULE
>>Overrepresented sequences	pass
>>END_MODULE
>>Adapter Content	pass
#Position	Illumina Universal Adapter	Illumina Small RNA 3' Adapter	Illumina Small RNA 5' Adapter	Nextera Transposase Sequence	SOLID Small RNA Adapter
1	0.0	1.0457806150967844E-5	0.0	4.183122460387138E-6	0.0
2	0.0	3.555654091329067E-5	0.0	3.137341845290353E-5	0.0
3	0.0	4.3922785834064945E-5	0.0	3.137341845290353E-5	2.091561230193569E-6
4	2.091561230193569E-6	4.3922785834064945E-5	0.0	3.764810214348424E-5	2.091561230193569E-6
5	4.183122460387138E-6	4.6014347064258514E-5	0.0	3.764810214348424E-5	4.183122460387138E-6
6	4.183122460387138E-6	4.810590829445208E-5	0.0	4.1831224603871376E-5	4.183122460387138E-6
7	4.183122460387138E-6	7.32046430567749E-5	0.0	4.3922785834064945E-5	4.183122460387138E-6
8	4.183122460387138E-6	8.575401043793632E-5	0.0	4.6014347064258514E-5	4.183122460387138E-6
9	4.183122460387138E-6	8.784557166812989E-5	0.0	5.438059198503279E-5	4.183122460387138E-6
10-11	6.2746836905807065E-6	9.516603597380738E-5	0.0	5.856371444541993E-5	4.183122460387138E-6
12-13	6.2746836905807065E-6	1.0144071966438809E-4	0.0	6.0655275675613496E-5	4.183122460387138E-6
14-15	8.366244920774275E-6	1.1189852581535593E-4	1.0457806150967844E-6	6.588417875109741E-5	4.183122460387138E-6
16-17	8.366244920774275E-6	1.2863101565690447E-4	2.091561230193569E-6	8.261666859264597E-5	4.183122460387138E-6
18-19	1.0457806150967844E-5	1.4327194426825947E-4	2.091561230193569E-6	9.098291351342024E-5	7.320464305677491E-6
20-21	1.0457806150967844E-5	1.5163818918903374E-4	2.091561230193569E-6	9.725759720400094E-5	1.1503586766064629E-5
22-23	1.2549367381161413E-5	1.6105021472490478E-4	2.091561230193569E-6	1.0457806150967844E-4	1.2549367381161413E-5
24-25	1.882405107174212E-5	1.7255380149096944E-4	2.091561230193569E-6	1.1399008704554949E-4	1.2549367381161413E-5
26-27	2.0915612301935688E-5	1.7778270456645336E-4	2.091561230193569E-6	1.2444789319651734E-4	1.3595147996258197E-5
28-29	2.1961392917032473E-5	1.809200464117437E-4	2.091561230193569E-6	1.2967679627200125E-4	1.4640928611354982E-5
30-31	2.3007173532129257E-5	1.8719473010232442E-4	2.091561230193569E-6	1.3072257688709804E-4	1.4640928611354982E-5
32-33	2.405295414722604E-5	1.9033207194761476E-4	2.091561230193569E-6	1.338599187323884E-4	1.4640928611354982E-5
34-35	2.5098734762322826E-5	1.9660675563819546E-4	2.091561230193569E-6	1.401346024229691E-4	1.4640928611354982E-5
36-37	2.9281857222709964E-5	2.081103424042601E-4	2.091561230193569E-6	1.4850084734374338E-4	1.4640928611354982E-5
38-39	3.34649796830971E-5	2.1647658732503437E-4	2.091561230193569E-6	1.4954662795884017E-4	1.4640928611354982E-5
40-41	3.555654091329067E-5	2.1856814855522795E-4	2.091561230193569E-6	1.5059240857393696E-4	1.4640928611354982E-5
42-43	3.764810214348424E-5	2.2902595470619577E-4	2.091561230193569E-6	1.5895865349471123E-4	1.673248984154855E-5
44-45	3.869388275858103E-5	2.4471266393264753E-4	2.091561230193569E-6	1.5895865349471123E-4	1.882405107174212E-5
46-47	4.078544398877459E-5	2.562162506987122E-4	2.091561230193569E-6	1.6314177595509835E-4	1.882405107174212E-5
48-49	4.1831224603871376E-5	2.7190295992516396E-4	2.091561230193569E-6	1.74645362721163E-4	1.882405107174212E-5
50-51	4.3922785834064945E-5	2.802692048459382E-4	2.091561230193569E-6	1.7673692395135657E-4	1.882405107174212E-5
52-53	4.9151688909548864E-5	3.147799651441321E-4	2.091561230193569E-6	1.8614894948722763E-4	1.882405107174212E-5
54-55	5.124325013974244E-5	3.3569557744606775E-4	2.091561230193569E-6	1.8614894948722763E-4	2.0915612301935688E-5
56-57	5.438059198503279E-5	3.471991642121324E-4	2.091561230193569E-6	1.9137785256271154E-4	2.0915612301935688E-5
58-59	5.856371444541993E-5	3.566111897480035E-4	2.091561230193569E-6	1.9660675563819546E-4	2.1961392917032473E-5
60-61	6.797573998129099E-5	3.691605571291649E-4	2.091561230193569E-6	2.217054904005183E-4	2.5098734762322826E-5
62-63	7.215886244167811E-5	3.7752680204993915E-4	2.091561230193569E-6	2.3007173532129256E-4	2.5098734762322826E-5
64-65	7.634198490206527E-5	3.806641438952295E-4	2.091561230193569E-6	2.4366688331755074E-4	2.5098734762322826E-5
66-67	8.366244920774275E-5	4.02625536812262E-4	2.091561230193569E-6	2.488957863930347E-4	2.5098734762322826E-5
68-69	9.412025535871059E-5	4.0994600111793946E-4	4.183122460387138E-6	2.6562827623458323E-4	2.5098734762322826E-5
70-71	1.003949390492913E-4	4.151749041934234E-4	4.183122460387138E-6	2.792234242308414E-4	2.9281857222709964E-5
72-73	1.0353228089458165E-4	4.339989552651655E-4	4.183122460387138E-6	2.875896691516157E-4	2.9281857222709964E-5
74-75	1.0980696458516237E-4	4.507314451067141E-4	4.183122460387138E-6	2.9700169468748676E-4	3.0327637837806748E-5
76-77	1.1399008704554949E-4	4.601434706425851E-4	4.183122460387138E-6	3.064137202233578E-4	3.137341845290353E-5
78-79	1.1503586766064628E-4	4.622350318727787E-4	4.183122460387138E-6	3.0955106206864816E-4	3.137341845290353E-5
80-81	1.1608164827574307E-4	4.685097155633594E-4	4.183122460387138E-6	3.273293325252935E-4	3.137341845290353E-5
82-83	1.202647707361302E-4	4.747843992539401E-4	4.183122460387138E-6	3.3151245498568065E-4	3.137341845290353E-5
84-85	1.2549367381161413E-4	4.873337666351015E-4	4.183122460387138E-6	3.482449448272292E-4	3.137341845290353E-5
86-87	1.2967679627200125E-4	5.030204758615534E-4	4.183122460387138E-6	4.3922785834064947E-4	3.137341845290353E-5
88-89	1.3072257688709804E-4	5.072035983219405E-4	5.228903075483922E-6	4.716470574086497E-4	3.451076029819389E-5
>>END_MODULE
