##FastQC	0.11.8
>>Basic Statistics	pass
#Measure	Value
Filename	SRR3184282_2.gz
File type	Conventional base calls
Encoding	Sanger / Illumina 1.9
Total Sequences	72354745
Sequences flagged as poor quality	0
Sequence length	0-100
%GC	50
>>END_MODULE
>>Per base sequence quality	pass
#Base	Mean	Median	Lower Quartile	Upper Quartile	10th Percentile	90th Percentile
1	31.90300160543792	33.0	33.0	33.0	33.0	33.0
2	31.932864108778787	33.0	33.0	33.0	33.0	33.0
3	31.97857683339635	33.0	33.0	33.0	33.0	33.0
4	35.77470584468711	37.0	37.0	37.0	33.0	37.0
5	35.772748712623084	37.0	37.0	37.0	33.0	37.0
6	35.760520646541394	37.0	37.0	37.0	33.0	37.0
7	35.70288850054056	37.0	37.0	37.0	33.0	37.0
8	35.69042363221716	37.0	37.0	37.0	33.0	37.0
9	35.69437386172552	37.0	37.0	37.0	33.0	37.0
10-11	35.72342651431796	37.0	37.0	37.0	33.0	37.0
12-13	35.682979151459506	37.0	37.0	37.0	33.0	37.0
14-15	37.577743933977935	40.0	37.0	40.0	33.0	40.0
16-17	37.55116928740833	40.0	37.0	40.0	33.0	40.0
18-19	37.50552784612533	40.0	37.0	40.0	33.0	40.0
20-21	37.449408226464236	40.0	37.0	40.0	33.0	40.0
22-23	37.34114792299435	40.0	37.0	40.0	33.0	40.0
24-25	37.29610391749725	40.0	37.0	40.0	33.0	40.0
26-27	37.224039293784436	40.0	37.0	40.0	33.0	40.0
28-29	37.131011034387996	40.0	37.0	40.0	33.0	40.0
30-31	37.042807421410046	40.0	37.0	40.0	33.0	40.0
32-33	36.940158218905836	40.0	37.0	40.0	33.0	40.0
34-35	36.80277223010072	40.0	37.0	40.0	33.0	40.0
36-37	36.67159977233436	40.0	37.0	40.0	33.0	40.0
38-39	36.53658761468758	40.0	37.0	40.0	33.0	40.0
40-41	36.364391125142895	40.0	37.0	40.0	33.0	40.0
42-43	36.435222585997195	40.0	37.0	40.0	33.0	40.0
44-45	36.33199209689947	40.0	37.0	40.0	33.0	40.0
46-47	36.1354020064304	37.0	37.0	40.0	33.0	40.0
48-49	35.973077282307145	37.0	37.0	40.0	33.0	40.0
50-51	35.31322164355344	37.0	35.0	38.5	30.0	40.0
52-53	35.46179230571707	37.0	37.0	40.0	30.0	40.0
54-55	35.77180121903947	37.0	37.0	40.0	33.0	40.0
56-57	35.685692961964264	37.0	37.0	40.0	33.0	40.0
58-59	35.529191087255754	37.0	37.0	40.0	27.0	40.0
60-61	35.32625891102748	37.0	37.0	40.0	27.0	40.0
62-63	35.08243933794701	37.0	33.0	40.0	27.0	40.0
64-65	34.83010983711611	37.0	33.0	40.0	27.0	40.0
66-67	34.58674960134857	37.0	33.0	37.0	27.0	40.0
68-69	34.356318974410016	37.0	33.0	37.0	27.0	40.0
70-71	34.129039466232136	37.0	33.0	37.0	27.0	40.0
72-73	33.87820762428808	37.0	33.0	37.0	27.0	40.0
74-75	33.63274121251806	37.0	33.0	37.0	27.0	37.0
76-77	33.42538194075905	37.0	33.0	37.0	27.0	37.0
78-79	33.23039574084267	37.0	33.0	37.0	27.0	37.0
80-81	33.04750072085492	37.0	33.0	37.0	27.0	37.0
82-83	32.876310672793196	37.0	33.0	37.0	27.0	37.0
84-85	32.7130475403295	37.0	33.0	37.0	27.0	37.0
86-87	32.53171854521551	37.0	33.0	37.0	27.0	37.0
88-89	32.360969431933476	37.0	33.0	37.0	24.5	37.0
90-91	32.19282400257574	37.0	33.0	37.0	22.0	37.0
92-93	32.02550959032267	37.0	33.0	37.0	22.0	37.0
94-95	31.823865306012785	37.0	33.0	37.0	22.0	37.0
96-97	31.585365724851037	35.0	33.0	37.0	22.0	37.0
98-99	31.36865363362694	33.0	33.0	37.0	15.0	37.0
100	29.58868491622763	33.0	27.0	37.0	15.0	37.0
>>END_MODULE
>>Per sequence quality scores	pass
#Quality	Count
2	644389.0
3	111037.0
4	89892.0
5	89073.0
6	91158.0
7	97269.0
8	103040.0
9	111419.0
10	120076.0
11	123913.0
12	126006.0
13	127992.0
14	132167.0
15	139806.0
16	145662.0
17	152816.0
18	160435.0
19	168390.0
20	183381.0
21	205633.0
22	238960.0
23	285995.0
24	345888.0
25	422094.0
26	515814.0
27	630715.0
28	777588.0
29	966481.0
30	1220624.0
31	1574397.0
32	2086378.0
33	2820195.0
34	3871885.0
35	5681384.0
36	1.0120224E7
37	2.1271294E7
38	1.6348104E7
39	53139.0
>>END_MODULE
>>Per base sequence content	fail
#Base	G	A	T	C
1	26.029989427599958	11.109210283068768	15.944580976048572	46.9162193132827
2	23.772752773365255	17.931355830725902	29.474157420273038	28.821733975635805
3	27.66957949897438	19.29655314682345	21.8588510321719	31.175016322030274
4	29.88008950204361	22.85197299757891	18.610625297381095	28.657312202996387
5	31.747211541398467	26.06342882107247	21.553465444922633	20.63589419260643
6	27.109738508312965	30.7630822894868	19.87472183080751	22.25245737139273
7	23.2156980108767	18.592997556689383	36.35237900482139	21.838925427612526
8	23.79681029053527	22.205620861469004	27.42155615178314	26.576012696212587
9	22.85046055621446	20.63265332241185	30.88516806125834	25.63171806011535
10-11	26.082107545833427	28.043776647137463	22.199002950658038	23.675112856371072
12-13	25.127151685525217	23.513161955679156	26.096077773204613	25.26360858559101
14-15	25.38498502146792	24.447746554923803	25.551557894145443	24.615710529462838
16-17	25.83763801248545	24.219275838104142	24.84413989063803	25.09894625877238
18-19	25.59777846758069	24.395350493706157	24.833839901252755	25.173031137460395
20-21	25.481852377150787	24.540258546423622	24.867647692894145	25.110241383531445
22-23	25.598070626857663	24.360476355600618	24.837024505393455	25.20442851214827
24-25	25.380823791588327	24.55384130516274	24.941634388068028	25.123700515180907
26-27	25.333186104189416	24.767099582824038	24.802098985586778	25.097615327399776
28-29	25.549317672096468	24.354500141055045	24.644462400667216	25.451719786181272
30-31	25.247883478382764	24.47446034958348	24.76757008419728	25.51008608783647
32-33	25.240462917131	24.609594021404373	24.897754282961227	25.2521887785034
34-35	25.5126795874014	24.482909454865958	24.636880733238637	25.36753022449401
36-37	25.342175621397693	24.568122260541752	24.670513086854484	25.41918903120607
38-39	25.355257099588925	24.645666223245943	24.714224325954635	25.284852351210503
40-41	25.504762279148167	24.411146439470443	24.578226675594202	25.505864605787192
42-43	25.249976135550405	24.521307338918835	24.786175084530466	25.442541441000294
44-45	25.35808320881833	24.701827469906643	24.728916031527035	25.21117328974799
46-47	25.498435585729485	24.573035927392247	24.573371123971633	25.35515736290664
48-49	25.294046964578488	24.54027348039554	24.741711516067795	25.423968038958172
50-51	25.235604028702895	24.67939017209828	24.76111514029074	25.323890658908084
52-53	25.38498200471309	24.542390835173602	24.577486446368553	25.495140713744753
54-55	25.13523867338313	24.582327056897967	24.84629652005023	25.436137749668674
56-57	25.190033338090817	24.684830805819704	24.888825225395834	25.23631063069364
58-59	25.290296531152467	24.567170586963705	24.70396676571672	25.438566116167106
60-61	25.051933549551997	24.8066502977694	24.756425691172215	25.384990461506383
62-63	25.06029363625003	24.96779860456012	24.782926735535497	25.188981023654357
64-65	25.229429066166208	24.75913513854413	24.62095171930887	25.390484075980797
66-67	25.106354976305806	24.812560949747407	24.76776055248017	25.313323521466614
68-69	25.16967347114977	24.951295155769753	24.69244822344168	25.186583149638796
70-71	25.325592520701708	24.656704187791256	24.60320268882363	25.41450060268341
72-73	25.11715452201574	24.82990950876766	24.752686231072303	25.3002497381443
74-75	25.194103623104454	25.037172736307518	24.613694225580048	25.155029415007984
76-77	25.34861604387963	24.79554446015077	24.49332403995261	25.362515456016993
78-79	25.157705170250434	24.799303912849798	24.690713880344088	25.35227703655568
80-81	25.280031599007142	24.86182368655715	24.667079394020256	25.191065320415458
82-83	25.3814612670609	24.645776032858727	24.573500705193325	25.399261994887052
84-85	25.11488069864863	24.78105247942152	24.77411086137098	25.329955960558877
86-87	25.141333645574477	24.951175271975206	24.755568883236677	25.151922199213644
88-89	25.289752274993816	24.714081230937367	24.478062138636457	25.518104355432357
90-91	25.133659827324838	24.735149073373567	24.65640639395495	25.474784705346647
92-93	25.2085342736511	24.93028627673302	24.591915980797054	25.269263468818824
94-95	25.411737929739726	24.712648607259133	24.45165679049882	25.423956672502324
96-97	25.254779599393146	24.543376963038913	24.766982634893413	25.43486080267453
98-99	24.692288748869846	24.21179320155799	25.16551564649474	25.93040240307742
100	26.10870831700325	23.147732282951495	24.511065467132855	26.232493932912398
>>END_MODULE
>>Per sequence GC content	pass
#GC Content	Count
0	216.0
1	198.5
2	186.5
3	226.0
4	313.0
5	405.0
6	477.5
7	579.5
8	721.0
9	841.5
10	926.0
11	1056.0
12	1233.5
13	1488.5
14	1807.5
15	2185.5
16	2806.5
17	3799.0
18	5440.0
19	8065.5
20	12491.5
21	19557.0
22	31500.5
23	48358.5
24	70376.0
25	101164.0
26	140804.0
27	190613.0
28	252157.5
29	327006.5
30	407507.5
31	492318.5
32	584273.5
33	684514.5
34	794193.5
35	922334.0
36	1058898.0
37	1206425.0
38	1362448.0
39	1520241.0
40	1665236.5
41	1775343.0
42	1879599.5
43	1983051.5
44	2076251.0
45	2198953.5
46	2292527.0
47	2312276.0
48	2326242.0
49	2358645.5
50	2418607.5
51	2501521.5
52	2561106.0
53	2554482.5
54	2512403.5
55	2489296.5
56	2405959.5
57	2289431.0
58	2224007.5
59	2167134.0
60	2074034.0
61	1944146.5
62	1813260.0
63	1688584.5
64	1548310.5
65	1377005.5
66	1198619.0
67	1042508.0
68	897936.0
69	744437.0
70	597610.5
71	477310.0
72	394970.5
73	326729.5
74	266029.5
75	217246.0
76	176638.0
77	139047.0
78	105611.0
79	76218.0
80	52451.5
81	34804.5
82	22421.0
83	14784.0
84	9808.5
85	6934.0
86	5330.0
87	4312.5
88	3587.0
89	3026.5
90	2574.0
91	2180.0
92	1865.5
93	1603.5
94	1317.5
95	1109.5
96	962.0
97	801.0
98	646.5
99	515.0
100	378.5
>>END_MODULE
>>Per base N content	pass
#Base	N-Count
1	3.8836447323065186E-4
2	0.0
3	0.0
4	0.0
5	0.0
6	0.0
7	0.0
8	0.0
9	0.0
10-11	0.0
12-13	0.0
14-15	0.0
16-17	0.001610870538626319
18-19	0.0011914035314790133
20-21	0.001561136963818733
22-23	0.007566623815162356
24-25	9.198315650878792E-4
26-27	0.0
28-29	0.0
30-31	0.0
32-33	0.0
34-35	0.0
36-37	3.31730824652145E-5
38-39	0.0
40-41	4.837796927820644E-6
42-43	6.593262324497067E-4
44-45	1.3753326568585728E-4
46-47	4.7687738037404777E-5
48-49	6.08195825786176E-5
50-51	2.349867874531929E-5
52-53	0.0
54-55	0.0
56-57	0.0
58-59	0.0
60-61	0.0
62-63	0.0
64-65	1.0921174302446454E-4
66-67	1.9907561450356544E-4
68-69	4.0369603350466935E-4
70-71	0.0017413677001938594
72-73	9.492081813200283E-4
74-75	0.0063145619100688985
76-77	4.148870117110917E-5
78-79	0.0
80-81	0.0
82-83	0.0
84-85	0.0
86-87	2.4722722718854633E-4
88-89	0.0018051523288360278
90-91	2.7603625257622275E-4
92-93	1.3401693357423605E-4
94-95	0.0010934563129458613
96-97	0.008800378512107184
98-99	0.002505551881192454
100	1.57807447426951E-5
>>END_MODULE
>>Sequence Length Distribution	fail
#Length	Count
0-1	49.0
2-3	147.0
4-5	203.0
6-7	170.0
8-9	389.0
10-11	396.0
12-13	515.0
14-15	570.0
16-17	505.0
18-19	568.0
20-21	503.0
22-23	416.0
24-25	414.0
26-27	378.0
28-29	421.0
30-31	381.0
32-33	378.0
34-35	424.0
36-37	420.0
38-39	423.0
40-41	389.0
42-43	432.0
44-45	483.0
46-47	523.0
48-49	589.0
50-51	683.0
52-53	735.0
54-55	840.0
56-57	937.0
58-59	1103.0
60-61	1422.0
62-63	1891.0
64-65	2129.0
66-67	2525.0
68-69	3161.0
70-71	4414.0
72-73	6065.0
74-75	7685.0
76-77	9361.0
78-79	12047.0
80-81	17046.0
82-83	26147.0
84-85	35312.0
86-87	43463.0
88-89	57124.0
90-91	80073.0
92-93	109772.0
94-95	236754.0
96-97	1978768.0
98-99	0.0
100-101	6.9705202E7
>>END_MODULE
>>Sequence Duplication Levels	fail
#Total Deduplicated Percentage	33.762951922901664
#Duplication Level	Percentage of deduplicated	Percentage of total
1	64.82370618759914	21.886396754762128
2	14.854817174164914	10.030849561496478
3	6.622957919171547	6.708318294371693
4	3.534528254986513	4.773444301729886
5	2.2216191248815655	3.750420985218758
6	1.4645914393474992	2.9669358212029775
7	1.064715937569962	2.516356710820526
8	0.789744523778643	2.1331285110170555
9	0.6293205177617859	1.9122946546758084
>10	3.5408247669163235	21.942176039048704
>50	0.2773099295800432	6.46332225331146
>100	0.16194785083384963	10.214178168133792
>500	0.009875003180410792	2.243379184241343
>1k	0.003914225383708591	2.1648772920334194
>5k	1.107390578995217E-4	0.228553426523888
>10k+	1.6405786355484698E-5	0.06536804141255959
>>END_MODULE
>>Overrepresented sequences	pass
>>END_MODULE
>>Adapter Content	pass
#Position	Illumina Universal Adapter	Illumina Small RNA 3' Adapter	Illumina Small RNA 5' Adapter	Nextera Transposase Sequence	SOLID Small RNA Adapter
1	1.3820793646636444E-6	1.5202873011300088E-5	0.0	1.3820793646636444E-6	1.3820793646636444E-6
2	1.3820793646636444E-6	1.0227387298510969E-4	0.0	1.7967031740627378E-5	1.3820793646636444E-6
3	1.3820793646636444E-6	1.1471258726708248E-4	0.0	2.3495349199281956E-5	2.7641587293272887E-6
4	6.910396823318222E-6	1.2024090472573706E-4	0.0	2.6259507928609244E-5	2.7641587293272887E-6
5	6.910396823318222E-6	1.2991546027838258E-4	0.0	2.7641587293272887E-5	4.146238093990933E-6
6	6.910396823318222E-6	1.368258571017008E-4	0.0	3.0405746022600176E-5	4.146238093990933E-6
7	9.67455555264551E-6	1.7828823804161013E-4	0.0	3.0405746022600176E-5	5.528317458654577E-6
8	1.1056634917309155E-5	1.990194285115648E-4	0.0	3.178782538726382E-5	5.528317458654577E-6
9	1.1056634917309155E-5	2.1007606342887396E-4	0.0	3.178782538726382E-5	5.528317458654577E-6
10-11	1.934911110529102E-5	2.2596997612250587E-4	0.0	3.524302379892293E-5	5.528317458654577E-6
12-13	2.6950547610941067E-5	2.473922062747923E-4	0.0	4.008030157524569E-5	5.528317458654577E-6
14-15	2.9023666657936533E-5	3.1856929355497004E-4	0.0	4.6299658716232085E-5	5.528317458654577E-6
16-17	3.0405746022600176E-5	3.897463808351477E-4	0.0	5.251901585721848E-5	5.528317458654577E-6
18-19	3.247886506959564E-5	3.9734781734079773E-4	1.3820793646636444E-6	5.666525395120942E-5	6.910396823318222E-6
20-21	3.455198411659111E-5	4.056402935287796E-4	1.3820793646636444E-6	6.357565077452764E-5	8.292476187981866E-6
22-23	3.869822221058205E-5	4.2153420622241154E-4	2.7641587293272887E-6	6.979500791551405E-5	9.67455555264551E-6
24-25	4.768173808089573E-5	4.360460395513798E-4	2.7641587293272887E-6	7.808748410349591E-5	9.67455555264551E-6
26-27	5.666525395120942E-5	4.4295643637469803E-4	2.7641587293272887E-6	8.499788092681412E-5	9.67455555264551E-6
28-29	6.910396823318222E-5	4.512489125626799E-4	2.7641587293272887E-6	9.190827775013236E-5	1.24387142819728E-5
30-31	8.568892060914596E-5	4.609234681153254E-4	3.455198411659111E-6	9.536347616179146E-5	1.24387142819728E-5
32-33	1.029649126674415E-4	4.712890633503027E-4	4.146238093990933E-6	9.536347616179146E-5	1.3820793646636444E-5
34-35	1.1885882536107342E-4	5.238080792075212E-4	4.146238093990933E-6	9.95097142557824E-5	1.5202873011300088E-5
36-37	1.4097209519569172E-4	5.956762061700308E-4	4.146238093990933E-6	1.0227387298510969E-4	1.6584952375963732E-5
38-39	1.5479288884232817E-4	6.281550712396264E-4	4.146238093990933E-6	1.0987530949075974E-4	1.6584952375963732E-5
40-41	1.6723160312430096E-4	6.426669045685946E-4	4.146238093990933E-6	1.1678570631407795E-4	1.9349111105291024E-5
42-43	1.9763734914690113E-4	6.537235394859038E-4	4.146238093990933E-6	1.216229840904007E-4	2.211326983461831E-5
44-45	2.1905957929918763E-4	6.75836809320522E-4	4.146238093990933E-6	1.2853338091371893E-4	2.3495349199281956E-5
46-47	2.301162142164968E-4	6.965679997904767E-4	4.146238093990933E-6	1.3544377773703716E-4	2.6259507928609244E-5
48-49	2.4048180945147413E-4	7.103887934371133E-4	4.146238093990933E-6	1.4166313487802356E-4	2.6259507928609244E-5
50-51	2.522294840511151E-4	7.214454283544224E-4	4.146238093990933E-6	1.520287301130009E-4	2.6259507928609244E-5
52-53	2.7019651579174243E-4	7.573794918356771E-4	4.146238093990933E-6	1.5755704757165545E-4	2.6259507928609244E-5
54-55	2.8747250785003805E-4	8.064433092812365E-4	4.146238093990933E-6	1.6654056344196915E-4	2.6259507928609244E-5
56-57	3.019843411790063E-4	8.430684124448231E-4	4.146238093990933E-6	1.6999576185362824E-4	2.7641587293272887E-5
58-59	3.1856929355497004E-4	8.97660547349037E-4	4.146238093990933E-6	1.8174343645326925E-4	3.0405746022600176E-5
60-61	3.3515424593093376E-4	9.425781267006054E-4	4.146238093990933E-6	2.1007606342887393E-4	3.0405746022600176E-5
62-63	3.6003167449487935E-4	0.0010358684838154015	4.146238093990933E-6	2.308072538988286E-4	3.178782538726382E-5
64-65	3.945836586114705E-4	0.0010759487853906472	4.146238093990933E-6	2.5637572214510607E-4	3.178782538726382E-5
66-67	4.2153420622241154E-4	0.0010959889361782699	4.146238093990933E-6	2.715785951564061E-4	3.178782538726382E-5
68-69	4.4088331732770257E-4	0.0011132649282365656	4.146238093990933E-6	2.888545872147017E-4	3.178782538726382E-5
70-71	4.5815930938599813E-4	0.0011402154758475066	4.146238093990933E-6	3.026753808613381E-4	3.178782538726382E-5
72-73	4.947844125495847E-4	0.0011754584996464296	4.146238093990933E-6	3.206424126019655E-4	3.247886506959564E-5
74-75	5.355557538071621E-4	0.001197571769481048	4.146238093990933E-6	3.434467221189156E-4	3.455198411659111E-5
76-77	5.59742142688776E-4	0.0012155388012216753	4.146238093990933E-6	3.621047935418748E-4	3.455198411659111E-5
78-79	5.839285315703898E-4	0.0012293595948683115	4.146238093990933E-6	3.648689522712021E-4	3.524302379892293E-5
80-81	6.260819521926309E-4	0.0012362699916916298	4.146238093990933E-6	3.697062300475249E-4	3.7316142845918396E-5
82-83	6.841292855085039E-4	0.0012570011821615846	4.146238093990933E-6	3.821449443294977E-4	3.7316142845918396E-5
84-85	7.338841426363952E-4	0.001290171086913512	4.146238093990933E-6	3.918194998821432E-4	3.7316142845918396E-5
86-87	7.65671968023659E-4	0.0013157395551597895	4.146238093990933E-6	4.3811915859837526E-4	3.800718252825022E-5
88-89	7.663630077059907E-4	0.001328869309124094	4.837277776322755E-6	4.6437866652698453E-4	4.2153420622241154E-5
>>END_MODULE
