##FastQC	0.11.8
>>Basic Statistics	pass
#Measure	Value
Filename	SRR3184291_2.gz
File type	Conventional base calls
Encoding	Sanger / Illumina 1.9
Total Sequences	63170117
Sequences flagged as poor quality	0
Sequence length	0-100
%GC	47
>>END_MODULE
>>Per base sequence quality	pass
#Base	Mean	Median	Lower Quartile	Upper Quartile	10th Percentile	90th Percentile
1	31.608385502001738	33.0	33.0	33.0	27.0	33.0
2	31.58502261236112	33.0	33.0	33.0	27.0	33.0
3	31.611213087132597	33.0	33.0	33.0	27.0	33.0
4	35.36074727868252	37.0	37.0	37.0	33.0	37.0
5	35.3554029150394	37.0	37.0	37.0	33.0	37.0
6	35.31490972914239	37.0	37.0	37.0	33.0	37.0
7	35.10136820447012	37.0	37.0	37.0	33.0	37.0
8	35.1393236484296	37.0	37.0	37.0	33.0	37.0
9	35.167627966911326	37.0	37.0	37.0	33.0	37.0
10-11	35.2657635798612	37.0	37.0	37.0	33.0	37.0
12-13	35.1735048973502	37.0	37.0	37.0	33.0	37.0
14-15	36.880728271941884	40.0	37.0	40.0	33.0	40.0
16-17	36.80218498665978	40.0	37.0	40.0	33.0	40.0
18-19	36.76194715906557	40.0	37.0	40.0	33.0	40.0
20-21	36.70750621004269	40.0	37.0	40.0	33.0	40.0
22-23	36.674580846011004	40.0	37.0	40.0	33.0	40.0
24-25	36.57553949539522	40.0	37.0	40.0	33.0	40.0
26-27	36.509312998544004	40.0	37.0	40.0	33.0	40.0
28-29	36.38476711262321	40.0	37.0	40.0	33.0	40.0
30-31	36.297539786669155	40.0	37.0	40.0	33.0	40.0
32-33	36.134755936105236	40.0	37.0	40.0	33.0	40.0
34-35	35.970687353080386	40.0	37.0	40.0	33.0	40.0
36-37	35.83267605101304	38.5	37.0	40.0	27.0	40.0
38-39	35.63288345830959	37.0	37.0	40.0	27.0	40.0
40-41	35.46295585033548	37.0	37.0	40.0	27.0	40.0
42-43	35.413644210036225	37.0	37.0	40.0	27.0	40.0
44-45	35.44658374409357	37.0	37.0	40.0	27.0	40.0
46-47	35.35721043512914	37.0	37.0	40.0	27.0	40.0
48-49	35.430656857347955	37.0	37.0	40.0	27.0	40.0
50-51	34.903691137986556	37.0	35.0	40.0	27.0	40.0
52-53	34.89568413099626	37.0	35.0	40.0	27.0	40.0
54-55	35.142093833610346	37.0	37.0	40.0	27.0	40.0
56-57	35.05405799595675	37.0	37.0	40.0	27.0	40.0
58-59	34.87453106080508	37.0	33.0	40.0	27.0	40.0
60-61	34.65032146023735	37.0	33.0	40.0	27.0	40.0
62-63	34.39026708161721	37.0	33.0	40.0	27.0	40.0
64-65	34.14610892262006	37.0	33.0	40.0	27.0	40.0
66-67	33.92209711522396	37.0	33.0	37.0	27.0	40.0
68-69	33.671374145488805	37.0	33.0	37.0	27.0	40.0
70-71	33.376439213546334	37.0	33.0	37.0	27.0	40.0
72-73	33.13672164282503	37.0	33.0	37.0	27.0	40.0
74-75	32.91664443549786	37.0	33.0	37.0	22.0	38.5
76-77	32.68537445698335	37.0	33.0	37.0	22.0	37.0
78-79	32.45585896740733	37.0	33.0	37.0	22.0	37.0
80-81	32.26824638387514	37.0	33.0	37.0	22.0	37.0
82-83	32.067273531884624	37.0	33.0	37.0	22.0	37.0
84-85	31.889066224686307	37.0	33.0	37.0	22.0	37.0
86-87	31.669358442555342	37.0	33.0	37.0	22.0	37.0
88-89	31.512113137633825	37.0	33.0	37.0	22.0	37.0
90-91	31.34908468958255	33.0	33.0	37.0	15.0	37.0
92-93	31.180729294043406	33.0	33.0	37.0	15.0	37.0
94-95	30.97479329145341	33.0	33.0	37.0	15.0	37.0
96-97	30.732136711371314	33.0	33.0	37.0	4.0	37.0
98-99	30.4760967197288	33.0	33.0	37.0	2.0	37.0
100	28.7965899678097	33.0	27.0	37.0	2.0	37.0
>>END_MODULE
>>Per sequence quality scores	pass
#Quality	Count
2	832471.0
3	196557.0
4	154347.0
5	139181.0
6	129710.0
7	130364.0
8	132163.0
9	140134.0
10	144898.0
11	144813.0
12	146670.0
13	150986.0
14	155716.0
15	161215.0
16	165455.0
17	169953.0
18	174334.0
19	182630.0
20	194550.0
21	216114.0
22	251206.0
23	301537.0
24	366291.0
25	449008.0
26	546683.0
27	667092.0
28	811228.0
29	990115.0
30	1226182.0
31	1548685.0
32	2001680.0
33	2672363.0
34	3623434.0
35	5163820.0
36	8601449.0
37	1.6311718E7
38	1.3692381E7
39	82967.0
>>END_MODULE
>>Per base sequence content	warn
#Base	G	A	T	C
1	31.174858042016712	12.77450249405969	13.66148541794298	42.38915404598062
2	23.595835972701956	19.669106085719832	32.23951301640436	24.495544925173853
3	28.144520762749085	21.330020815709286	22.67025817713478	27.85520024440685
4	28.671996500108264	28.1013011343969	19.685282658271365	23.54141970722347
5	28.424225594214004	30.643878625899116	21.389111190551173	19.542784589335703
6	23.560163598976114	33.96204957515085	21.901726414252195	20.576060411620844
7	20.470368666723882	19.845805123202613	38.60300131503111	21.0808248950424
8	21.472273084758438	23.30267217738701	28.993523653523813	26.231531084330733
9	21.892381863758942	22.36234647492902	31.13050491810545	24.614766743206587
10-11	24.709186130540946	30.970880924711025	22.2555946570301	22.064338287717934
12-13	23.384465199258237	25.007954638215995	27.58085416117199	24.02672600135378
14-15	23.5822483734011	26.08285116336524	27.109918035603954	23.224982427629705
16-17	24.040635312354166	26.13068596607544	26.346284004224955	23.482394717345436
18-19	23.91985381227049	26.28174307006438	26.298290405024066	23.500112712641073
20-21	23.833301900826807	26.39764667966109	26.2815925780087	23.487458841503404
22-23	23.88475228938204	26.598540808114596	26.1838886047662	23.33281829773717
24-25	23.864489191526644	26.457134337306794	26.194723386429246	23.48365308473732
26-27	23.631195620793594	26.588722807665903	26.27532788606961	23.504753685470895
28-29	23.839535069077954	26.340416070423938	26.27253786433717	23.547510996160938
30-31	23.655725293074358	26.443486191192722	26.324958177467618	23.575830338265302
32-33	23.5796381762328	26.504323761760794	26.366758141450347	23.54927992055606
34-35	23.986161622799067	26.454130840913166	26.074138929010495	23.48556860727728
36-37	23.822622578133863	26.47445996377203	26.150308244273273	23.552609213820837
38-39	23.66184852921884	26.541400465519988	26.224499414973096	23.572251590288076
40-41	23.83947599648079	26.401528279211146	26.101569538588997	23.657426185719068
42-43	23.65799161611623	26.402317883586502	26.335342953324147	23.604347546973116
44-45	23.650658475305793	26.499617200638664	26.383697160758214	23.46602716329733
46-47	23.759518253185426	26.501075851068855	26.25186255842973	23.48754333731599
48-49	23.5816639637875	26.449774637229762	26.376546724446705	23.592014674536035
50-51	23.70534270365588	26.402414822909197	26.403217121757557	23.489025351677366
52-53	23.625240725923735	26.601247816016354	26.148232727780375	23.62527873027954
54-55	23.605029731524365	26.527368753640797	26.265639051964108	23.60196246287073
56-57	23.521568330053384	26.454225863896045	26.459006612532303	23.565199193518268
58-59	23.521310429401762	26.485118994785182	26.395371517704696	23.59819905810836
60-61	23.588284145376203	26.37710100236187	26.44342231497544	23.59119253728649
62-63	23.524730091116215	26.554814807506222	26.461965837907748	23.45848926346981
64-65	23.636041290980703	26.51652484499284	26.297240572197726	23.55019329182873
66-67	23.54725928386909	26.483451966029207	26.318166363204988	23.651122386896713
68-69	23.528354057393113	26.657268498034203	26.41147714589951	23.402900298673178
70-71	23.616170429204168	26.5374699365838	26.377035088446167	23.469324545765865
72-73	23.555995185888907	26.51360373867468	26.3622720775616	23.568128997874812
74-75	23.616812266862404	26.604396330109708	26.38488804289974	23.393903360128153
76-77	23.66266423003924	26.523525301913686	26.31691659763694	23.496893870410126
78-79	23.565109474714113	26.362314920164614	26.47711788760892	23.59545771751235
80-81	23.618960767013004	26.56955365456507	26.41307295744429	23.39841262097763
82-83	23.776270113947938	26.505687753072728	26.31335087650496	23.404691256474376
84-85	23.76561448147011	26.42209771197629	26.28852332937115	23.523764477182453
86-87	23.68399936272359	26.541402805054602	26.364608460285865	23.40998937193594
88-89	23.683326655396865	26.5224565374794	26.256664676525848	23.537552130597888
90-91	23.62882164827852	26.492492261728383	26.341208620424467	23.53747746956863
92-93	23.581948301447344	26.717734034689318	26.30476101688039	23.39555664698295
94-95	23.740424313330976	26.613114044074837	26.188117215923945	23.458344426670237
96-97	23.811263724149814	26.151716977929212	26.290986385194792	23.746032912726182
98-99	23.137317011306376	25.829453460405265	27.00283193041642	24.03039759787194
100	24.676753623195957	25.003167086632665	26.127513779350753	24.192565510820625
>>END_MODULE
>>Per sequence GC content	pass
#GC Content	Count
0	1438.0
1	1168.5
2	952.0
3	1104.5
4	1274.5
5	1458.0
6	1711.0
7	1944.0
8	2186.5
9	2503.5
10	2858.5
11	3214.5
12	3618.0
13	4210.0
14	5203.0
15	6460.5
16	8595.5
17	11837.5
18	16854.0
19	25739.5
20	40876.0
21	63275.0
22	96008.0
23	140341.0
24	199442.5
25	268632.5
26	350805.5
27	447514.0
28	546576.5
29	642230.0
30	732583.5
31	826567.5
32	919954.0
33	983660.0
34	1050851.0
35	1161320.0
36	1291674.0
37	1447543.0
38	1525337.5
39	1584806.0
40	1679476.5
41	1751470.5
42	1891904.5
43	2063686.0
44	2136081.0
45	2175932.5
46	2211159.0
47	2227587.0
48	2287130.0
49	2330772.5
50	2330871.5
51	2238890.5
52	2088867.0
53	1960794.5
54	1839842.0
55	1743524.5
56	1633039.0
57	1509930.0
58	1436051.5
59	1376389.0
60	1283005.0
61	1176293.0
62	1072094.0
63	975415.5
64	885868.5
65	776771.5
66	673320.0
67	589231.5
68	505548.0
69	416776.5
70	334412.5
71	264827.5
72	209333.5
73	166862.0
74	135164.5
75	108493.0
76	85953.5
77	66039.0
78	49528.5
79	37796.5
80	28243.0
81	21010.0
82	16197.5
83	12980.0
84	10686.0
85	8904.5
86	7592.0
87	6637.0
88	5755.5
89	4974.5
90	4395.5
91	3840.0
92	3332.5
93	2887.0
94	2431.5
95	2028.5
96	1656.0
97	1337.5
98	1005.5
99	715.5
100	497.5
>>END_MODULE
>>Per base N content	pass
#Base	N-Count
1	0.0
2	0.0
3	0.0
4	0.0
5	0.0
6	0.0
7	0.3205107605378127
8	0.0
9	0.0
10-11	0.0
12-13	9.498310856016032E-6
14-15	0.0
16-17	5.596155341546895E-4
18-19	0.0011516907477154689
20-21	8.382459174633624E-4
22-23	2.6912713458186792E-5
24-25	0.005050128261780285
26-27	0.0
28-29	3.015885356841218E-4
30-31	0.0
32-33	0.0
34-35	0.0
36-37	1.5832242821641314E-6
38-39	1.4486721332692234E-4
40-41	9.578809911873839E-5
42-43	0.0019245026249234156
44-45	3.926659655943073E-4
46-47	6.0167727198068196E-5
48-49	0.03135828148035504
50-51	0.036495629443122395
52-53	0.003085383438144661
54-55	3.9983595166368137E-4
56-57	2.2169746959021336E-5
58-59	0.0
60-61	0.0
62-63	0.0
64-65	2.2965015530883648E-5
66-67	1.0295157492903925E-5
68-69	9.89969086750112E-5
70-71	0.0016949286917758632
72-73	1.0772221766779023E-4
74-75	1.6634753815624383E-5
76-77	1.5923055234084123E-4
78-79	0.0
80-81	0.0
82-83	0.0
84-85	3.962712774890413E-5
86-87	7.768177481802112E-5
88-89	6.421850961540177E-5
90-91	2.9262660882778825E-4
92-93	1.1740693085161735E-4
94-95	1.1508009300662005E-4
96-97	2.827595068983244E-4
98-99	5.047798581763997E-5
100	3.2566442462993534E-6
>>END_MODULE
>>Sequence Length Distribution	fail
#Length	Count
0-1	22.0
2-3	141.0
4-5	121.0
6-7	112.0
8-9	264.0
10-11	245.0
12-13	345.0
14-15	415.0
16-17	362.0
18-19	380.0
20-21	420.0
22-23	450.0
24-25	532.0
26-27	606.0
28-29	699.0
30-31	765.0
32-33	827.0
34-35	921.0
36-37	956.0
38-39	1014.0
40-41	1079.0
42-43	1151.0
44-45	1200.0
46-47	1201.0
48-49	1380.0
50-51	1517.0
52-53	1638.0
54-55	1785.0
56-57	1851.0
58-59	2251.0
60-61	2490.0
62-63	2709.0
64-65	2992.0
66-67	3125.0
68-69	3646.0
70-71	4067.0
72-73	4411.0
74-75	4759.0
76-77	5139.0
78-79	5840.0
80-81	7137.0
82-83	8661.0
84-85	9846.0
86-87	11380.0
88-89	14684.0
90-91	20415.0
92-93	24090.0
94-95	93713.0
96-97	1503453.0
98-99	0.0
100-101	6.141291E7
>>END_MODULE
>>Sequence Duplication Levels	fail
#Total Deduplicated Percentage	38.592412718751774
#Duplication Level	Percentage of deduplicated	Percentage of total
1	73.90418409542585	28.52140774253285
2	12.925499721244261	9.976524396767388
3	4.7280134186824405	5.473963355807678
4	2.3678539106222254	3.655247815057732
5	1.4073654241602638	2.7156813647647025
6	0.8984458134664258	2.0803914983238583
7	0.6300746913558164	1.702127177271066
8	0.46291975774325544	1.4292152277193841
9	0.352796769351981	1.2253750675806534
>10	1.9773904209030757	14.099099062567841
>50	0.1777437947084505	4.763185794833537
>100	0.1405703705065232	10.95516430096453
>500	0.01621848196740946	4.323353860300462
>1k	0.010379836094398028	7.499460536968872
>5k	4.7349835809033656E-4	1.207515539271964
>10k+	6.999540945683237E-5	0.37228725926746326
>>END_MODULE
>>Overrepresented sequences	pass
>>END_MODULE
>>Adapter Content	pass
#Position	Illumina Universal Adapter	Illumina Small RNA 3' Adapter	Illumina Small RNA 5' Adapter	Nextera Transposase Sequence	SOLID Small RNA Adapter
1	1.583026987269946E-6	1.583026987269946E-6	0.0	1.583026987269946E-6	0.0
2	1.583026987269946E-6	1.1081188910889621E-5	0.0	1.1081188910889621E-5	1.583026987269946E-6
3	7.91513493634973E-6	1.4247242885429514E-5	0.0	1.4247242885429514E-5	4.749080961809838E-6
4	1.2664215898159569E-5	1.4247242885429514E-5	0.0	1.899632384723935E-5	4.749080961809838E-6
5	1.4247242885429514E-5	1.7413296859969408E-5	0.0	2.05793508345093E-5	6.332107949079784E-6
6	1.7413296859969408E-5	1.7413296859969408E-5	0.0	2.05793508345093E-5	6.332107949079784E-6
7	2.05793508345093E-5	1.7413296859969408E-5	0.0	2.05793508345093E-5	6.332107949079784E-6
8	2.691145878358908E-5	3.4826593719938815E-5	0.0	2.691145878358908E-5	6.332107949079784E-6
9	3.0077512758128973E-5	3.640962070720876E-5	0.0	3.0077512758128973E-5	7.91513493634973E-6
10-11	3.957567468174865E-5	4.11587016690186E-5	0.0	3.166053974539892E-5	7.91513493634973E-6
12-13	4.353324214992352E-5	4.4324755643558486E-5	0.0	3.5618107213573784E-5	7.91513493634973E-6
14-15	5.619745804808308E-5	5.619745804808308E-5	7.91513493634973E-7	4.353324214992352E-5	7.91513493634973E-6
16-17	6.807016045260768E-5	6.965318743987763E-5	1.583026987269946E-6	4.8282323111733356E-5	1.1081188910889621E-5
18-19	8.390043032530713E-5	7.519378189532244E-5	1.583026987269946E-6	5.3031404073543195E-5	1.345572939179454E-5
20-21	1.0527129465345142E-4	8.073437635076724E-5	1.583026987269946E-6	5.540594455444811E-5	1.583026987269946E-5
22-23	1.3297426693067548E-4	8.310891683167216E-5	1.583026987269946E-6	5.540594455444811E-5	1.583026987269946E-5
24-25	1.7650750908059897E-4	9.339859224892681E-5	1.583026987269946E-6	5.936351202262297E-5	1.6621783366334436E-5
26-27	2.1845772424325255E-4	9.814767321073665E-5	1.583026987269946E-6	6.173805250352789E-5	2.05793508345093E-5
28-29	2.580333989250012E-4	1.0606280814708639E-4	1.583026987269946E-6	6.252956599716287E-5	2.374540480904919E-5
30-31	3.166053974539892E-4	1.1081188910889623E-4	2.3745404809049194E-6	6.332107949079784E-5	2.374540480904919E-5
32-33	3.7755193646388214E-4	1.2110156452615087E-4	6.332107949079784E-6	6.490410647806779E-5	2.374540480904919E-5
34-35	4.535372318528395E-4	1.321827534370405E-4	6.332107949079784E-6	6.569561997170276E-5	2.374540480904919E-5
36-37	5.097346899009226E-4	1.4722150981610497E-4	6.332107949079784E-6	6.648713346533773E-5	2.374540480904919E-5
38-39	5.55642472531751E-4	1.527621042715498E-4	6.332107949079784E-6	6.965318743987762E-5	2.374540480904919E-5
40-41	6.015502551625794E-4	1.5513664475245471E-4	7.91513493634973E-6	7.756832237622736E-5	2.5328431796319138E-5
42-43	6.830761450069817E-4	1.5988572571426453E-4	9.498161923619676E-6	8.073437635076724E-5	2.691145878358908E-5
44-45	7.574784134086692E-4	1.6780086065061427E-4	1.028967541725465E-5	8.310891683167216E-5	2.849448577085903E-5
46-47	8.350467357848965E-4	1.7175842811878916E-4	1.1872702404524595E-5	8.7857997793482E-5	2.849448577085903E-5
48-49	9.189471661102036E-4	1.7413296859969407E-4	1.2664215898159569E-5	9.498161923619676E-5	2.849448577085903E-5
50-51	9.672294892219371E-4	1.780905360678689E-4	1.2664215898159569E-5	9.735615971710168E-5	3.0077512758128976E-5
52-53	0.0010424232711172595	1.8679718449785362E-4	1.2664215898159569E-5	1.0606280814708639E-4	3.482659371993881E-5
54-55	0.0011310727824043764	2.026274543705531E-4	1.7413296859969404E-5	1.1081188910889621E-4	3.79926476944787E-5
56-57	0.0012228883476660332	2.1291712978780775E-4	2.691145878358908E-5	1.1793551055161097E-4	3.79926476944787E-5
58-59	0.0012980821295613559	2.2083226472415746E-4	3.166053974539892E-5	1.2426761850069075E-4	3.79926476944787E-5
60-61	0.0013645692630266935	2.2399831869869736E-4	3.245205323903389E-5	1.3614032090521536E-4	3.79926476944787E-5
62-63	0.0014730066116546846	2.3824556158412685E-4	3.720113420084373E-5	1.377233478924853E-4	3.957567468174865E-5
64-65	0.0015576985554736269	2.453691830268416E-4	4.274172865628854E-5	1.4722150981610497E-4	4.353324214992352E-5
66-67	0.0016495141207352837	2.5645037193773124E-4	4.4324755643558486E-5	1.527621042715498E-4	4.4324755643558486E-5
68-69	0.0017318315240733208	2.580333989250012E-4	4.98653500990033E-5	1.5751118523335962E-4	4.5907782630828437E-5
70-71	0.0018014847115131985	2.64365506874081E-4	5.3031404073543195E-5	1.6621783366334433E-4	4.749080961809838E-5
72-73	0.0018687633584721713	2.7861274975951047E-4	5.698897154171805E-5	1.725499416124241E-4	4.749080961809838E-5
74-75	0.0019518722753038434	2.881109116831302E-4	6.727864695897271E-5	1.7729902257423394E-4	4.9073836605368324E-5
76-77	0.002003320652390117	2.8969393867040014E-4	7.440226840168746E-5	1.820481035360438E-4	4.98653500990033E-5
78-79	0.0020476454080336753	2.9285999264494E-4	8.627497080621207E-5	1.8679718449785362E-4	5.0656863592638275E-5
80-81	0.0020927616771708687	2.952345331258449E-4	9.339859224892681E-5	1.962953464214733E-4	5.3031404073543195E-5
82-83	0.0021758705940025406	2.976090736067499E-4	9.577313272983173E-5	2.0183594087691813E-4	5.382291756717816E-5
84-85	0.0022399831869869737	3.015666410749247E-4	1.0606280814708639E-4	2.1133410280053778E-4	5.382291756717816E-5
86-87	0.0022653116187832927	3.134393434794493E-4	1.17143997057976E-4	2.4457766953320665E-4	5.461443106081313E-5
88-89	0.0022661031322769275	3.158138839603542E-4	1.2505913199432574E-4	2.572418854313662E-4	5.778048503535303E-5
>>END_MODULE
