##FastQC	0.11.8
>>Basic Statistics	pass
#Measure	Value
Filename	SRR3184301_1.gz
File type	Conventional base calls
Encoding	Sanger / Illumina 1.9
Total Sequences	61558766
Sequences flagged as poor quality	0
Sequence length	0-100
%GC	48
>>END_MODULE
>>Per base sequence quality	pass
#Base	Mean	Median	Lower Quartile	Upper Quartile	10th Percentile	90th Percentile
1	32.490920330449335	33.0	33.0	33.0	33.0	33.0
2	32.546668397530716	33.0	33.0	33.0	33.0	33.0
3	31.861293754714552	33.0	33.0	33.0	33.0	33.0
4	36.10940695867935	37.0	37.0	37.0	33.0	37.0
5	36.392484767372025	37.0	37.0	37.0	37.0	37.0
6	36.43863621347623	37.0	37.0	37.0	37.0	37.0
7	36.43731821952334	37.0	37.0	37.0	37.0	37.0
8	36.43741324025935	37.0	37.0	37.0	37.0	37.0
9	36.433420800139324	37.0	37.0	37.0	37.0	37.0
10-11	36.44910172183255	37.0	37.0	37.0	37.0	37.0
12-13	36.41711734571787	37.0	37.0	37.0	37.0	37.0
14-15	38.47812931798001	40.0	37.0	40.0	37.0	40.0
16-17	38.47028881778374	40.0	37.0	40.0	37.0	40.0
18-19	38.45112880195544	40.0	37.0	40.0	37.0	40.0
20-21	38.41867188641605	40.0	37.0	40.0	37.0	40.0
22-23	38.367397768965155	40.0	37.0	40.0	37.0	40.0
24-25	38.32223821908967	40.0	37.0	40.0	37.0	40.0
26-27	38.23014781238811	40.0	37.0	40.0	37.0	40.0
28-29	38.14884730059474	40.0	37.0	40.0	35.0	40.0
30-31	38.05792577765614	40.0	37.0	40.0	33.0	40.0
32-33	37.98395864512352	40.0	37.0	40.0	33.0	40.0
34-35	37.89714614524463	40.0	37.0	40.0	33.0	40.0
36-37	37.811554740353344	40.0	37.0	40.0	33.0	40.0
38-39	37.72107009113587	40.0	37.0	40.0	33.0	40.0
40-41	37.605014924112965	40.0	37.0	40.0	33.0	40.0
42-43	37.629043535704895	40.0	37.0	40.0	33.0	40.0
44-45	37.55356009804399	40.0	37.0	40.0	33.0	40.0
46-47	37.4124210038787	40.0	37.0	40.0	33.0	40.0
48-49	37.28579531669624	40.0	37.0	40.0	33.0	40.0
50-51	37.157406763233936	40.0	37.0	40.0	33.0	40.0
52-53	37.07517743436175	37.0	37.0	40.0	33.0	40.0
54-55	36.91882250893906	37.0	37.0	40.0	33.0	40.0
56-57	36.71721231775668	37.0	37.0	40.0	33.0	40.0
58-59	36.594389227814304	37.0	37.0	40.0	33.0	40.0
60-61	36.40737066541794	37.0	37.0	40.0	33.0	40.0
62-63	36.1903249987565	37.0	37.0	40.0	33.0	40.0
64-65	35.96399824396903	37.0	37.0	40.0	33.0	40.0
66-67	35.73367889274937	37.0	37.0	38.5	33.0	40.0
68-69	35.50124446513395	37.0	33.0	37.0	33.0	40.0
70-71	35.28131545782122	37.0	33.0	37.0	33.0	40.0
72-73	35.055823583952446	37.0	33.0	37.0	33.0	40.0
74-75	34.83770736615814	37.0	33.0	37.0	33.0	38.5
76-77	34.07739853702709	37.0	33.0	37.0	27.0	37.0
78-79	34.471853138277254	37.0	33.0	37.0	27.0	37.0
80-81	34.4440133070054	37.0	33.0	37.0	30.0	37.0
82-83	34.33054565379258	37.0	33.0	37.0	27.0	37.0
84-85	34.20538073768366	37.0	33.0	37.0	27.0	37.0
86-87	34.0699695229148	37.0	33.0	37.0	27.0	37.0
88-89	33.97682604572669	37.0	33.0	37.0	27.0	37.0
90-91	33.86797068298303	37.0	33.0	37.0	27.0	37.0
92-93	33.7540394531553	37.0	33.0	37.0	27.0	37.0
94-95	33.62877199438947	37.0	33.0	37.0	27.0	37.0
96-97	33.50498337428189	37.0	33.0	37.0	27.0	37.0
98-99	33.342392401212436	37.0	33.0	37.0	27.0	37.0
100	32.408266648256266	33.0	33.0	37.0	27.0	37.0
>>END_MODULE
>>Per sequence quality scores	pass
#Quality	Count
2	132.0
3	111.0
4	212.0
5	532.0
6	1345.0
7	3747.0
8	8757.0
9	16146.0
10	24812.0
11	30508.0
12	36218.0
13	41149.0
14	46146.0
15	52869.0
16	59687.0
17	66524.0
18	74628.0
19	82314.0
20	92027.0
21	105865.0
22	127036.0
23	157986.0
24	201828.0
25	263128.0
26	340935.0
27	442690.0
28	571214.0
29	730544.0
30	939162.0
31	1216431.0
32	1599809.0
33	2144681.0
34	2934862.0
35	4287138.0
36	7901788.0
37	1.9123514E7
38	1.775754E7
39	73016.0
>>END_MODULE
>>Per base sequence content	fail
#Base	G	A	T	C
1	24.87979636748514	14.142171561053896	14.750444207575649	46.22758786388531
2	22.150572185872846	20.355841390374955	36.50250044999003	20.991085973762168
3	25.51463109330517	23.75644069146067	24.01325040178959	26.71567781344458
4	25.561353451410657	31.38396733981363	19.952374135519552	23.102305073256165
5	29.195854451482838	31.406368644778393	20.549962595762004	18.84781430797676
6	22.931179552293127	34.133376126152434	20.992187879104026	21.943256442450416
7	19.76463039984269	16.98301226677944	40.099487359004556	23.15286997437331
8	20.98517411602051	20.964137660976238	28.133310853725597	29.91737736927766
9	21.822633433179355	20.628864240924912	30.59892018134091	26.949582144554817
10-11	25.512743508241392	29.860549888200914	20.905454180571372	23.721252422986318
12-13	23.413303556911455	23.552538958651407	27.603760579996226	25.43039690444091
14-15	24.19234269030195	24.75854636379175	26.48151975994104	24.567591185965256
16-17	24.974182881550043	24.991744005377807	25.447360043923446	24.586713069148708
18-19	24.65129960995324	25.345766980824425	25.282999659591304	24.71993374963103
20-21	24.728936344757816	25.390649104482844	25.40202225699952	24.47839229375982
22-23	24.53627076789536	25.679335319139003	25.56662771533083	24.21776619763481
24-25	24.483723038987158	25.651115688893185	25.491406660723552	24.3737546113961
26-27	24.36176183026278	25.64317965150372	25.635938644190155	24.359119874043355
28-29	24.450170111588548	25.416090469324963	25.602283967511667	24.531455451574825
30-31	24.31088802609874	25.600168577096326	25.558662064805066	24.530281331999866
32-33	24.413268408821633	25.565537664474125	25.542998297969906	24.478195628734337
34-35	24.75076502160312	25.529230634585055	25.295479382420194	24.424524961391633
36-37	24.4553626692583	25.535774893175862	25.437527606761133	24.57133483080471
38-39	24.413964113109913	25.551881442927073	25.549776293551325	24.484378150411697
40-41	24.539652767197257	25.510142762948867	25.464560031990295	24.485644437863577
42-43	24.30269062506066	25.428291719300578	25.67152566064781	24.597491994990957
44-45	24.357560440310277	25.565501719294492	25.709213598589514	24.367724241805718
46-47	24.514703118551804	25.563882466055087	25.500640721514745	24.420773693878363
48-49	24.404132269829585	25.528862060186114	25.52912857478345	24.537877095200848
50-51	24.487531919166283	25.4342298173797	25.56855522964529	24.50968303380873
52-53	24.430786109755584	25.695795880725385	25.375784075685843	24.497633933833193
54-55	24.357701525083232	25.557814230873383	25.551815715063185	24.5326685289802
56-57	24.341468021579082	25.50614512504602	25.655264444652694	24.497122408722205
58-59	24.448548955596216	25.552919088950325	25.556253374460685	24.442278580992774
60-61	24.337557288645055	25.541374394384146	25.623181242716132	24.497887074254663
62-63	24.370887427435466	25.626514495352957	25.672763845427326	24.329834231784243
64-65	24.449910558014533	25.630573210102785	25.521846636180445	24.397669595702233
66-67	24.33063893972084	25.61181945338675	25.54934224893132	24.508199357961086
68-69	24.421995915662663	25.686508822658244	25.616190918664454	24.275304343014636
70-71	24.42715460402769	25.603001634433504	25.590123279626138	24.37972048191267
72-73	24.39640808359522	25.700027079615467	25.515325505008494	24.38823933178082
74-75	24.478494341078974	25.767875193209928	25.533878962816374	24.21975150289472
76-77	24.498321740556275	25.61370461663179	25.599661641942646	24.28831200086929
78-79	24.379256259731584	25.494260106738015	25.756525291731013	24.369958341799382
80-81	24.445953260731066	25.676584288538763	25.665928495973173	24.211533954756998
82-83	24.48761678597104	25.606947151677407	25.60564936037022	24.299786701981336
84-85	24.39710979871086	25.63801610693735	25.636488681476404	24.328385412875384
86-87	24.350564643280904	25.75401203329338	25.66769793996434	24.227725383461372
88-89	24.421426941365834	25.611805972833963	25.587791404576322	24.378975681223885
90-91	24.292019825677727	25.675450072327326	25.612357344259163	24.420172757735784
92-93	24.357792521809777	25.76865480334296	25.710122647858014	24.16343002698925
94-95	24.476542093808803	25.68743541186248	25.481553788905153	24.354468705423564
96-97	24.383610713975337	25.381267938940553	25.656179253924066	24.578942093160038
98-99	23.754835557740293	25.011513063190833	26.349415692253615	24.884235686815263
100	25.156287246575026	24.299999140572385	25.554599277132585	24.98911433572
>>END_MODULE
>>Per sequence GC content	pass
#GC Content	Count
0	187.0
1	182.5
2	176.5
3	179.5
4	187.5
5	203.0
6	221.5
7	252.5
8	302.0
9	353.0
10	416.0
11	480.0
12	592.0
13	805.0
14	1102.5
15	1620.0
16	2636.5
17	4250.0
18	6983.0
19	11826.5
20	20404.0
21	32958.5
22	51317.5
23	77057.5
24	110662.5
25	153416.0
26	207351.5
27	271707.0
28	342205.0
29	420820.0
30	498717.0
31	576430.5
32	670554.5
33	765531.0
34	854060.5
35	962794.5
36	1097619.5
37	1255604.5
38	1398226.5
39	1524362.0
40	1623703.0
41	1694549.0
42	1827072.5
43	1978710.5
44	2042010.0
45	2102091.5
46	2174288.5
47	2185811.5
48	2183569.0
49	2181314.5
50	2194657.5
51	2182915.0
52	2108421.5
53	2006745.5
54	1913574.5
55	1869199.0
56	1796319.5
57	1687192.0
58	1616637.0
59	1550055.5
60	1462738.0
61	1355139.5
62	1233856.5
63	1126288.5
64	1021242.5
65	900734.5
66	784063.0
67	685332.0
68	583000.0
69	477674.5
70	386173.0
71	307329.5
72	252731.5
73	205963.5
74	164780.5
75	135131.0
76	110408.0
77	90474.0
78	69695.0
79	50033.5
80	35572.0
81	23890.5
82	14782.0
83	9031.0
84	5424.5
85	3759.0
86	3012.5
87	2348.0
88	1721.0
89	1392.5
90	1199.5
91	1032.5
92	930.0
93	826.5
94	736.5
95	687.0
96	648.5
97	605.0
98	586.5
99	583.5
100	580.0
>>END_MODULE
>>Per base N content	pass
#Base	N-Count
1	0.08721993105872829
2	6.4980504873830285E-6
3	4.304971455764924E-4
4	0.0
5	0.0
6	0.0
7	1.6245539238915008E-6
8	0.0
9	0.0
10-11	0.0
12-13	0.0
14-15	0.0
16-17	0.0
18-19	0.0
20-21	0.0
22-23	0.0
24-25	0.0
26-27	0.0
28-29	0.0
30-31	1.0561659120307063E-5
32-33	0.002019743832786139
34-35	0.0019563994924215763
36-37	3.249884373176357E-5
38-39	2.4374499164978407E-4
40-41	3.128105330082671E-4
42-43	1.8768893511652012E-4
44-45	1.0643988957552097E-4
46-47	1.44630352769356E-4
48-49	2.0963604257854282E-4
50-51	3.3314823292489365E-5
52-53	0.0
54-55	0.0
56-57	0.0018015398802300208
58-59	0.0031984713647221527
60-61	0.0010962502965828382
62-63	0.0
64-65	1.6253682667991949E-6
66-67	2.665686950859345E-4
68-69	9.55779247633333E-4
70-71	0.0
72-73	0.0
74-75	0.0
76-77	0.0
78-79	0.0
80-81	0.0
82-83	0.0
84-85	0.0036638975435986524
86-87	5.90581609487168E-4
88-89	1.1066234096255243E-4
90-91	0.0
92-93	3.8442477921658255E-4
94-95	1.3041417397972977E-5
96-97	1.2277063565061353E-5
98-99	0.0
100	0.0
>>END_MODULE
>>Sequence Length Distribution	fail
#Length	Count
0-1	1842.0
2-3	876.0
4-5	549.0
6-7	451.0
8-9	885.0
10-11	909.0
12-13	1095.0
14-15	1159.0
16-17	1144.0
18-19	1131.0
20-21	1161.0
22-23	1019.0
24-25	1016.0
26-27	958.0
28-29	989.0
30-31	917.0
32-33	811.0
34-35	950.0
36-37	964.0
38-39	884.0
40-41	837.0
42-43	929.0
44-45	875.0
46-47	964.0
48-49	1001.0
50-51	1116.0
52-53	1166.0
54-55	1144.0
56-57	1307.0
58-59	1401.0
60-61	1631.0
62-63	1704.0
64-65	1878.0
66-67	2040.0
68-69	2412.0
70-71	2959.0
72-73	3341.0
74-75	3689.0
76-77	4380.0
78-79	5527.0
80-81	7322.0
82-83	10122.0
84-85	12764.0
86-87	15526.0
88-89	21685.0
90-91	31464.0
92-93	41640.0
94-95	116786.0
96-97	1550555.0
98-99	0.0
100-101	5.9690891E7
>>END_MODULE
>>Sequence Duplication Levels	fail
#Total Deduplicated Percentage	42.5123970303732
#Duplication Level	Percentage of deduplicated	Percentage of total
1	75.39194205184609	32.0509217339897
2	12.241105547213396	10.407974782276794
3	4.5424620782855945	5.793328541024742
4	2.277199448862958	3.8723682834963644
5	1.3111922751008231	2.787096329112226
6	0.8717170402849894	2.2235268548842377
7	0.5863067295617692	1.7447713128096707
8	0.4170752455068434	1.4184694742821844
9	0.3140477680099913	1.2015831060128959
>10	1.740646260409404	13.585576232481216
>50	0.1592091741129177	4.714222598184479
>100	0.12650575057489327	10.737929852534872
>500	0.01367435484497179	3.9842607295949817
>1k	0.006718625377404158	4.851845783420948
>5k	1.7864519969852387E-4	0.5127073896947553
>10k+	1.900480847856637E-5	0.11341699619999551
>>END_MODULE
>>Overrepresented sequences	pass
>>END_MODULE
>>Adapter Content	pass
#Position	Illumina Universal Adapter	Illumina Small RNA 3' Adapter	Illumina Small RNA 5' Adapter	Nextera Transposase Sequence	SOLID Small RNA Adapter
1	0.0	1.1371248085122434E-5	0.0	1.1371248085122434E-5	0.0
2	0.0	6.985195252289496E-5	0.0	6.335409647425356E-5	0.0
3	0.0	7.14764165350553E-5	0.0	6.497856048641391E-5	4.873392036481043E-6
4	0.0	7.4725344559376E-5	0.0	7.959873659585704E-5	6.497856048641391E-6
5	1.6244640121603478E-6	7.4725344559376E-5	0.0	7.959873659585704E-5	6.497856048641391E-6
6	3.2489280243206955E-6	7.634980857153634E-5	1.6244640121603478E-6	8.122320060801739E-5	6.497856048641391E-6
7	3.2489280243206955E-6	1.0071676875394156E-4	1.6244640121603478E-6	8.609659264449843E-5	6.497856048641391E-6
8	3.2489280243206955E-6	1.0721462480258296E-4	1.6244640121603478E-6	8.934552066881913E-5	6.497856048641391E-6
9	3.2489280243206955E-6	1.088390888147433E-4	1.6244640121603478E-6	9.421891270530017E-5	8.12232006080174E-6
10-11	4.873392036481043E-6	1.275204249545873E-4	1.6244640121603478E-6	9.746784072962086E-5	1.2183480091202607E-5
12-13	4.873392036481043E-6	1.3807944103362956E-4	1.6244640121603478E-6	1.0152900076002173E-4	1.2995712097282782E-5
14-15	4.873392036481043E-6	1.5757300917955373E-4	1.6244640121603478E-6	1.1046355282690366E-4	1.2995712097282782E-5
16-17	6.497856048641391E-6	1.738176493011572E-4	1.6244640121603478E-6	1.1939810489378555E-4	1.5432408115523303E-5
18-19	6.497856048641391E-6	1.924989854410012E-4	1.6244640121603478E-6	1.2508372893634678E-4	1.624464012160348E-5
20-21	1.055901607904226E-5	2.05494697538284E-4	1.6244640121603478E-6	1.3483051300930887E-4	1.7869104133763825E-5
22-23	1.1371248085122434E-5	2.119925535869254E-4	2.4366960182405214E-6	1.4782622510659164E-4	1.7869104133763825E-5
24-25	1.462017610944313E-5	2.2417603367812797E-4	3.2489280243206955E-6	1.6894425726467617E-4	1.7869104133763825E-5
26-27	1.624464012160348E-5	2.3311058574500992E-4	3.2489280243206955E-6	1.7787880933155806E-4	1.949356814592417E-5
28-29	1.949356814592417E-5	2.4123290580581162E-4	3.2489280243206955E-6	1.835644333741193E-4	2.111803215808452E-5
30-31	2.111803215808452E-5	2.509796898787737E-4	3.2489280243206955E-6	1.8843782541060034E-4	2.1930264164164693E-5
32-33	2.6803656200645736E-5	2.5991424194565565E-4	3.2489280243206955E-6	1.9412344945316155E-4	3.0052584224966435E-5
34-35	2.924035221888626E-5	2.6803656200645736E-4	3.2489280243206955E-6	1.9656014547140207E-4	3.086481623104661E-5
36-37	3.330151224928713E-5	2.891545941645419E-4	3.2489280243206955E-6	1.9737237747748224E-4	3.086481623104661E-5
38-39	3.655044027360782E-5	3.094603943165462E-4	3.2489280243206955E-6	1.9980907349572276E-4	3.086481623104661E-5
40-41	3.898713629184834E-5	3.1839494638342817E-4	3.2489280243206955E-6	2.079313935565245E-4	3.41137442553673E-5
42-43	4.3048296322249214E-5	3.2408057042598935E-4	3.2489280243206955E-6	2.2742496170244868E-4	3.817490428576817E-5
44-45	4.7109456352650085E-5	3.4032521054759286E-4	3.2489280243206955E-6	2.3311058574500992E-4	3.898713629184834E-5
46-47	4.954615237089061E-5	3.655044027360782E-4	3.2489280243206955E-6	2.3717174577541077E-4	4.061160030400869E-5
48-49	5.035838437697078E-5	3.9312029094280414E-4	3.2489280243206955E-6	2.509796898787737E-4	4.1423832310088864E-5
50-51	5.360731240129147E-5	4.0205484300968603E-4	3.2489280243206955E-6	2.5991424194565565E-4	4.3048296322249214E-5
52-53	5.523177641345182E-5	4.34544123252893E-4	3.2489280243206955E-6	2.6559986598821683E-4	4.3860528328329386E-5
54-55	6.010516844993287E-5	4.654089394839396E-4	4.06116003040087E-6	2.66412097994297E-4	4.3860528328329386E-5
56-57	6.416632848033374E-5	4.873392036481043E-4	4.873392036481043E-6	2.745344180550988E-4	4.3860528328329386E-5
58-59	6.985195252289496E-5	5.019593797575474E-4	5.685624042561217E-6	2.8103227410374016E-4	4.7109456352650085E-5
60-61	6.985195252289496E-5	5.04396075775788E-4	6.497856048641391E-6	3.078359303043859E-4	4.7109456352650085E-5
62-63	7.066418452897512E-5	5.206407158973914E-4	6.497856048641391E-6	3.22456106413829E-4	4.792168835873026E-5
64-65	7.634980857153634E-5	5.303874999703535E-4	6.497856048641391E-6	3.3382735449895143E-4	5.035838437697078E-5
66-67	8.36598966262579E-5	5.466321400919569E-4	7.310088054721565E-6	3.476352986023144E-4	5.035838437697078E-5
68-69	9.178221668705965E-5	5.539422281466786E-4	8.12232006080174E-6	3.671288667482386E-4	5.035838437697078E-5
70-71	9.828007273570104E-5	5.79121420335164E-4	8.12232006080174E-6	3.890591309124033E-4	5.035838437697078E-5
72-73	1.088390888147433E-4	6.213574846513331E-4	8.12232006080174E-6	4.10989395076568E-4	5.035838437697078E-5
74-75	1.1290024884514416E-4	6.603446209431814E-4	8.12232006080174E-6	4.215484111556102E-4	5.198284838913113E-5
76-77	1.210225689059459E-4	6.765892610647848E-4	8.12232006080174E-6	4.337318912468128E-4	5.360731240129147E-5
78-79	1.2995712097282783E-4	6.806504210951857E-4	8.12232006080174E-6	4.377930512772137E-4	5.929293644385269E-5
80-81	1.3158158498498816E-4	6.936461331924685E-4	8.12232006080174E-6	4.597233154413784E-4	6.254186446817339E-5
82-83	1.429528330701106E-4	7.074540772958313E-4	8.12232006080174E-6	4.6622117149001984E-4	6.335409647425356E-5
84-85	1.583852411856339E-4	7.358821975086375E-4	8.12232006080174E-6	4.8246581161162324E-4	6.335409647425356E-5
86-87	1.6244640121603477E-4	7.52126837630241E-4	9.746784072962086E-6	5.393220520372355E-4	6.416632848033374E-5
88-89	1.6325863322211494E-4	7.57000229666722E-4	1.055901607904226E-5	5.693746362622019E-4	6.985195252289496E-5
>>END_MODULE
