##FastQC	0.11.8
>>Basic Statistics	pass
#Measure	Value
Filename	SRR3184282_1.gz
File type	Conventional base calls
Encoding	Sanger / Illumina 1.9
Total Sequences	72354745
Sequences flagged as poor quality	0
Sequence length	0-100
%GC	50
>>END_MODULE
>>Per base sequence quality	pass
#Base	Mean	Median	Lower Quartile	Upper Quartile	10th Percentile	90th Percentile
1	32.658613429718045	33.0	33.0	33.0	33.0	33.0
2	32.71450298708572	33.0	33.0	33.0	33.0	33.0
3	32.341908622848905	33.0	33.0	33.0	33.0	33.0
4	36.45381667015501	37.0	37.0	37.0	37.0	37.0
5	36.50420987539171	37.0	37.0	37.0	37.0	37.0
6	36.49495813486933	37.0	37.0	37.0	37.0	37.0
7	36.473250158654444	37.0	37.0	37.0	37.0	37.0
8	36.456889990756395	37.0	37.0	37.0	37.0	37.0
9	36.451768955638244	37.0	37.0	37.0	37.0	37.0
10-11	36.457834937781044	37.0	37.0	37.0	37.0	37.0
12-13	36.423287655183316	37.0	37.0	37.0	37.0	37.0
14-15	38.44428306161387	40.0	37.0	40.0	37.0	40.0
16-17	38.42915014890552	40.0	37.0	40.0	37.0	40.0
18-19	38.387958962237335	40.0	37.0	40.0	37.0	40.0
20-21	38.334334903426495	40.0	37.0	40.0	37.0	40.0
22-23	38.27696822170236	40.0	37.0	40.0	37.0	40.0
24-25	38.21992944986184	40.0	37.0	40.0	37.0	40.0
26-27	38.08968257907832	40.0	37.0	40.0	33.0	40.0
28-29	37.98419510186575	40.0	37.0	40.0	33.0	40.0
30-31	37.78073676037085	40.0	37.0	40.0	33.0	40.0
32-33	37.72567806437932	40.0	37.0	40.0	33.0	40.0
34-35	37.654970386720606	40.0	37.0	40.0	33.0	40.0
36-37	37.684477551286484	40.0	37.0	40.0	33.0	40.0
38-39	37.77396204615401	40.0	37.0	40.0	33.0	40.0
40-41	37.72564325357919	40.0	37.0	40.0	33.0	40.0
42-43	37.61977297432493	40.0	37.0	40.0	33.0	40.0
44-45	37.49226359671336	40.0	37.0	40.0	33.0	40.0
46-47	37.34286314076381	40.0	37.0	40.0	33.0	40.0
48-49	37.18205201929184	40.0	37.0	40.0	33.0	40.0
50-51	37.02215473883827	38.5	37.0	40.0	33.0	40.0
52-53	36.855779213965015	37.0	37.0	40.0	33.0	40.0
54-55	36.65823180104815	37.0	37.0	40.0	33.0	40.0
56-57	36.394238340393365	37.0	37.0	40.0	33.0	40.0
58-59	36.22666073591888	37.0	37.0	40.0	33.0	40.0
60-61	36.00444344597943	37.0	37.0	40.0	33.0	40.0
62-63	35.761102689786185	37.0	37.0	40.0	33.0	40.0
64-65	35.51402670465152	37.0	33.0	38.5	33.0	40.0
66-67	35.25296850673743	37.0	33.0	37.0	33.0	40.0
68-69	35.00067476657077	37.0	33.0	37.0	27.0	40.0
70-71	34.74716858555401	37.0	33.0	37.0	27.0	40.0
72-73	34.49095403429287	37.0	33.0	37.0	27.0	38.5
74-75	34.23181156454523	37.0	33.0	37.0	27.0	37.0
76-77	33.271958412669754	35.0	33.0	37.0	27.0	37.0
78-79	33.70993741327182	37.0	33.0	37.0	27.0	37.0
80-81	33.6376634782641	37.0	33.0	37.0	27.0	37.0
82-83	33.49836467582521	37.0	33.0	37.0	27.0	37.0
84-85	33.29490421610947	37.0	33.0	37.0	27.0	37.0
86-87	33.150283623120636	37.0	33.0	37.0	27.0	37.0
88-89	33.00592224383553	37.0	33.0	37.0	27.0	37.0
90-91	32.830117626754074	37.0	33.0	37.0	27.0	37.0
92-93	32.63484748127653	37.0	33.0	37.0	27.0	37.0
94-95	32.41962045525982	33.0	33.0	37.0	27.0	37.0
96-97	32.169299236172265	33.0	33.0	37.0	27.0	37.0
98-99	31.865678650285435	33.0	33.0	37.0	22.0	37.0
100	29.459263047008488	33.0	27.0	37.0	15.0	37.0
>>END_MODULE
>>Per sequence quality scores	pass
#Quality	Count
2	238.0
3	134.0
4	327.0
5	701.0
6	1953.0
7	5239.0
8	12976.0
9	26505.0
10	39910.0
11	48714.0
12	56951.0
13	65266.0
14	74562.0
15	85091.0
16	95073.0
17	107557.0
18	121539.0
19	133116.0
20	149597.0
21	169281.0
22	196726.0
23	235405.0
24	290463.0
25	366460.0
26	465278.0
27	595247.0
28	759825.0
29	972315.0
30	1249718.0
31	1617523.0
32	2133678.0
33	2863190.0
34	3962081.0
35	5982229.0
36	1.1106773E7
37	2.3064594E7
38	1.5151615E7
39	33205.0
>>END_MODULE
>>Per base sequence content	fail
#Base	G	A	T	C
1	25.804319321845004	12.46969896208961	15.654734518851182	46.0712471972142
2	21.779203204741155	19.24337197756503	30.26888607401947	28.70853874367435
3	24.81481485583013	20.658902443045516	22.874015962756356	31.652266738368002
4	27.26910944409192	24.84330444104101	19.919351578998658	27.968234535868415
5	31.757318299796385	26.362684217347088	21.525955107416163	20.354042375440365
6	26.811103239710825	31.27999696679542	20.173030810766644	21.735868982727112
7	22.79496489045905	18.640883932777996	36.828563987140974	21.735587189621974
8	23.74896498048787	22.169749733749295	27.54693703437965	26.534348251383193
9	22.8067340589729	20.703440782258063	30.91688805025836	25.57293710851068
10-11	26.06293088347066	28.287323460800817	22.139656765615623	23.5100888901129
12-13	24.988235591821923	23.638550591689445	26.200141978556264	25.17307183793237
14-15	25.3291505126813	24.55479259745647	25.550207860436515	24.565849029425717
16-17	25.808239031050622	24.334606321400873	24.8548206930455	25.002333954503005
18-19	25.538360107853368	24.506678236307053	24.82706311318014	25.127898542659437
20-21	25.482270330809925	24.587103620139818	24.809758238353076	25.120867810697177
22-23	25.523668747527946	24.448840532428655	24.812336978798076	25.215153741245327
24-25	25.346464210294563	24.63866780412755	24.916073405432083	25.098794580145807
26-27	25.434115954673846	24.73270094432659	24.744933184537278	25.088249916462285
28-29	25.600084059113826	24.335862397777916	24.650868112468658	25.4131854306396
30-31	25.271689651942747	24.544463371946726	24.735125314852606	25.448721661257924
32-33	25.284869088279027	24.61347749957186	24.845117963303824	25.25653544884529
34-35	25.507951556258813	24.476544889940413	24.63289353171246	25.382610022088315
36-37	25.4015779563347	24.559530498862266	24.665243372952755	25.373648171850277
38-39	25.457724045175368	24.625939572128516	24.65046249631407	25.265873886382046
40-41	25.553388838758313	24.430271777981364	24.580456076353556	25.435883306906764
42-43	25.2630814590874	24.555618882138937	24.784593455621593	25.39670620315207
44-45	25.352014389861704	24.721533819882566	24.70663990764944	25.21981188260629
46-47	25.480392786996386	24.605665694670762	24.584227306173034	25.329714212159814
48-49	25.307314859228853	24.58881813545028	24.756515942942055	25.347351062378813
50-51	25.30955939755146	24.681696458953127	24.73945979392425	25.269284349571166
52-53	25.45555732048158	24.5486100155317	24.54269752103179	25.453135142954924
54-55	25.18011475009417	24.617277010276105	24.815422964689134	25.38718527494059
56-57	25.313934247749952	24.682432745167855	24.770265952594325	25.233367054487864
58-59	25.410162172466205	24.550526302716406	24.637320965758434	25.40199055905895
60-61	25.17100337668195	24.743855096939402	24.74929439062126	25.33584713575739
62-63	25.195913033742695	24.856494194317584	24.753701951052562	25.19389082088716
64-65	25.36217376426074	24.649014831698622	24.63701345115562	25.351797952885025
66-67	25.209851074922586	24.73980108945901	24.781853970132566	25.268493865485837
68-69	25.286707302133216	24.85281184003018	24.691185377092246	25.16929548074436
70-71	25.419084605497382	24.58939489181345	24.639791348904776	25.35172915378439
72-73	25.178351859576363	24.79900475317593	24.773501210547522	25.249142176700186
74-75	25.26605677778173	24.987383853964612	24.615474854756428	25.131084513497225
76-77	25.393905687144454	24.781778987122834	24.533297067572178	25.291018258160534
78-79	25.182669114940197	24.8166340461552	24.728126500394254	25.27257033851035
80-81	25.309635144048727	24.856883430817383	24.681945357984763	25.151536067149127
82-83	25.381033788176378	24.658956420384968	24.615060848990193	25.344948942448465
84-85	25.108709864154267	24.820262817646427	24.80369234182239	25.267334976376915
86-87	25.128290675668662	24.984925380878117	24.77024540839018	25.116538535063036
88-89	25.265159082123073	24.75268691912956	24.5371585576261	25.444995441121264
90-91	25.108705913735918	24.7855179655184	24.706222866417765	25.399553254327913
92-93	25.20999809522746	24.938281982521648	24.628288197322835	25.22343172492806
94-95	25.35912223790368	24.7496917892085	24.517434255244147	25.37375171764367
96-97	25.189521981319917	24.620911722351202	24.81878296664456	25.370783329684322
98-99	24.63369690150232	24.259253718172914	25.196969922888	25.910079457436762
100	25.31837922524682	23.55189634248824	24.62262897427914	26.5070954579858
>>END_MODULE
>>Per sequence GC content	pass
#GC Content	Count
0	110.0
1	85.5
2	65.5
3	69.5
4	73.0
5	79.5
6	92.0
7	109.5
8	128.0
9	161.5
10	211.5
11	285.0
12	370.5
13	485.5
14	679.0
15	984.5
16	1568.5
17	2600.0
18	4246.5
19	6930.5
20	11659.5
21	18968.5
22	31221.0
23	48693.0
24	71675.5
25	104006.5
26	144365.5
27	194851.5
28	258198.0
29	334665.5
30	416106.5
31	501778.5
32	594015.5
33	693408.0
34	802497.5
35	930944.5
36	1067335.0
37	1215757.5
38	1372275.0
39	1528348.5
40	1673023.5
41	1781864.0
42	1882536.5
43	1982339.0
44	2076131.5
45	2203429.0
46	2295612.0
47	2315179.0
48	2330614.5
49	2366212.5
50	2431289.5
51	2514994.5
52	2572368.0
53	2566823.5
54	2528125.0
55	2506172.5
56	2423554.5
57	2306027.5
58	2245262.5
59	2186135.5
60	2083220.5
61	1949541.5
62	1813226.0
63	1678294.5
64	1528623.0
65	1350564.5
66	1167214.5
67	1007324.5
68	861135.5
69	710244.5
70	567180.5
71	449989.0
72	371566.5
73	306561.0
74	248001.5
75	200683.5
76	162037.5
77	126631.0
78	95410.0
79	67891.0
80	45695.0
81	30025.5
82	19162.5
83	12540.0
84	8032.0
85	5418.5
86	3913.0
87	2937.5
88	2216.5
89	1736.5
90	1372.5
91	1092.5
92	871.0
93	669.0
94	535.5
95	415.5
96	337.0
97	281.0
98	244.5
99	228.5
100	217.0
>>END_MODULE
>>Per base N content	pass
#Base	N-Count
1	0.1320910941846018
2	1.7995326198509488E-5
3	6.893601442196792E-4
4	0.0
5	0.0
6	0.0
7	0.0
8	0.0
9	0.0
10-11	0.0
12-13	0.0
14-15	0.0
16-17	0.0
18-19	0.0
20-21	0.0
22-23	8.236861230373325E-5
24-25	5.952728112452073E-5
26-27	6.921819899285306E-7
28-29	0.0
30-31	0.0
32-33	0.0
34-35	0.0
36-37	0.0
38-39	0.0
40-41	1.3152078676343791E-5
42-43	7.960522453934187E-5
44-45	6.853022404738437E-5
46-47	1.432915744305032E-4
48-49	2.332832316636092E-4
50-51	0.0010909725530896077
52-53	1.3844969952123264E-6
54-55	0.0
56-57	0.0
58-59	0.0
60-61	0.0
62-63	0.0
64-65	0.0
66-67	0.0
68-69	0.0
70-71	0.0
72-73	0.0
74-75	0.0
76-77	0.0
78-79	1.3853655963184298E-6
80-81	0.005629771952251663
82-83	6.929931339487676E-7
84-85	0.0
86-87	0.0
88-89	0.0
90-91	0.0
92-93	0.0
94-95	0.0
96-97	0.0
98-99	0.0
100	0.0
>>END_MODULE
>>Sequence Length Distribution	fail
#Length	Count
0-1	113765.0
2-3	260.0
4-5	291.0
6-7	245.0
8-9	482.0
10-11	469.0
12-13	568.0
14-15	621.0
16-17	540.0
18-19	607.0
20-21	536.0
22-23	447.0
24-25	466.0
26-27	440.0
28-29	509.0
30-31	449.0
32-33	488.0
34-35	500.0
36-37	525.0
38-39	494.0
40-41	475.0
42-43	526.0
44-45	552.0
46-47	563.0
48-49	619.0
50-51	718.0
52-53	801.0
54-55	885.0
56-57	993.0
58-59	1135.0
60-61	1442.0
62-63	1953.0
64-65	2184.0
66-67	2551.0
68-69	3188.0
70-71	4459.0
72-73	6089.0
74-75	7696.0
76-77	9379.0
78-79	12105.0
80-81	17034.0
82-83	26163.0
84-85	35417.0
86-87	43492.0
88-89	57120.0
90-91	79356.0
92-93	107739.0
94-95	236166.0
96-97	2023442.0
98-99	0.0
100-101	6.9547801E7
>>END_MODULE
>>Sequence Duplication Levels	fail
#Total Deduplicated Percentage	32.556129389924166
#Duplication Level	Percentage of deduplicated	Percentage of total
1	63.30244386534676	20.6088255317864
2	15.498810987914775	10.091625918250635
3	6.787100279914733	6.628851446858837
4	3.6340986819128354	4.732487476164285
5	2.361613455592302	3.8442496614624453
6	1.6137612979395786	3.1522692972103727
7	1.1139220066000015	2.5385492284007527
8	0.8065872384969142	2.1007486800613724
9	0.6557930260932121	1.9215074349450474
>10	3.746961845126078	22.444856540592102
>50	0.2892387819442963	6.496387758927014
>100	0.1746378790134962	10.477139642647547
>500	0.01091460447127458	2.398707192634319
>1k	0.00399272950000645	2.133378515216823
>5k	1.020580414565509E-4	0.20639114059889746
>10k+	2.1262091970114773E-5	0.22402453424267607
>>END_MODULE
>>Overrepresented sequences	warn
#Sequence	Count	Percentage	Possible Source
	113690	0.15712860296860973	No Hit
>>END_MODULE
>>Adapter Content	pass
#Position	Illumina Universal Adapter	Illumina Small RNA 3' Adapter	Illumina Small RNA 5' Adapter	Nextera Transposase Sequence	SOLID Small RNA Adapter
1	0.0	8.292476187981866E-6	0.0	6.910396823318222E-6	2.7641587293272887E-6
2	0.0	5.390109522188213E-5	0.0	2.48774285639456E-5	4.146238093990933E-6
3	0.0	7.048604759784586E-5	0.0	2.9023666657936533E-5	5.528317458654577E-6
4	0.0	7.739644442116408E-5	0.0	3.5934063481254757E-5	8.292476187981866E-6
5	0.0	8.430684124448231E-5	0.0	3.5934063481254757E-5	8.292476187981866E-6
6	0.0	8.568892060914595E-5	0.0	3.5934063481254757E-5	9.67455555264551E-6
7	0.0	1.312975396430462E-4	0.0	3.5934063481254757E-5	9.67455555264551E-6
8	1.3820793646636444E-6	1.6308536503031003E-4	0.0	3.5934063481254757E-5	9.67455555264551E-6
9	1.3820793646636444E-6	1.7690615867694648E-4	0.0	3.5934063481254757E-5	9.67455555264551E-6
10-11	1.3820793646636444E-6	1.962552697822375E-4	0.0	3.7316142845918396E-5	9.67455555264551E-6
12-13	1.3820793646636444E-6	2.142223015228649E-4	0.0	3.7316142845918396E-5	1.1056634917309155E-5
14-15	2.0731190469954665E-6	2.7088755547407427E-4	0.0	3.938926189291386E-5	1.1056634917309155E-5
16-17	2.7641587293272887E-6	3.434467221189156E-4	1.3820793646636444E-6	4.146238093990933E-5	1.312975396430462E-5
18-19	3.455198411659111E-6	3.5312127767156117E-4	1.3820793646636444E-6	5.113693649255484E-5	1.5202873011300088E-5
20-21	6.2193571409864E-6	3.5450335703622474E-4	1.3820793646636444E-6	5.8047333315873066E-5	1.6584952375963732E-5
22-23	6.910396823318222E-6	3.6072271417721114E-4	1.3820793646636444E-6	7.186812696250951E-5	1.6584952375963732E-5
24-25	6.910396823318222E-6	3.669420713181976E-4	1.3820793646636444E-6	8.223372219748684E-5	1.6584952375963732E-5
26-27	7.601436505650044E-6	3.73161428459184E-4	1.3820793646636444E-6	9.259931743246417E-5	1.8658071422959198E-5
28-29	8.983515870313689E-6	3.856001427411568E-4	1.3820793646636444E-6	9.398139679712782E-5	1.934911110529102E-5
30-31	1.1747674599640978E-5	3.945836586114705E-4	1.3820793646636444E-6	9.605451584412329E-5	1.934911110529102E-5
32-33	1.312975396430462E-5	4.0909549194043874E-4	1.3820793646636444E-6	9.67455555264551E-5	2.2804309516950133E-5
34-35	1.3820793646636444E-5	4.588503490683299E-4	1.3820793646636444E-6	9.743659520878693E-5	2.3495349199281956E-5
36-37	1.4511833328968267E-5	5.113693649255483E-4	1.3820793646636444E-6	9.812763489111875E-5	2.556846824627742E-5
38-39	1.6584952375963732E-5	5.500675871361305E-4	1.3820793646636444E-6	1.0642011107910062E-4	2.6950547610941067E-5
40-41	2.2804309516950133E-5	5.652704601474306E-4	1.3820793646636444E-6	1.1471258726708248E-4	2.7641587293272887E-5
42-43	2.48774285639456E-5	5.797822934763988E-4	1.3820793646636444E-6	1.1885882536107341E-4	2.7641587293272887E-5
44-45	2.6950547610941067E-5	6.032776426756807E-4	1.3820793646636444E-6	1.2853338091371893E-4	2.7641587293272887E-5
46-47	2.9714706340268353E-5	6.329923490159491E-4	1.3820793646636444E-6	1.3267961900770986E-4	2.9023666657936533E-5
48-49	3.386094443425929E-5	6.537235394859038E-4	1.3820793646636444E-6	1.3544377773703716E-4	3.0405746022600176E-5
50-51	3.524302379892293E-5	6.696174521795357E-4	1.3820793646636444E-6	1.3889897614869625E-4	3.0405746022600176E-5
52-53	3.869822221058204E-5	7.15226071213436E-4	1.3820793646636444E-6	1.402810555133599E-4	3.0405746022600176E-5
54-55	4.353549998690479E-5	7.670540473883226E-4	1.3820793646636444E-6	1.4373625392501903E-4	3.247886506959564E-5
56-57	4.5608619033900265E-5	8.140447457868866E-4	1.3820793646636444E-6	1.4857353170134177E-4	3.386094443425929E-5
58-59	4.699069839856391E-5	8.969695076667052E-4	1.3820793646636444E-6	1.5824808725398729E-4	3.455198411659111E-5
60-61	5.113693649255484E-5	9.439602060652691E-4	1.3820793646636444E-6	1.8796279359425565E-4	3.455198411659111E-5
62-63	5.8047333315873066E-5	0.0010621279917440106	1.3820793646636444E-6	2.086939840642103E-4	3.524302379892293E-5
64-65	6.2193571409864E-5	0.0011153380472835612	1.3820793646636444E-6	2.2458789675784221E-4	4.008030157524569E-5
66-67	6.703084918618674E-5	0.0011333050790241885	3.455198411659111E-6	2.308072538988286E-4	4.2153420622241154E-5
68-69	7.394124600950498E-5	0.001150581071082484	4.146238093990933E-6	2.3909973008681047E-4	4.353549998690479E-5
70-71	8.292476187981865E-5	0.0011830599361520797	4.146238093990933E-6	2.5084740468645146E-4	4.4917579351568446E-5
72-73	9.398139679712782E-5	0.0012252133567743208	4.146238093990933E-6	2.6950547610941065E-4	4.5608619033900265E-5
74-75	1.0780219044376427E-4	0.001271513015490553	4.146238093990933E-6	2.8816354753236984E-4	4.5608619033900265E-5
76-77	1.2300506345506434E-4	0.0012908621265958439	4.146238093990933E-6	2.9991122213201085E-4	4.5608619033900265E-5
78-79	1.368258571017008E-4	0.0012963904440544986	4.146238093990933E-6	3.0613057927299724E-4	4.699069839856391E-5
80-81	1.5064665074833724E-4	0.0013067560392894758	4.146238093990933E-6	3.151140951433109E-4	4.837277776322755E-5
82-83	1.845075951825965E-4	0.0013274872297594303	4.146238093990933E-6	3.2409761101362465E-4	4.837277776322755E-5
84-85	2.1629542056986033E-4	0.0013717137694286671	5.528317458654577E-6	3.316990475192746E-4	4.837277776322755E-5
86-87	2.2666101580483768E-4	0.0014048836741805946	5.528317458654577E-6	3.856001427411568E-4	4.97548571278912E-5
88-89	2.273520554871695E-4	0.0014200865471918948	6.2193571409864E-6	4.2084316654007975E-4	5.182797617488667E-5
>>END_MODULE
