##FastQC	0.11.8
>>Basic Statistics	pass
#Measure	Value
Filename	SRR3184286_1.gz
File type	Conventional base calls
Encoding	Sanger / Illumina 1.9
Total Sequences	85423402
Sequences flagged as poor quality	0
Sequence length	0-100
%GC	47
>>END_MODULE
>>Per base sequence quality	pass
#Base	Mean	Median	Lower Quartile	Upper Quartile	10th Percentile	90th Percentile
1	32.37467403585274	33.0	33.0	33.0	33.0	33.0
2	32.56528394194522	33.0	33.0	33.0	33.0	33.0
3	32.3412534967211	33.0	33.0	33.0	33.0	33.0
4	36.52639331463275	37.0	37.0	37.0	37.0	37.0
5	36.61318184254189	37.0	37.0	37.0	37.0	37.0
6	36.61417111375145	37.0	37.0	37.0	37.0	37.0
7	36.605756172472454	37.0	37.0	37.0	37.0	37.0
8	36.58254216300378	37.0	37.0	37.0	37.0	37.0
9	36.59190541199452	37.0	37.0	37.0	37.0	37.0
10-11	36.60772692254085	37.0	37.0	37.0	37.0	37.0
12-13	36.532944387377704	37.0	37.0	37.0	37.0	37.0
14-15	38.73592454576488	40.0	37.0	40.0	37.0	40.0
16-17	38.72026917212744	40.0	37.0	40.0	37.0	40.0
18-19	38.70717171570408	40.0	37.0	40.0	37.0	40.0
20-21	38.68033931309736	40.0	37.0	40.0	37.0	40.0
22-23	38.62175957963774	40.0	37.0	40.0	37.0	40.0
24-25	38.57024437968215	40.0	37.0	40.0	37.0	40.0
26-27	38.47826092727029	40.0	37.0	40.0	37.0	40.0
28-29	38.39981080352014	40.0	37.0	40.0	37.0	40.0
30-31	38.3231961564005	40.0	37.0	40.0	37.0	40.0
32-33	38.23308955305026	40.0	37.0	40.0	37.0	40.0
34-35	38.14701592007023	40.0	37.0	40.0	37.0	40.0
36-37	38.04502728651856	40.0	37.0	40.0	35.0	40.0
38-39	37.92882491109511	40.0	37.0	40.0	33.0	40.0
40-41	37.813833458530624	40.0	37.0	40.0	33.0	40.0
42-43	37.69219291127518	40.0	37.0	40.0	33.0	40.0
44-45	37.83018169716529	40.0	37.0	40.0	33.0	40.0
46-47	37.77954554820725	40.0	37.0	40.0	33.0	40.0
48-49	37.6620151641912	40.0	37.0	40.0	33.0	40.0
50-51	37.508306973933394	40.0	37.0	40.0	33.0	40.0
52-53	37.351887041965895	40.0	37.0	40.0	33.0	40.0
54-55	37.177219911591635	38.5	37.0	40.0	33.0	40.0
56-57	36.98262547412027	37.0	37.0	40.0	33.0	40.0
58-59	36.78273609918358	37.0	37.0	40.0	33.0	40.0
60-61	36.55197241833649	37.0	37.0	40.0	33.0	40.0
62-63	36.349071677798406	37.0	37.0	40.0	33.0	40.0
64-65	36.20790342394688	37.0	37.0	40.0	33.0	40.0
66-67	36.0059763336129	37.0	37.0	40.0	33.0	40.0
68-69	35.77471095735294	37.0	37.0	37.0	33.0	40.0
70-71	35.54599269382176	37.0	37.0	37.0	33.0	40.0
72-73	35.32961655424539	37.0	33.0	37.0	33.0	40.0
74-75	35.110439019012176	37.0	33.0	37.0	33.0	40.0
76-77	34.031461204952905	37.0	33.0	37.0	27.0	37.0
78-79	34.59695886784604	37.0	33.0	37.0	33.0	37.0
80-81	34.593252498147294	37.0	33.0	37.0	33.0	37.0
82-83	34.46913615668991	37.0	33.0	37.0	33.0	37.0
84-85	34.28175036390083	37.0	33.0	37.0	33.0	37.0
86-87	34.17886524442646	37.0	33.0	37.0	30.0	37.0
88-89	34.07497871868773	37.0	33.0	37.0	27.0	37.0
90-91	33.93530969528591	37.0	33.0	37.0	27.0	37.0
92-93	33.781754216112915	37.0	33.0	37.0	27.0	37.0
94-95	33.601241670272564	37.0	33.0	37.0	27.0	37.0
96-97	33.47643545780086	37.0	33.0	37.0	27.0	37.0
98-99	33.31155190737866	37.0	33.0	37.0	27.0	37.0
100	32.645667933946186	37.0	33.0	37.0	27.0	37.0
>>END_MODULE
>>Per sequence quality scores	pass
#Quality	Count
2	629.0
3	282.0
4	540.0
5	937.0
6	1809.0
7	4434.0
8	10372.0
9	22169.0
10	36674.0
11	44408.0
12	53086.0
13	60300.0
14	66402.0
15	73041.0
16	78940.0
17	87080.0
18	94876.0
19	102303.0
20	110997.0
21	124404.0
22	136698.0
23	161897.0
24	200885.0
25	257520.0
26	337181.0
27	440150.0
28	576114.0
29	759195.0
30	1008181.0
31	1363011.0
32	1875747.0
33	2657995.0
34	3866851.0
35	6017826.0
36	1.1268826E7
37	2.5654505E7
38	2.664446E7
39	647180.0
>>END_MODULE
>>Per base sequence content	fail
#Base	G	A	T	C
1	23.191301149760516	13.946125534495616	20.38465098840661	42.47792232733726
2	22.05304107548312	20.76411960524447	35.10026052639178	22.082578792880632
3	26.051512070386533	23.588108276423974	25.301945586468616	25.058434066720874
4	25.848125134789772	29.90984180274153	20.928541459666857	23.313491602801843
5	28.36428389692734	31.125430562691648	21.706549807231458	18.80373573314955
6	22.629405426177538	34.53933351499349	21.099819315369565	21.731441743459413
7	19.46044375236275	17.158034403017737	40.919826579254604	22.46169526536491
8	21.321788442742896	21.928689262683164	27.590248484613184	29.159273809960755
9	21.56591282387984	21.318183635484303	30.37379955491348	26.74210398572238
10-11	25.02860879795511	30.469038007631383	21.13591925587616	23.366433938537348
12-13	22.97212521547592	24.13521718442537	28.137479547484013	24.755178052614703
14-15	23.56955988217547	25.36802423966949	27.11007793266567	23.952337945489365
16-17	24.212997343328954	25.62825933360501	26.102932865688967	24.05581045737707
18-19	24.0509772286032	25.948071936852322	25.90830135147602	24.092649483068453
20-21	24.028253196827034	25.982452353404174	25.899177792519783	24.090116657249006
22-23	23.928990949125296	26.19253292180751	26.022306060014145	23.856170069053054
24-25	23.92633783520473	26.22945640074018	25.97934276082634	23.864863003228752
26-27	23.849308397829933	26.21314328779662	26.0175728122872	23.919975502086245
28-29	23.964187635172067	25.883041240066962	26.08100420290108	24.07176692185989
30-31	23.758657486355645	26.224537224520265	26.06607657367343	23.95072871545066
32-33	23.8485292990879	26.18846115885753	26.05197644040632	23.911033101648247
34-35	24.010735378865526	26.089062463891487	25.923468151629365	23.976734005613622
36-37	23.88504151579932	26.125350731719664	26.00341770079446	23.986190051686556
38-39	23.902334071472225	26.19916943702919	25.966104386437777	23.932392105060806
40-41	23.995880662468046	26.051194169763527	25.940696214727026	24.0122289530414
42-43	23.749329653803823	26.114637176171847	26.123808084211465	24.012225085812865
44-45	23.86723215859055	26.194541883614537	26.027402366476487	23.910823591318426
46-47	23.92263997953828	26.114314270208112	26.00844951519456	23.95459623505905
48-49	23.78587091866649	26.156074701470704	26.096496292745964	23.961558087116842
50-51	23.915255955570125	26.07483983184245	26.034461255146358	23.975442957441068
52-53	23.926133279514712	26.14872584969774	25.90906686171432	24.01607400907323
54-55	23.745584225855268	26.18109022023288	26.056799143925165	24.016526409986692
56-57	23.814368163993908	26.063249574078355	26.109442224499226	24.012940037428514
58-59	23.86522864012343	26.157571645154864	26.010475356849543	23.966724357872163
60-61	23.792802749539664	26.181956719548594	26.066437737259303	23.95880279365244
62-63	23.7897982124408	26.25513348614701	26.01523169697601	23.939836604436184
64-65	23.864966896129058	26.180586818345475	26.04700318703114	23.907443098494323
66-67	23.770521995602788	26.253769395642816	26.00587474034246	23.96983386841193
68-69	23.882412506927423	26.306159624104687	25.97290294851201	23.838524920455875
70-71	23.883091699612724	26.206453172560114	25.993641281820178	23.91681384600699
72-73	23.87134269720114	26.266805777350218	25.967958560758618	23.89389296469002
74-75	23.973266263951682	26.35531252628963	25.879247145452133	23.79217406430655
76-77	23.92814113408354	26.17556396250466	26.00764241003174	23.888652493380064
78-79	23.824569099896173	26.1505104995909	26.09221349110808	23.932706909404846
80-81	23.92454581570199	26.351336826802708	25.93864732318174	23.78547003431356
82-83	23.967843718760175	26.192478670717406	25.89403264898612	23.945644961536296
84-85	23.8535464607681	26.244838784308943	26.022958672247277	23.87865608267568
86-87	23.857121653236813	26.337904124244393	25.969821918152487	23.835152304366307
88-89	23.913896607295953	26.224306962767425	25.927239570962445	23.934556858974176
90-91	23.81044624024848	26.29946196904161	25.956861168204824	23.933230622505082
92-93	23.869222181103556	26.34508616156948	25.954814893652	23.83087676367496
94-95	23.93364634365991	26.291439332725254	25.879379063910115	23.895535259704726
96-97	23.903097778647872	26.01768898253814	26.07973736537503	23.999475873438953
98-99	23.188869682506542	25.798420222142465	26.59421491051574	24.418495184835255
100	24.85482102608967	25.135702324888392	25.831871381367904	24.17760526765403
>>END_MODULE
>>Per sequence GC content	pass
#GC Content	Count
0	537.0
1	480.0
2	396.5
3	385.0
4	413.5
5	443.5
6	508.0
7	604.5
8	711.5
9	870.5
10	1074.5
11	1306.0
12	1613.5
13	2100.0
14	2858.5
15	3892.0
16	5979.5
17	9651.0
18	15340.0
19	24486.5
20	40433.5
21	64893.5
22	100618.0
23	150571.0
24	221014.5
25	309596.5
26	415908.0
27	544238.0
28	692422.5
29	851047.0
30	1005951.0
31	1154202.5
32	1300842.5
33	1427694.0
34	1549033.0
35	1708867.0
36	1861392.5
37	2004302.5
38	2131666.5
39	2257533.5
40	2379022.0
41	2506103.0
42	2663275.0
43	2778490.0
44	2831747.0
45	2856115.5
46	2853415.5
47	2813607.0
48	2811340.0
49	2832939.5
50	2835683.0
51	2794878.0
52	2720521.5
53	2642154.5
54	2551911.5
55	2482217.0
56	2407157.0
57	2293578.5
58	2209029.0
59	2138106.0
60	2033238.0
61	1912495.5
62	1754581.5
63	1571527.5
64	1397275.5
65	1219280.0
66	1048613.5
67	906081.5
68	767098.5
69	630602.0
70	502688.5
71	392290.0
72	308155.0
73	239450.5
74	185708.0
75	143278.0
76	109767.5
77	84537.0
78	63578.5
79	47265.5
80	34130.0
81	23935.0
82	16890.0
83	12125.5
84	8640.5
85	6639.0
86	5401.5
87	4632.5
88	3948.5
89	3414.0
90	3074.5
91	2756.0
92	2521.0
93	2288.5
94	2080.5
95	1910.0
96	1780.0
97	1687.5
98	1649.0
99	1633.5
100	1628.5
>>END_MODULE
>>Per base N content	pass
#Base	N-Count
1	1.0740335898688365
2	0.0
3	9.07516020574779E-5
4	4.243025309103805E-5
5	0.0
6	0.0
7	0.0
8	0.0
9	0.0
10-11	0.0
12-13	0.0
14-15	0.0
16-17	0.0
18-19	0.0
20-21	1.0021714520461579E-5
22-23	0.0
24-25	0.0016142417486438231
26-27	2.9479755947949054E-6
28-29	0.0
30-31	0.0
32-33	0.0
34-35	0.0
36-37	0.0
38-39	0.0
40-41	0.0
42-43	0.0
44-45	0.0
46-47	0.0
48-49	0.0
50-51	0.0
52-53	0.0
54-55	0.0
56-57	0.0
58-59	0.0
60-61	0.0
62-63	0.0
64-65	0.0
66-67	0.0
68-69	0.0
70-71	0.0
72-73	0.0
74-75	0.0
76-77	0.0
78-79	0.0
80-81	0.0
82-83	0.0
84-85	0.03257327559650121
86-87	0.0
88-89	0.0
90-91	0.0
92-93	2.219063016174861E-5
94-95	8.846204958238376E-4
96-97	0.002773335435908571
98-99	0.001740957923204979
100	0.0027339076195407007
>>END_MODULE
>>Sequence Length Distribution	fail
#Length	Count
0-1	575952.0
2-3	2328.0
4-5	1713.0
6-7	1375.0
8-9	3221.0
10-11	3367.0
12-13	4555.0
14-15	4539.0
16-17	4942.0
18-19	4522.0
20-21	4330.0
22-23	4039.0
24-25	3728.0
26-27	3285.0
28-29	3104.0
30-31	2895.0
32-33	2637.0
34-35	2907.0
36-37	3196.0
38-39	3331.0
40-41	3487.0
42-43	4131.0
44-45	5034.0
46-47	8399.0
48-49	15533.0
50-51	21644.0
52-53	24608.0
54-55	32699.0
56-57	60640.0
58-59	107195.0
60-61	145176.0
62-63	156429.0
64-65	165618.0
66-67	218510.0
68-69	311328.0
70-71	390680.0
72-73	441932.0
74-75	439293.0
76-77	450383.0
78-79	523280.0
80-81	631298.0
82-83	744753.0
84-85	739236.0
86-87	705997.0
88-89	748799.0
90-91	844492.0
92-93	964621.0
94-95	1061577.0
96-97	2758633.0
98-99	0.0
100-101	7.2058031E7
>>END_MODULE
>>Sequence Duplication Levels	fail
#Total Deduplicated Percentage	27.195283587633256
#Duplication Level	Percentage of deduplicated	Percentage of total
1	45.61936513973885	12.40631572062989
2	22.224967241827628	12.088285737347235
3	11.78127962169577	9.611857210116634
4	6.3846077244871156	6.945248706528839
5	3.677510525873852	5.000547082382286
6	2.1937422914604254	3.579566624067041
7	1.5238237169260211	2.900857268355517
8	1.1154259945373433	2.426746099396873
9	0.799081660769267	1.9558127136867456
>10	4.189406433626957	20.326199667307616
>50	0.28442713870130687	5.349766207693886
>100	0.18190810562001988	9.58957888253822
>500	0.0164267590739638	3.0420687210508923
>1k	0.007837680876261478	3.6849579528537784
>5k	1.4247358877870732E-4	0.25964346330636945
>10k+	4.749119625956911E-5	0.8325479427383825
>>END_MODULE
>>Overrepresented sequences	warn
#Sequence	Count	Percentage	Possible Source
	575497	0.6736994623557605	No Hit
>>END_MODULE
>>Adapter Content	pass
#Position	Illumina Universal Adapter	Illumina Small RNA 3' Adapter	Illumina Small RNA 5' Adapter	Nextera Transposase Sequence	SOLID Small RNA Adapter
1	0.0	1.404767279111642E-5	0.0	2.3412787985194035E-6	0.0
2	0.0	4.214301837334926E-5	0.0	4.097237897408956E-5	0.0
3	0.0	4.5654936571128364E-5	0.0	4.214301837334926E-5	0.0
4	1.2877033391856719E-5	4.5654936571128364E-5	0.0	4.916685476890747E-5	0.0
5	1.2877033391856719E-5	4.799621536964777E-5	0.0	4.916685476890747E-5	0.0
6	1.2877033391856719E-5	4.916685476890747E-5	0.0	5.033749416816717E-5	0.0
7	1.2877033391856719E-5	6.204388816076419E-5	0.0	5.1508133567426876E-5	0.0
8	1.2877033391856719E-5	7.02383639555821E-5	0.0	5.1508133567426876E-5	0.0
9	1.404767279111642E-5	7.843283975040002E-5	0.0	5.2678772966686574E-5	0.0
10-11	1.990086978741493E-5	9.013923374299703E-5	0.0	5.443473206557613E-5	5.853196996298509E-7
12-13	2.0486189487044782E-5	1.0418690653411345E-4	0.0	5.853196996298508E-5	1.7559590988895526E-6
14-15	2.3412787985194035E-5	1.1999053842411943E-4	0.0	6.262920786039404E-5	4.682557597038807E-6
16-17	2.7510025882602992E-5	1.5862163859968958E-4	0.0	6.965304425595226E-5	4.682557597038807E-6
18-19	3.68751410766806E-5	1.6330419619672837E-4	0.0	7.726220035114031E-5	5.853196996298509E-6
20-21	4.741089567001792E-5	1.703280325922866E-4	0.0	8.838327464410748E-5	7.609156095188061E-6
22-23	5.384941236594628E-5	1.8144910688525377E-4	1.1706393992597017E-6	9.950434893707464E-5	1.0535754593337316E-5
24-25	6.087324876150449E-5	1.9257018117822093E-4	3.511918197779105E-6	1.1238138232893137E-4	1.1706393992597017E-5
26-27	6.614112605817315E-5	1.9959401757377914E-4	3.511918197779105E-6	1.1881989902485973E-4	1.404767279111642E-5
28-29	7.082368365521195E-5	2.0369125547118808E-4	3.511918197779105E-6	1.2877033391856717E-4	1.8730230388155228E-5
30-31	7.609156095188061E-5	2.0778849336859704E-4	3.511918197779105E-6	1.3755012941301495E-4	2.4583427384453736E-5
32-33	8.194475794817913E-5	2.165682888630448E-4	8.194475794817912E-6	1.404767279111642E-4	2.692470618297314E-5
34-35	8.487135644632838E-5	2.3529851925120003E-4	8.194475794817912E-6	1.4750056430672242E-4	2.7510025882602992E-5
36-37	8.955391404336717E-5	2.5988194663565376E-4	8.194475794817912E-6	1.4925652340561197E-4	3.0436624380752245E-5
38-39	9.189519284188658E-5	2.686617421301015E-4	8.194475794817912E-6	1.5042716280487165E-4	3.8631100175570154E-5
40-41	9.950434893707464E-5	2.8388005432047767E-4	8.194475794817912E-6	1.5276844160339107E-4	3.921641987520001E-5
42-43	1.0301626713485375E-4	2.926598498149254E-4	8.194475794817912E-6	1.60962917398209E-4	4.038705927445971E-5
44-45	1.1647862022634032E-4	2.990983665108538E-4	8.194475794817912E-6	1.6388951589635823E-4	4.097237897408956E-5
46-47	1.2584373542041792E-4	3.0553688320678215E-4	8.194475794817912E-6	1.679867537937672E-4	4.097237897408956E-5
48-49	1.3930608851190452E-4	3.1607263780011945E-4	8.194475794817912E-6	1.7325463109043584E-4	4.097237897408956E-5
50-51	1.5452440070228061E-4	3.242671135949374E-4	8.194475794817912E-6	1.8261974628451346E-4	4.097237897408956E-5
52-53	1.750105901893254E-4	3.470945818805015E-4	9.950434893707465E-6	1.8730230388155228E-4	4.214301837334926E-5
54-55	2.1305637066526572E-4	3.605569349719881E-4	1.1706393992597017E-5	1.8847294328081196E-4	4.331365777260896E-5
56-57	2.4290767534638813E-4	3.763605668619941E-4	1.1706393992597017E-5	1.9198486147859107E-4	4.741089567001792E-5
58-59	2.8036813612269853E-4	3.874816411549613E-4	1.1706393992597017E-5	2.1012977216711647E-4	5.092281386779702E-5
60-61	3.810431244590329E-4	3.933348381512598E-4	1.1706393992597017E-5	2.3061596165416124E-4	5.2678772966686574E-5
62-63	4.992777037842628E-4	4.2611274133053144E-4	1.1706393992597017E-5	2.4817555264305675E-4	5.384941236594628E-5
64-65	6.251214392046807E-4	4.366484959238687E-4	1.1706393992597017E-5	2.6339386483343284E-4	5.619069116446568E-5
66-67	7.802311596065911E-4	4.4952552931572546E-4	1.1706393992597017E-5	2.8270941492121796E-4	5.736133056372538E-5
68-69	9.517298315981375E-4	4.559640460116538E-4	1.1706393992597017E-5	2.932451695145553E-4	5.736133056372538E-5
70-71	0.001204587941838233	4.6474384150610156E-4	1.1706393992597017E-5	3.008543256097433E-4	6.0287929061874634E-5
72-73	0.001581533828399857	4.963511052861135E-4	1.1706393992597017E-5	3.125607196023403E-4	6.087324876150449E-5
74-75	0.0020140850864263167	5.109840977768599E-4	1.1706393992597017E-5	3.189992362982687E-4	6.087324876150449E-5
76-77	0.0024425391065553675	5.156666553738985E-4	1.1706393992597017E-5	3.277790317927165E-4	6.087324876150449E-5
78-79	0.002754514506458078	5.203492129709374E-4	1.1706393992597017E-5	3.3655882728716427E-4	6.32145275600239E-5
80-81	0.0030003487803026154	5.267877296668657E-4	1.1706393992597017E-5	3.5587437737494927E-4	6.848240485669255E-5
82-83	0.00353181906756652	5.390794433590926E-4	1.1706393992597017E-5	3.582156561734687E-4	7.02383639555821E-5
84-85	0.004067386592727833	5.572243540476181E-4	1.1706393992597017E-5	3.640688531697672E-4	7.02383639555821E-5
86-87	0.004289222758887547	5.642481904431763E-4	1.1706393992597017E-5	4.220155034331224E-4	7.25796427541015E-5
88-89	0.004292149357385696	5.718573465383642E-4	1.2291713692226868E-5	4.5420808691276426E-4	7.726220035114031E-5
>>END_MODULE
