##FastQC	0.11.8
>>Basic Statistics	pass
#Measure	Value
Filename	SRR3184281_1.gz
File type	Conventional base calls
Encoding	Sanger / Illumina 1.9
Total Sequences	83309526
Sequences flagged as poor quality	0
Sequence length	0-100
%GC	49
>>END_MODULE
>>Per base sequence quality	pass
#Base	Mean	Median	Lower Quartile	Upper Quartile	10th Percentile	90th Percentile
1	32.662397242173924	33.0	33.0	33.0	33.0	33.0
2	32.701560261934986	33.0	33.0	33.0	33.0	33.0
3	32.5963375588244	33.0	33.0	33.0	33.0	33.0
4	34.08304998637611	37.0	37.0	37.0	33.0	37.0
5	34.954683233142255	37.0	37.0	37.0	33.0	37.0
6	36.039579794070896	37.0	37.0	37.0	33.0	37.0
7	36.327090135379045	37.0	37.0	37.0	33.0	37.0
8	36.34452432410287	37.0	37.0	37.0	37.0	37.0
9	36.36249510952572	37.0	37.0	37.0	37.0	37.0
10-11	36.35952461757314	37.0	37.0	37.0	37.0	37.0
12-13	36.328936157688474	37.0	37.0	37.0	37.0	37.0
14-15	38.184110146958034	40.0	37.0	40.0	35.0	40.0
16-17	38.20391522541624	40.0	37.0	40.0	35.0	40.0
18-19	38.17632454296431	40.0	37.0	40.0	33.0	40.0
20-21	38.16660199419703	40.0	37.0	40.0	33.0	40.0
22-23	38.07832898158412	40.0	37.0	40.0	33.0	40.0
24-25	38.043888693811866	40.0	37.0	40.0	33.0	40.0
26-27	36.53191001576204	40.0	37.0	40.0	27.5	40.0
28-29	36.47203797532324	40.0	37.0	40.0	27.5	40.0
30-31	37.4304291391998	40.0	37.0	40.0	33.0	40.0
32-33	37.446916533269786	40.0	37.0	40.0	33.0	40.0
34-35	37.41738017912209	40.0	37.0	40.0	33.0	40.0
36-37	37.310524869145546	40.0	37.0	40.0	33.0	40.0
38-39	37.24209597679686	40.0	37.0	40.0	33.0	40.0
40-41	37.20600985213865	40.0	37.0	40.0	33.0	40.0
42-43	37.216900884890094	40.0	37.0	40.0	33.0	40.0
44-45	37.24183787606699	40.0	37.0	40.0	33.0	40.0
46-47	37.099771117896026	40.0	37.0	40.0	33.0	40.0
48-49	36.94218321612928	38.5	37.0	40.0	33.0	40.0
50-51	36.81708999718202	37.0	37.0	40.0	33.0	40.0
52-53	36.66115753207318	37.0	37.0	40.0	33.0	40.0
54-55	36.48525276525086	37.0	37.0	40.0	33.0	40.0
56-57	36.311914108805716	37.0	37.0	40.0	33.0	40.0
58-59	36.07689685133691	37.0	37.0	40.0	33.0	40.0
60-61	35.85918345634745	37.0	37.0	40.0	33.0	40.0
62-63	35.60991132295149	37.0	35.0	40.0	33.0	40.0
64-65	35.323956305967656	37.0	33.0	37.0	30.0	40.0
66-67	35.06402090944508	37.0	33.0	37.0	27.0	40.0
68-69	34.837597400286235	37.0	33.0	37.0	27.0	40.0
70-71	34.59077521087866	37.0	33.0	37.0	27.0	40.0
72-73	34.33124814122519	37.0	33.0	37.0	27.0	37.0
74-75	34.11821930396505	37.0	33.0	37.0	27.0	37.0
76-77	33.286016084611504	35.0	33.0	37.0	27.0	37.0
78-79	33.67268864662713	37.0	33.0	37.0	27.0	37.0
80-81	33.58528439229937	37.0	33.0	37.0	27.0	37.0
82-83	33.43760421643718	37.0	33.0	37.0	27.0	37.0
84-85	33.40626681541548	37.0	33.0	37.0	27.0	37.0
86-87	33.25634217131073	37.0	33.0	37.0	27.0	37.0
88-89	33.11611940193079	37.0	33.0	37.0	27.0	37.0
90-91	32.95706201047355	37.0	33.0	37.0	27.0	37.0
92-93	32.783424139677855	37.0	33.0	37.0	27.0	37.0
94-95	32.602655322638356	37.0	33.0	37.0	27.0	37.0
96-97	32.42918664287908	37.0	33.0	37.0	27.0	37.0
98-99	32.19487654331793	33.0	33.0	37.0	27.0	37.0
100	30.795925299356504	33.0	33.0	37.0	22.0	37.0
>>END_MODULE
>>Per sequence quality scores	pass
#Quality	Count
2	338.0
3	311.0
4	587.0
5	1160.0
6	2909.0
7	7764.0
8	19655.0
9	35633.0
10	51756.0
11	62783.0
12	73707.0
13	85037.0
14	94951.0
15	106433.0
16	118674.0
17	131014.0
18	144438.0
19	159160.0
20	177040.0
21	202062.0
22	239578.0
23	294686.0
24	371157.0
25	471015.0
26	599512.0
27	763251.0
28	963867.0
29	1223188.0
30	1552807.0
31	1996361.0
32	2609756.0
33	3501992.0
34	4868097.0
35	7525872.0
36	1.4393969E7
37	2.6554068E7
38	1.3814299E7
39	24651.0
>>END_MODULE
>>Per base sequence content	warn
#Base	G	A	T	C
1	29.7663705496923	13.070435731729052	11.712796853652794	45.45039686492585
2	21.273376124867085	18.69183606260163	32.55692560424279	27.477862208288496
3	24.279039686559123	21.301923670048375	23.47082739414094	30.948209249251562
4	26.512364753156564	28.239947788999352	19.967852086696624	25.279835371147456
5	31.232869497581827	28.85466428528145	20.274947492128327	19.637518725008395
6	25.29299287278089	33.28270606471084	20.31624530664472	21.108055755863557
7	21.911506272594185	19.762400524915243	36.689714504952434	21.636378697538134
8	22.37102379974369	22.403209806267633	28.1650468138797	27.060719580108977
9	22.899890615811213	20.88717180237952	30.832381670226063	25.3805559115832
10-11	25.764681981698	29.478472920147496	21.799464627378946	22.957380470775554
12-13	24.47748531580634	23.76859747585244	26.56917458995785	25.184742618383364
14-15	24.529577005518114	24.882052980272512	26.034011799520623	24.55435821468875
16-17	25.19317154855682	24.77176616561552	25.30970554175313	24.725356744074528
18-19	24.947704007132078	24.888074508990453	25.260939145366613	24.903282338510856
20-21	24.893680802274172	24.792703577953638	25.27587385727787	25.03774176249432
22-23	24.96955321415927	25.072048748993275	25.089708684090535	24.868689352756917
24-25	24.881615909271652	24.993588352312806	25.12497003330018	24.999825705115363
26-27	24.81436586455811	25.363843546458376	25.043754194107965	24.778036394875546
28-29	24.943158432386177	24.69229445762889	25.269077655870507	25.095469454114422
30-31	24.55848963032163	24.813391064025883	25.420057197559082	25.208062108093404
32-33	24.634160124723913	24.858503222749967	25.323017531045437	25.18431912148068
34-35	25.079308047113862	24.878522671793373	25.023231622839987	25.018937658252778
36-37	24.800118007284894	24.971423229259347	25.1442614349751	25.084197328480656
38-39	24.784110436764006	25.050544971148714	25.018520450807706	25.146824141279573
40-41	24.903549875961584	24.919664952857538	24.972781458364317	25.204003712816558
42-43	24.662796584799175	25.000675794493826	25.20659109825215	25.129936522454848
44-45	24.771156987229396	25.004996339965647	25.377953975710625	24.845892697094328
46-47	24.856888346098753	25.20084984850135	24.959872480875507	24.982389324524394
48-49	24.80047279356489	25.13244088547113	25.126558926561138	24.940527394402842
50-51	24.858657642647326	24.920988858253118	25.24334135195695	24.97701214714261
52-53	24.799645428391123	25.149899329455167	24.948113239259982	25.102342002893728
54-55	24.61053457086633	25.113094896348176	25.08830010332928	25.188070429456218
56-57	24.594721295527393	25.05777014771414	25.303406489568793	25.044102067189677
58-59	24.614494499686415	25.14943478856023	25.12198734929078	25.11408336246257
60-61	24.555305993153524	25.039808973943465	25.329422120075627	25.075462912827383
62-63	24.602309780598272	25.180390106597763	25.387850999638985	24.82944911316498
64-65	24.83058087113593	25.15330657403666	25.148373435003595	24.867739119823813
66-67	24.53112441541545	25.073802618624995	25.27205857547158	25.12301439048797
68-69	24.65401277583289	25.20449068108846	25.39083654533179	24.750659997746855
70-71	24.7588062804749	25.111703919637023	25.111696699754305	25.017793100133765
72-73	24.551840534283368	25.236810493118924	25.23690436047568	24.974444612122028
74-75	24.656628282428727	25.30592549078261	25.209152395575813	24.82829383121285
76-77	24.726735566579247	25.314709608368947	25.0705650701705	24.887989754881307
78-79	24.699814960378934	25.162192200733674	25.25081178640429	24.887181052483097
80-81	24.758441179011754	25.25090889851704	25.061897717936294	24.928752204534916
82-83	24.929436302138182	25.321368889458558	24.934274470495325	24.81492033790794
84-85	24.740830939575964	25.398253458139724	24.944129730689436	24.916785871594875
86-87	24.762689128802542	25.47478805264746	25.058322474760192	24.704200343789807
88-89	24.810825605794808	25.323022304798158	25.019777823102267	24.846374266304764
90-91	24.608613142502403	25.228064891655855	25.17176365321318	24.991558312628566
92-93	24.536256918245826	25.489678637541978	25.146212103203837	24.82785234100836
94-95	24.700312133732506	25.45530455067616	25.0433833293808	24.800999986210538
96-97	24.711154353420802	25.063421862020967	25.0786332645558	25.146790520002433
98-99	24.066275787828417	24.65129106608113	25.981489353431463	25.300943792658988
100	25.679440294299717	23.921471291993	24.867619121436498	25.53146929227078
>>END_MODULE
>>Per sequence GC content	pass
#GC Content	Count
0	765.0
1	673.0
2	574.5
3	586.0
4	606.0
5	622.5
6	669.5
7	733.5
8	836.0
9	941.0
10	1037.5
11	1139.5
12	1290.0
13	1577.5
14	1930.5
15	2447.0
16	3207.5
17	4525.5
18	6760.0
19	10307.5
20	16031.0
21	24663.0
22	37196.0
23	55120.5
24	79151.0
25	110807.0
26	151535.0
27	201220.5
28	260482.5
29	326518.5
30	399154.5
31	494303.0
32	622259.5
33	761306.0
34	908172.5
35	1086032.0
36	1297977.0
37	1529721.0
38	1743851.5
39	1946003.0
40	2161972.5
41	2342724.0
42	2571874.5
43	2787916.0
44	2882032.5
45	2956335.0
46	3041154.0
47	3103614.0
48	3143536.0
49	3179134.0
50	3185478.0
51	3107303.0
52	2992733.0
53	2948998.0
54	2898282.0
55	2816853.0
56	2619625.0
57	2403425.5
58	2250500.5
59	2122787.5
60	2017958.0
61	1867045.0
62	1710492.0
63	1560973.0
64	1413223.0
65	1247689.5
66	1099331.5
67	971628.5
68	834520.5
69	695784.0
70	572404.5
71	466652.0
72	382647.0
73	315122.0
74	264648.5
75	220006.5
76	173948.5
77	134219.0
78	102465.5
79	75944.5
80	52169.5
81	33277.5
82	21034.5
83	13753.5
84	9165.0
85	7050.0
86	5938.5
87	5282.0
88	4627.5
89	4047.0
90	3594.5
91	3203.0
92	2965.0
93	2689.5
94	2390.0
95	2176.0
96	2090.0
97	2018.0
98	1974.0
99	1963.5
100	1961.0
>>END_MODULE
>>Per base N content	warn
#Base	N-Count
1	0.08623972710049878
2	0.0
3	0.0
4	7.111640713403264
5	0.0
6	0.0
7	0.0
8	0.0
9	0.0
10-11	0.0
12-13	0.0
14-15	0.0
16-17	0.0
18-19	2.4036398221681496E-6
20-21	0.0
22-23	0.0
24-25	0.0
26-27	2.481322650344903
28-29	0.0
30-31	0.0
32-33	0.0
34-35	0.0
36-37	0.0
38-39	0.0
40-41	0.0
42-43	0.0
44-45	0.0
46-47	0.0
48-49	0.0
50-51	0.0
52-53	0.0
54-55	0.0
56-57	0.0
58-59	0.0
60-61	0.0
62-63	0.0
64-65	0.0
66-67	0.0
68-69	0.0
70-71	0.0
72-73	0.0
74-75	0.0
76-77	0.0
78-79	8.0057024678872E-5
80-81	0.0017446992643877109
82-83	0.006585954986415784
84-85	0.011222433726336566
86-87	6.182364644567843E-4
88-89	0.0
90-91	0.0
92-93	0.0
94-95	0.0
96-97	0.0
98-99	0.0
100	0.0
>>END_MODULE
>>Sequence Length Distribution	fail
#Length	Count
0-1	66580.0
2-3	3125.0
4-5	2728.0
6-7	2163.0
8-9	4541.0
10-11	4752.0
12-13	5774.0
14-15	5956.0
16-17	5303.0
18-19	5380.0
20-21	5333.0
22-23	4520.0
24-25	4006.0
26-27	3616.0
28-29	3757.0
30-31	3182.0
32-33	3174.0
34-35	3114.0
36-37	4248.0
38-39	3216.0
40-41	2911.0
42-43	3058.0
44-45	2844.0
46-47	2907.0
48-49	3216.0
50-51	3352.0
52-53	3452.0
54-55	3460.0
56-57	3658.0
58-59	4059.0
60-61	4398.0
62-63	4919.0
64-65	5164.0
66-67	5592.0
68-69	6428.0
70-71	7602.0
72-73	8534.0
74-75	9654.0
76-77	10879.0
78-79	13393.0
80-81	17325.0
82-83	23348.0
84-85	28906.0
86-87	33314.0
88-89	43669.0
90-91	59211.0
92-93	77806.0
94-95	191324.0
96-97	2034488.0
98-99	0.0
100-101	8.0546187E7
>>END_MODULE
>>Sequence Duplication Levels	fail
#Total Deduplicated Percentage	33.94822887541086
#Duplication Level	Percentage of deduplicated	Percentage of total
1	69.36182295022303	23.54711040729897
2	14.624436841951848	9.929474581691442
3	5.687974551546216	5.792899857402101
4	2.91542576741832	3.9589416488634988
5	1.719112255846965	2.9180408162008318
6	1.0941968337637704	2.228762672841742
7	0.7835971184111794	1.86212140253546
8	0.5672134251456357	1.540471294243981
9	0.42141227757794525	1.2875580405111833
>10	2.4350329209911883	15.18770297992991
>50	0.20318556990155304	4.7979680686771635
>100	0.15471163613032607	10.593902378380204
>500	0.018408686670779634	4.31858902730713
>1k	0.012304826684063802	7.96576568861825
>5k	8.029915427826105E-4	1.8668239976176844
>10k+	3.613461942521747E-4	2.2038671378805237
>>END_MODULE
>>Overrepresented sequences	pass
>>END_MODULE
>>Adapter Content	pass
#Position	Illumina Universal Adapter	Illumina Small RNA 3' Adapter	Illumina Small RNA 5' Adapter	Nextera Transposase Sequence	SOLID Small RNA Adapter
1	0.0	8.40240046498404E-6	0.0	3.601028770707446E-6	0.0
2	0.0	5.281508863704254E-5	0.0	2.2806515547813822E-5	0.0
3	0.0	5.641611740774998E-5	0.0	2.4006858471382974E-5	1.2003429235691487E-6
4	7.202057541414892E-6	5.7616460331319136E-5	0.0	3.240925893636701E-5	1.2003429235691487E-6
5	7.202057541414892E-6	6.241783202559573E-5	0.0	3.480994478350531E-5	1.2003429235691487E-6
6	7.202057541414892E-6	6.601886079630318E-5	0.0	3.721063063064361E-5	1.2003429235691487E-6
7	8.40240046498404E-6	8.522434757340956E-5	0.0	4.081165940135105E-5	1.2003429235691487E-6
8	9.60274338855319E-6	9.842811973267019E-5	0.0	4.5613031095627645E-5	1.2003429235691487E-6
9	9.60274338855319E-6	1.0563017727408508E-4	0.0	4.9214059866335095E-5	1.2003429235691487E-6
10-11	1.3203772159260636E-5	1.1703343504799199E-4	0.0	5.341526009882711E-5	1.2003429235691487E-6
12-13	1.9805658238890953E-5	1.302372072072526E-4	1.2003429235691487E-6	6.061731764024201E-5	3.601028770707446E-6
14-15	2.760788724209042E-5	1.608459517582659E-4	1.2003429235691487E-6	6.661903225808774E-5	3.601028770707446E-6
16-17	3.240925893636701E-5	1.7645040976466483E-4	1.2003429235691487E-6	7.382108979950264E-5	4.801371694276595E-6
18-19	3.9611316477781905E-5	1.794512670735877E-4	2.4006858471382974E-6	8.282366172627126E-5	7.802229003199466E-6
20-21	4.5012859633843074E-5	1.8905401046214092E-4	2.4006858471382974E-6	8.64246904969787E-5	9.60274338855319E-6
22-23	5.281508863704254E-5	1.9745641092712494E-4	2.4006858471382974E-6	9.302657657660901E-5	1.0803086312122337E-5
24-25	6.721920371987232E-5	2.1186052600995474E-4	2.4006858471382974E-6	9.542726242374732E-5	1.2003429235691487E-5
26-27	7.142040395236435E-5	2.2146326939850793E-4	2.4006858471382974E-6	9.722777680910104E-5	1.260360069747606E-5
28-29	7.382108979950264E-5	2.2686481255456908E-4	2.4006858471382974E-6	1.0142897704159306E-4	1.5004286544614358E-5
30-31	7.922263295556381E-5	2.3946841325204514E-4	2.4006858471382974E-6	1.0563017727408509E-4	1.800514385353723E-5
32-33	8.702486195876328E-5	2.5567304272022866E-4	3.0008573089228717E-6	1.0923120604479253E-4	2.2806515547813822E-5
34-35	9.122606219125529E-5	2.8388110142410364E-4	3.601028770707446E-6	1.1343240627728454E-4	2.400685847138297E-5
36-37	9.842811973267019E-5	3.3009430398151586E-4	3.601028770707446E-6	1.1403257773906912E-4	2.640754431852127E-5
38-39	1.0563017727408509E-4	3.5410116245289885E-4	3.601028770707446E-6	1.2003429235691486E-4	2.640754431852127E-5
40-41	1.0923120604479253E-4	3.679051060739441E-4	3.601028770707446E-6	1.260360069747606E-4	2.7007715780305843E-5
42-43	1.1403257773906912E-4	3.763075065389281E-4	3.601028770707446E-6	1.2963703574546805E-4	3.0008573089228716E-5
44-45	1.2003429235691486E-4	3.8891110723640414E-4	3.601028770707446E-6	1.3683909328688295E-4	3.240925893636701E-5
46-47	1.2243497820405315E-4	4.1771933740206374E-4	3.601028770707446E-6	1.3863960767223667E-4	3.240925893636701E-5
48-49	1.260360069747606E-4	4.4112602441166216E-4	3.601028770707446E-6	1.428408079047287E-4	3.240925893636701E-5
50-51	1.3503857890152923E-4	4.5492996803270735E-4	3.601028770707446E-6	1.4824235106078985E-4	3.360960185993616E-5
52-53	1.4584166521365157E-4	4.933409415869201E-4	3.601028770707446E-6	1.5484423714042016E-4	3.360960185993616E-5
54-55	1.5064303690792816E-4	5.269505434468563E-4	3.601028770707446E-6	1.6024578029648134E-4	3.420977332172073E-5
56-57	1.614461232200505E-4	5.431551729150397E-4	3.601028770707446E-6	1.7104886660860368E-4	3.5410116245289885E-5
58-59	1.6924835222324996E-4	5.833666608546062E-4	3.601028770707446E-6	1.800514385353723E-4	3.781080209242818E-5
60-61	1.7825092415001858E-4	6.031723190934972E-4	3.601028770707446E-6	1.938553821564175E-4	3.841097355421276E-5
62-63	1.8845383900035632E-4	6.415832926477099E-4	3.601028770707446E-6	1.9565589654177123E-4	3.9611316477781905E-5
64-65	1.9505572507998666E-4	6.685910084280157E-4	3.601028770707446E-6	2.0945984016281644E-4	3.9611316477781905E-5
66-67	2.05858811392109E-4	6.901971810522605E-4	4.201200232492021E-6	2.1546155478066218E-4	3.9611316477781905E-5
68-69	2.124606974717393E-4	7.034009532115211E-4	4.801371694276595E-6	2.244641267074308E-4	3.9611316477781905E-5
70-71	2.1966275501315418E-4	7.400114123803801E-4	4.801371694276595E-6	2.38268070328476E-4	4.081165940135105E-5
72-73	2.310660127870611E-4	7.862246149377924E-4	4.801371694276595E-6	2.490711566405983E-4	4.20120023249202E-5
74-75	2.4667047079346004E-4	8.23435245568436E-4	4.801371694276595E-6	2.562732141820132E-4	4.20120023249202E-5
76-77	2.592740714909361E-4	8.510431328105264E-4	4.801371694276595E-6	2.6767647195592015E-4	4.321234524848935E-5
78-79	2.826807585005345E-4	8.55844504504803E-4	4.801371694276595E-6	2.748785294973351E-4	4.44126881720585E-5
80-81	2.976850450451488E-4	8.726493054347711E-4	4.801371694276595E-6	2.8748213019481113E-4	4.68133740191968E-5
82-83	3.2889396105794674E-4	8.816518773615397E-4	6.001714617845743E-6	2.9588453065979513E-4	4.68133740191968E-5
84-85	3.571020197618217E-4	8.978565068297232E-4	6.001714617845743E-6	3.102886457426249E-4	4.68133740191968E-5
86-87	3.721063063064361E-4	9.296655943043056E-4	6.001714617845743E-6	3.943126503924653E-4	4.68133740191968E-5
88-89	3.7270647776822065E-4	9.416690235399971E-4	6.601886079630318E-6	4.2912259517597067E-4	4.7413545480981377E-5
>>END_MODULE
