##FastQC	0.11.8
>>Basic Statistics	pass
#Measure	Value
Filename	forward.gz
File type	Conventional base calls
Encoding	Sanger / Illumina 1.9
Total Sequences	92701616
Sequences flagged as poor quality	0
Sequence length	100
%GC	50
>>END_MODULE
>>Per base sequence quality	pass
#Base	Mean	Median	Lower Quartile	Upper Quartile	10th Percentile	90th Percentile
1	32.61699908230295	33.0	33.0	33.0	33.0	33.0
2	32.67223337293279	33.0	33.0	33.0	33.0	33.0
3	32.299340499091194	33.0	33.0	33.0	33.0	33.0
4	36.40220274045708	37.0	37.0	37.0	37.0	37.0
5	36.44707281046751	37.0	37.0	37.0	37.0	37.0
6	36.4346485070983	37.0	37.0	37.0	37.0	37.0
7	36.41125715650955	37.0	37.0	37.0	37.0	37.0
8	36.394186008580476	37.0	37.0	37.0	37.0	37.0
9	36.390189422372096	37.0	37.0	37.0	37.0	37.0
10-11	36.39660899223159	37.0	37.0	37.0	37.0	37.0
12-13	36.35897934077007	37.0	37.0	37.0	37.0	37.0
14-15	38.34740330200932	40.0	37.0	40.0	37.0	40.0
16-17	38.33405926278567	40.0	37.0	40.0	37.0	40.0
18-19	38.290344285907594	40.0	37.0	40.0	37.0	40.0
20-21	38.237606931253495	40.0	37.0	40.0	35.0	40.0
22-23	38.178222340805796	40.0	37.0	40.0	33.0	40.0
24-25	38.116913592962604	40.0	37.0	40.0	33.0	40.0
26-27	37.973057179499435	40.0	37.0	40.0	33.0	40.0
28-29	37.86276070419312	40.0	37.0	40.0	33.0	40.0
30-31	37.65620647864434	40.0	37.0	40.0	33.0	40.0
32-33	37.59879911370693	40.0	37.0	40.0	33.0	40.0
34-35	37.52451442701927	40.0	37.0	40.0	33.0	40.0
36-37	37.55475282113744	40.0	37.0	40.0	33.0	40.0
38-39	37.64870653926896	40.0	37.0	40.0	33.0	40.0
40-41	37.59260774914647	40.0	37.0	40.0	33.0	40.0
42-43	37.47942364348859	40.0	37.0	40.0	33.0	40.0
44-45	37.35139308143236	40.0	37.0	40.0	33.0	40.0
46-47	37.1916626620619	40.0	37.0	40.0	33.0	40.0
48-49	37.03310071207389	40.0	37.0	40.0	33.0	40.0
50-51	36.86824519865975	37.0	37.0	40.0	33.0	40.0
52-53	36.6938035093153	37.0	37.0	40.0	33.0	40.0
54-55	36.495159879413535	37.0	37.0	40.0	33.0	40.0
56-57	36.23337402230399	37.0	37.0	40.0	33.0	40.0
58-59	36.05309938717789	37.0	37.0	40.0	33.0	40.0
60-61	35.819215994034025	37.0	37.0	40.0	33.0	40.0
62-63	35.56672762856691	37.0	35.0	40.0	33.0	40.0
64-65	35.31467544211959	37.0	33.0	38.5	30.0	40.0
66-67	35.050075880014866	37.0	33.0	37.0	27.0	40.0
68-69	34.78689855848899	37.0	33.0	37.0	27.0	40.0
70-71	34.517461340695505	37.0	33.0	37.0	27.0	40.0
72-73	34.257903983033046	37.0	33.0	37.0	27.0	38.5
74-75	33.99573454037738	37.0	33.0	37.0	27.0	37.0
76-77	33.0329140109057	35.0	33.0	37.0	27.0	37.0
78-79	33.459115556302706	37.0	33.0	37.0	27.0	37.0
80-81	33.38391567521326	37.0	33.0	37.0	27.0	37.0
82-83	33.24532096614152	37.0	33.0	37.0	27.0	37.0
84-85	33.03810343500376	37.0	33.0	37.0	27.0	37.0
86-87	32.88862032890559	37.0	33.0	37.0	27.0	37.0
88-89	32.74317182345559	37.0	33.0	37.0	27.0	37.0
90-91	32.5690418115257	37.0	33.0	37.0	27.0	37.0
92-93	32.37082309331048	35.0	33.0	37.0	27.0	37.0
94-95	32.15145538023846	33.0	33.0	37.0	24.5	37.0
96-97	31.899790355326708	33.0	33.0	37.0	22.0	37.0
98-99	31.59856837339276	33.0	33.0	37.0	22.0	37.0
100	29.219210148396982	33.0	27.0	37.0	15.0	37.0
>>END_MODULE
>>Per sequence quality scores	pass
#Quality	Count
2	291.0
3	206.0
4	462.0
5	1096.0
6	3026.0
7	8527.0
8	21884.0
9	42559.0
10	62959.0
11	76733.0
12	92195.0
13	107347.0
14	122694.0
15	141658.0
16	160512.0
17	182077.0
18	197663.0
19	213222.0
20	235829.0
21	264059.0
22	304446.0
23	363194.0
24	439545.0
25	546875.0
26	683104.0
27	849159.0
28	1062100.0
29	1329369.0
30	1676493.0
31	2134613.0
32	2764816.0
33	3671729.0
34	5051247.0
35	7602593.0
36	1.4104124E7
37	2.927707E7
38	1.8875892E7
39	30248.0
>>END_MODULE
>>Per base sequence content	warn
#Base	G	A	T	C
1	29.876786469702683	12.902056272918006	14.298921236484889	42.922236020894424
2	22.362204700626425	19.63861314931753	30.970252272447247	27.028929877608803
3	24.77952711821678	21.22846718863891	23.397251398771772	30.59475429437254
4	27.304286691183467	26.434569382264062	20.04084804735227	26.220295879200208
5	31.385424823662188	27.55109145022887	21.139475065893134	19.924008660215804
6	26.01961760839207	32.066765696943186	20.362753978312526	21.550862716352214
7	21.961051897951812	18.95262537818111	37.23051494593147	21.855807777935606
8	22.98504699206107	22.25373611609964	27.888411351966074	26.872805539873223
9	22.699022851985664	20.88349570950306	30.700683793904954	25.716797644606327
10-11	25.74967840905816	29.108228275114428	21.9060992421103	23.235994073717116
12-13	24.670936696508075	23.7732279661662	26.384157639711482	25.171677697614246
14-15	24.92792196848003	24.837254185514954	25.80244340077092	24.432380445234095
16-17	25.560662286620765	24.65559769745546	24.9915713443442	24.792168671579574
18-19	25.23188214971355	24.78550535731761	24.949646508859132	25.032965984109705
20-21	25.177482482546004	24.8187120281353	24.96138214465922	25.042423344659476
22-23	25.355206179900325	24.907812782476483	24.84081318340937	24.89616785421383
24-25	25.16955510519681	24.953310092276258	24.905326902169463	24.97180790035747
26-27	25.177216743592012	24.974910395889133	24.848494076565434	24.99937878395342
28-29	25.38382314051379	24.65988591460893	24.736167757163667	25.22012318771361
30-31	25.070286410112836	24.728380220200627	24.90634101532069	25.294992354365846
32-33	25.08913881872965	24.84987276192614	24.93972772243651	25.121260696907704
34-35	25.388172126177423	24.66481135748245	24.805867821167567	25.14114869517256
36-37	25.13188781930305	24.810349367556146	24.793225051026678	25.264537762114124
38-39	25.121184343771446	24.92921040602258	24.72830615593932	25.22129909426665
40-41	25.384489316603105	24.68068929790305	24.76204936517578	25.172772020318064
42-43	25.03629142144783	24.775444967263326	24.97022287636386	25.218040734924983
44-45	25.122112223041	24.9199937661669	24.952168319016828	25.00572569177527
46-47	25.19619271064085	24.850436628857896	24.80561660578915	25.147754054712102
48-49	25.05222315578552	24.740562218600324	24.973427390803167	25.23378723481099
50-51	25.131411293285748	24.676849225497076	25.012353672387622	25.179385808829558
52-53	25.21805940591325	24.748702672530833	24.776514567037992	25.256723354517923
54-55	24.943256787148442	24.772062359582073	24.940215308329766	25.34446554493972
56-57	25.004611570093882	24.755477293944907	24.999184480236032	25.240726655725183
58-59	25.188229189014354	24.75519952100943	24.85450900877499	25.202062281201226
60-61	25.011737120095077	24.80980752266498	24.975019852944094	25.203435504295847
62-63	24.96137985339975	24.979319130747406	24.98288379352524	25.076417222327603
64-65	25.091044799046436	24.9077270670233	24.79846144213926	25.202766691791005
66-67	24.936756886778717	25.01521238650094	24.857874209942803	25.190156516777535
68-69	25.066450297910663	25.17284110775372	24.9013366714125	24.859371922923113
70-71	25.185532903762976	24.96178491645712	24.785501581763146	25.06718059801676
72-73	24.96120455979969	25.036909820428587	24.88622636308735	25.11565925668437
74-75	24.994909473854264	25.132248503629107	24.85667995259112	25.016162069925514
76-77	25.142599461538012	24.976099345687597	24.78452464550253	25.09677654727186
78-79	24.89046965067912	25.002655761805514	24.97252745770714	25.13434712980822
80-81	24.970209915570862	25.107953561478336	24.9182662237501	25.003570299200707
82-83	25.078879823023513	24.902111804428376	24.8098319756979	25.209176396850214
84-85	24.937336925745253	24.928831852743	24.961657712044943	25.172173509466806
86-87	24.92146852614116	25.141403096457417	24.96690495244748	24.97022342495394
88-89	25.096770045309196	25.04236645034191	24.74660508671186	25.114258417637036
90-91	24.905943926586996	25.060668845298228	24.843220640296064	25.19016658781871
92-93	24.932796748656465	25.20365610454946	24.805687314016186	25.05785983277789
94-95	25.113212697392463	25.09659486410679	24.717570187773212	25.072622250727537
96-97	24.96334286136131	25.08647343682534	24.79138410453784	25.15879959727551
98-99	25.02027689104959	25.136026796002675	24.799430080960423	25.04426623198731
100	24.59836129254212	25.269962444444594	24.422778558790323	25.70889770422296
>>END_MODULE
>>Per sequence GC content	pass
#GC Content	Count
0	57.0
1	46.0
2	33.0
3	34.5
4	48.5
5	63.5
6	76.0
7	91.5
8	134.0
9	228.5
10	314.0
11	370.5
12	512.5
13	726.5
14	992.5
15	1485.0
16	2306.0
17	3673.5
18	6133.0
19	10094.0
20	16500.5
21	27416.5
22	44703.0
23	66619.5
24	97152.5
25	138881.0
26	191801.0
27	261254.0
28	340437.0
29	430637.0
30	532898.0
31	653155.5
32	784056.5
33	918835.5
34	1080341.5
35	1275593.0
36	1472793.5
37	1677480.5
38	1864223.5
39	2054954.5
40	2250329.0
41	2398640.5
42	2609510.5
43	2834360.5
44	2900528.0
45	2977171.0
46	3083585.5
47	3083123.5
48	3089544.0
49	3121783.0
50	3168591.5
51	3175956.0
52	3142626.0
53	3128329.0
54	3070435.0
55	3021726.5
56	2932961.0
57	2777757.5
58	2667196.0
59	2579899.0
60	2470416.5
61	2329232.0
62	2197080.0
63	2049176.0
64	1865294.5
65	1657654.0
66	1441851.0
67	1256393.5
68	1079889.0
69	905525.5
70	741891.0
71	594969.0
72	483427.5
73	393522.5
74	321773.0
75	255200.5
76	195554.0
77	152427.5
78	114394.0
79	78807.5
80	51792.5
81	33219.5
82	20537.0
83	13089.0
84	8125.0
85	5433.0
86	3859.0
87	2835.5
88	2043.5
89	1465.0
90	1094.5
91	801.0
92	569.0
93	408.5
94	271.0
95	164.5
96	110.0
97	78.0
98	35.0
99	13.5
100	9.5
>>END_MODULE
>>Per base N content	pass
#Base	N-Count
1	0.13231700297436025
2	1.5102217851304772E-5
3	6.96859480853063E-4
4	0.0
5	0.0
6	0.0
7	0.0
8	0.0
9	0.0
10-11	0.0
12-13	0.0
14-15	0.0
16-17	0.0
18-19	0.0
20-21	2.6968246163044233E-6
22-23	3.3979990165435735E-4
24-25	0.001557146533454174
26-27	4.0182686782935914E-4
28-29	1.0787298465217693E-6
30-31	1.9956502160652734E-5
32-33	5.393649232608847E-7
34-35	9.277076680087217E-5
36-37	1.1434536373130754E-4
38-39	5.296563546421888E-4
40-41	0.001454667198034606
42-43	0.0018106480473867898
44-45	0.0011078555523778573
46-47	9.282470329319825E-4
48-49	0.0019816267280604906
50-51	0.004837024631803613
52-53	2.9341451825392126E-4
54-55	5.393649232608847E-7
56-57	0.0
58-59	0.0
60-61	0.0
62-63	0.0
64-65	0.0
66-67	2.2113961853696273E-5
68-69	0.0
70-71	0.0
72-73	0.0
74-75	0.0
76-77	1.9309264252739673E-4
78-79	0.01763291807124484
80-81	0.04079055105145093
82-83	0.02734526224440359
84-85	0.02333885959442174
86-87	0.009025193260924384
88-89	2.3192691700218042E-5
90-91	0.0
92-93	0.0
94-95	0.0
96-97	2.9125705856087775E-5
98-99	3.0204435702609545E-5
100	1.9417137237391848E-5
>>END_MODULE
>>Sequence Length Distribution	pass
#Length	Count
100	9.2701616E7
>>END_MODULE
>>Sequence Duplication Levels	fail
#Total Deduplicated Percentage	33.00024231665932
#Duplication Level	Percentage of deduplicated	Percentage of total
1	67.0885966557677	22.13939946324954
2	14.149023298259394	9.338423947732366
3	5.977878558871958	5.918143229470105
4	3.2677111760169146	4.313410425176559
5	2.053461805335763	3.3882368582042446
6	1.3640619390064006	2.700862471328603
7	0.9963428579906463	2.3015689020914953
8	0.7114637185208009	1.8782780088558344
9	0.5664847038818414	1.6824719247103586
>10	3.346066304422081	20.556915763759896
>50	0.2839720791468101	6.490665640609048
>100	0.17240660331198218	10.788401166702219
>500	0.014657258673584484	3.3049466145594333
>1k	0.007582274968111549	4.3674849358082914
>5k	2.515614450755364E-4	0.568506806080226
>10k+	3.9204381050732945E-5	0.2622838416616806
>>END_MODULE
>>Overrepresented sequences	pass
>>END_MODULE
>>Adapter Content	pass
#Position	Illumina Universal Adapter	Illumina Small RNA 3' Adapter	Illumina Small RNA 5' Adapter	Nextera Transposase Sequence	SOLID Small RNA Adapter
1	3.344062524217485E-5	3.020443570260954E-5	0.0	4.314919386087077E-6	1.0787298465217693E-6
2	4.6385383400436084E-5	1.661243963643525E-4	0.0	4.314919386087077E-5	1.0787298465217693E-6
3	9.708568618695925E-5	1.9309264252739673E-4	0.0	5.28577624795667E-5	1.0787298465217693E-6
4	3.214614942634873E-4	1.9956502160652732E-4	0.0	6.256633109826263E-5	2.1574596930435387E-6
5	4.077598819852288E-4	2.0603740068565794E-4	0.0	6.256633109826263E-5	5.393649232608847E-6
6	6.030099842056691E-4	2.114310499182668E-4	0.0	6.580252063782793E-5	5.393649232608847E-6
7	7.011744002391501E-4	2.912570585608777E-4	0.0	6.68812504843497E-5	5.393649232608847E-6
8	8.489603892126325E-4	3.484297404265315E-4	0.0	6.68812504843497E-5	5.393649232608847E-6
9	0.0010345019228143767	3.9913004321305464E-4	0.0	7.227489971695855E-5	6.472379079130616E-6
10-11	0.0015598433580704786	4.336493983017513E-4	0.0	7.44323594100021E-5	7.011744002391501E-6
12-13	0.0022556241090770195	4.58460184771752E-4	0.0	8.09047384891327E-5	7.551108925652385E-6
14-15	0.003018286110567911	5.210265158700146E-4	5.393649232608847E-7	8.737711756826331E-5	7.551108925652385E-6
16-17	0.0037647671643609754	5.74963008196103E-4	3.236189539565308E-6	9.277076680087217E-5	9.16920369543504E-6
18-19	0.004504775839074909	5.857503066613208E-4	3.236189539565308E-6	1.019399704963072E-4	1.0247933541956809E-5
20-21	0.0052534143525610165	6.003131595893646E-4	3.236189539565308E-6	1.1056980926848136E-4	1.1326663388478578E-5
22-23	0.00593786844017908	6.164941072871913E-4	3.236189539565308E-6	1.1596345850109022E-4	1.1866028311739463E-5
24-25	0.0066104564994854025	6.294388654454525E-4	3.236189539565308E-6	1.3268377112217764E-4	1.1866028311739463E-5
26-27	0.007266324246170639	6.434623534502355E-4	3.236189539565308E-6	1.4832535389674328E-4	1.1866028311739463E-5
28-29	0.007911944059313917	6.607220309945837E-4	3.7755544628261926E-6	1.5479773297587393E-4	1.1866028311739463E-5
30-31	0.0085230445173685	6.68812504843497E-4	4.314919386087077E-6	1.6396693667130896E-4	1.1866028311739463E-5
32-33	0.009168124965588519	6.930839263902368E-4	4.314919386087077E-6	1.661243963643525E-4	1.2405393235000347E-5
34-35	0.009774371139333753	7.292213762487162E-4	4.314919386087077E-6	1.661243963643525E-4	1.3484123081522117E-5
36-37	0.010445880468793554	7.642800962606736E-4	4.314919386087077E-6	1.6774249113413515E-4	1.510221785130477E-5
38-39	0.01113303138102792	7.907089775004569E-4	4.314919386087077E-6	1.7367550529000486E-4	1.618094769782654E-5
40-41	0.011822879117878594	8.036537356587182E-4	4.314919386087077E-6	1.8122661421565725E-4	1.618094769782654E-5
42-43	0.01250355765103383	8.112048445843706E-4	4.314919386087077E-6	1.9201391268087493E-4	1.618094769782654E-5
44-45	0.013149177464177108	8.209134132030665E-4	4.314919386087077E-6	2.0334057606935353E-4	1.833840739087008E-5
46-47	0.013836867741334736	8.360156310543713E-4	4.314919386087077E-6	2.1089168499500592E-4	1.833840739087008E-5
48-49	0.014597911648055843	8.629838772174156E-4	4.314919386087077E-6	2.259939028463107E-4	1.8877772314130965E-5
50-51	0.015416667601565867	8.942670427665468E-4	4.854284309347962E-6	2.3732056623478927E-4	1.9417137237391848E-5
52-53	0.016341678444958284	0.001010769866190898	5.393649232608847E-6	2.4864722962326783E-4	2.0495867083913617E-5
54-55	0.01735946005515157	0.0011768942625552505	5.393649232608847E-6	2.5511960870239843E-4	2.1574596930435387E-5
56-57	0.01841283975028008	0.0012896215315167754	5.393649232608847E-6	2.6644627209087705E-4	2.1574596930435387E-5
58-59	0.019627489557463594	0.001478399254658085	5.393649232608847E-6	2.783123004026165E-4	2.3732056623478925E-5
60-61	0.0211069675419682	0.0015684731968426528	5.393649232608847E-6	3.4303609119392265E-4	2.5889516316522464E-5
62-63	0.023000138422613906	0.0017372944178233097	5.393649232608847E-6	3.845671902850108E-4	2.6428881239783347E-5
64-65	0.025241739043686144	0.0018225140756985294	5.393649232608847E-6	4.336493983017513E-4	2.6968246163044233E-5
66-67	0.02782044274179643	0.0018629664449430958	5.393649232608847E-6	4.6277510415783905E-4	2.6968246163044233E-5
68-69	0.030858145989601737	0.0018780686627944004	5.393649232608847E-6	4.897433503208834E-4	2.6968246163044233E-5
70-71	0.03471029027153097	0.0019147454775761408	6.472379079130616E-6	5.199477860234928E-4	2.8046976009566002E-5
72-73	0.04009261284075134	0.0020042800548374477	6.472379079130616E-6	5.593214254215374E-4	2.8046976009566002E-5
74-75	0.047451168488799586	0.0020614527367031014	6.472379079130616E-6	5.84671576814799E-4	2.9125705856087772E-5
76-77	0.056462877626642455	0.0021213222431850595	6.472379079130616E-6	6.046280789754517E-4	3.020443570260954E-5
78-79	0.06765739660892212	0.0021348063662665817	6.472379079130616E-6	6.116398229778432E-4	3.236189539565308E-5
80-81	0.08283404681963688	0.002155302233350495	7.011744002391501E-6	6.240452162128436E-4	3.451935508869662E-5
82-83	0.10523333271773817	0.0021774161952041915	7.551108925652385E-6	6.369899743711048E-4	3.559808493521839E-5
84-85	0.1380644755966282	0.0022637145829259332	7.551108925652385E-6	6.623401257643663E-4	3.775554462826193E-5
86-87	0.18057991567266746	0.0023597215392663707	7.551108925652385E-6	7.448629590232818E-4	3.775554462826193E-5
88-89	0.23285030975080306	0.0023920834346620235	8.09047384891327E-6	7.901696125771961E-4	3.991300432130546E-5
>>END_MODULE
