##FastQC	0.11.8
>>Basic Statistics	pass
#Measure	Value
Filename	SRR3184289_1.gz
File type	Conventional base calls
Encoding	Sanger / Illumina 1.9
Total Sequences	80547454
Sequences flagged as poor quality	0
Sequence length	0-100
%GC	49
>>END_MODULE
>>Per base sequence quality	pass
#Base	Mean	Median	Lower Quartile	Upper Quartile	10th Percentile	90th Percentile
1	32.66270718343212	33.0	33.0	33.0	33.0	33.0
2	32.70261288689538	33.0	33.0	33.0	33.0	33.0
3	32.59687648894473	33.0	33.0	33.0	33.0	33.0
4	34.07163045662626	37.0	37.0	37.0	33.0	37.0
5	34.94713546352782	37.0	37.0	37.0	33.0	37.0
6	36.03588447795044	37.0	37.0	37.0	33.0	37.0
7	36.327781330781825	37.0	37.0	37.0	33.0	37.0
8	36.34355198059727	37.0	37.0	37.0	37.0	37.0
9	36.361642821597876	37.0	37.0	37.0	37.0	37.0
10-11	36.35901144561258	37.0	37.0	37.0	37.0	37.0
12-13	36.32929478478932	37.0	37.0	37.0	37.0	37.0
14-15	38.18827079033717	40.0	37.0	40.0	35.0	40.0
16-17	38.20677409166777	40.0	37.0	40.0	35.0	40.0
18-19	38.17973450847343	40.0	37.0	40.0	33.0	40.0
20-21	38.171724947451715	40.0	37.0	40.0	33.0	40.0
22-23	38.08294955592926	40.0	37.0	40.0	33.0	40.0
24-25	38.047767442874544	40.0	37.0	40.0	33.0	40.0
26-27	36.532818712023506	40.0	37.0	40.0	27.5	40.0
28-29	36.47573006018154	40.0	37.0	40.0	27.5	40.0
30-31	37.43768205544713	40.0	37.0	40.0	33.0	40.0
32-33	37.45343620482552	40.0	37.0	40.0	33.0	40.0
34-35	37.4229031833514	40.0	37.0	40.0	33.0	40.0
36-37	37.3190425197933	40.0	37.0	40.0	33.0	40.0
38-39	37.24940382523613	40.0	37.0	40.0	33.0	40.0
40-41	37.211571489942465	40.0	37.0	40.0	33.0	40.0
42-43	37.21791351470259	40.0	37.0	40.0	33.0	40.0
44-45	37.24209548465056	40.0	37.0	40.0	33.0	40.0
46-47	37.10576579295293	40.0	37.0	40.0	33.0	40.0
48-49	36.95052409936328	38.5	37.0	40.0	33.0	40.0
50-51	36.827878415176485	37.0	37.0	40.0	33.0	40.0
52-53	36.66654912137422	37.0	37.0	40.0	33.0	40.0
54-55	36.49289639812005	37.0	37.0	40.0	33.0	40.0
56-57	36.32030239057143	37.0	37.0	40.0	33.0	40.0
58-59	36.08866707274082	37.0	37.0	40.0	33.0	40.0
60-61	35.87691253379138	37.0	37.0	40.0	33.0	40.0
62-63	35.64157675491019	37.0	35.0	40.0	33.0	40.0
64-65	35.36608755819305	37.0	33.0	38.5	30.0	40.0
66-67	35.11342447899157	37.0	33.0	37.0	27.0	40.0
68-69	34.88633046022348	37.0	33.0	37.0	27.0	40.0
70-71	34.64377084596208	37.0	33.0	37.0	27.0	40.0
72-73	34.3880913290825	37.0	33.0	37.0	27.0	38.5
74-75	34.173658400361376	37.0	33.0	37.0	27.0	37.0
76-77	33.33796492078952	35.0	33.0	37.0	27.0	37.0
78-79	33.7133371151578	37.0	33.0	37.0	27.0	37.0
80-81	33.61190991301912	37.0	33.0	37.0	27.0	37.0
82-83	33.45533656933193	37.0	33.0	37.0	27.0	37.0
84-85	33.41576354977782	37.0	33.0	37.0	27.0	37.0
86-87	33.25826622622722	37.0	33.0	37.0	27.0	37.0
88-89	33.10967982909954	37.0	33.0	37.0	27.0	37.0
90-91	32.94353826143632	37.0	33.0	37.0	27.0	37.0
92-93	32.76593424818836	37.0	33.0	37.0	27.0	37.0
94-95	32.58056011583314	37.0	33.0	37.0	27.0	37.0
96-97	32.40221378991255	37.0	33.0	37.0	27.0	37.0
98-99	32.171917353114594	33.0	33.0	37.0	27.0	37.0
100	30.792596042029952	33.0	33.0	37.0	22.0	37.0
>>END_MODULE
>>Per sequence quality scores	pass
#Quality	Count
2	329.0
3	291.0
4	537.0
5	1183.0
6	2840.0
7	7726.0
8	19174.0
9	34963.0
10	51821.0
11	63076.0
12	74653.0
13	84771.0
14	95186.0
15	105690.0
16	117547.0
17	130365.0
18	143850.0
19	157430.0
20	174809.0
21	198786.0
22	235312.0
23	288031.0
24	361236.0
25	460723.0
26	582343.0
27	738533.0
28	932805.0
29	1182251.0
30	1498395.0
31	1921188.0
32	2507024.0
33	3355303.0
34	4657117.0
35	7179769.0
36	1.3688739E7
37	2.5203457E7
38	1.4216385E7
39	37626.0
>>END_MODULE
>>Per base sequence content	warn
#Base	G	A	T	C
1	28.196012603868354	12.904233946533134	12.713067569081165	46.186685880517345
2	20.94682971278433	18.836170359330296	32.819545839847066	27.397454088038316
3	24.39190317133118	21.211452633733632	23.314663612140794	31.081980582794394
4	26.556860645490726	27.99684736911511	19.84976806072267	25.596523924671498
5	31.46435304241269	28.63756541052791	20.314407265574523	19.583674281484882
6	25.568229944545457	33.182424188650316	20.417496750807736	20.83184911599649
7	22.153654336918642	19.71813278950385	36.632048540403495	21.496164333174015
8	22.695985309524573	22.364497105131704	28.086004207752087	26.853513377591632
9	22.91927168670643	20.90880904011621	30.562268187894855	25.609651085282508
10-11	25.877104950325364	29.353665543734976	21.758542683357003	23.01068682258266
12-13	24.475698443272094	23.88757920268261	26.530223821142805	25.106498532902492
14-15	24.735248367599212	24.82264892866569	26.018257195216155	24.423845508518948
16-17	25.43723511917516	24.739873854579354	25.145091264186643	24.67779976205884
18-19	25.19992589320984	24.86477775452785	25.014962736013548	24.92033361624876
20-21	25.006027348860123	24.803267221363782	25.17923759159902	25.011467838177083
22-23	25.1105988279839	24.967649726693807	25.12733950061097	24.794411944711324
24-25	25.08362555754929	24.988799549317328	25.140756928743958	24.786817964389428
26-27	25.010103614234552	25.37102122768825	25.000491534068935	24.61838362400826
28-29	25.06308656434575	24.773640543438948	25.088508752209336	25.074764140005968
30-31	24.824666689036672	24.81440068358495	25.16811112205718	25.192821505321195
32-33	24.915315810746314	24.929607236878866	25.2024924286953	24.952584523679523
34-35	25.168464489530436	24.878114340627913	24.999113821588104	24.954307348253547
36-37	24.92898381564149	24.89093820465504	25.12324156760722	25.05683641209625
38-39	24.88361084978322	24.99990318503338	25.08426056740955	25.03222539777385
40-41	25.00988377633851	24.910890294406084	25.06660822009803	25.012617709157375
42-43	24.8908706475403	24.917805091998158	25.214236286499837	24.97708797396171
44-45	24.885929383653156	24.97638726911538	25.304329275754718	24.833354071476748
46-47	24.991237898126826	25.083893764363278	24.95496971279821	24.969898624711682
48-49	24.84467006383973	25.125850558733536	25.092368829919927	24.937110547506812
50-51	24.936071294870953	24.992327150231628	25.208587018609464	24.863014536287952
52-53	24.965377590890412	25.04851750840025	25.054640119104583	24.93146478160476
54-55	24.7314878459022	24.98438797688893	25.168474017179378	25.115650160029496
56-57	24.790600955427795	24.994149211098005	25.25662384669379	24.958625986780415
58-59	24.93260124141446	24.999893350982884	25.111244252752872	24.956261154849784
60-61	24.77024244995715	24.992530128523082	25.25184782225961	24.98537959926016
62-63	24.68601322815651	25.089285062370838	25.282105446646597	24.942596262826058
64-65	24.828851377422264	25.030639794409126	25.178306527362942	24.962202300805668
66-67	24.737318576451695	24.994749008842764	25.245184339770404	25.02274807493514
68-69	24.866022433087355	25.09540785264553	25.27279656479976	24.76577314946736
70-71	24.950840448894276	25.074927307281392	25.112374708519773	24.86185753530456
72-73	24.734898349480538	25.188708610015233	25.13622514093613	24.940167899568102
74-75	24.728997484734077	25.25060663419479	25.178006158051545	24.842389723019593
76-77	24.83601808356272	25.186490287659595	25.0722906405351	24.90520098824258
78-79	24.80754935521835	25.100776598919722	25.222093145690106	24.869580900171826
80-81	24.78819638810186	25.14014408445898	25.15598438879401	24.915675138645145
82-83	24.8595529185478	25.173387367244583	25.045777965905398	24.92128174830222
84-85	24.71545615052525	25.258210720167114	25.140850166200785	24.88548296310685
86-87	24.762057966007962	25.349241035739396	25.175721503645903	24.712979494606742
88-89	24.834832311640834	25.213655189595308	25.108520365239713	24.84299213352415
90-91	24.709448157902536	25.19389273984475	25.140348415437767	24.956310686814945
92-93	24.638360089173894	25.32135139572126	25.181473629193206	24.858814885911638
94-95	24.80301775835048	25.29641066543615	25.089159305060477	24.811412271152893
96-97	24.769652798240855	24.966254501035653	25.255627869474317	25.008464831249178
98-99	24.110844235691197	24.621938636706055	25.808835528867785	25.458381598734963
100	25.47990846425286	23.76065155236834	25.078095465309968	25.681344518068833
>>END_MODULE
>>Per sequence GC content	pass
#GC Content	Count
0	573.0
1	520.5
2	451.0
3	435.5
4	449.0
5	515.0
6	577.5
7	627.5
8	742.0
9	892.5
10	1026.5
11	1159.5
12	1359.0
13	1711.5
14	2201.5
15	2942.0
16	4211.5
17	6411.0
18	10200.5
19	16047.0
20	25400.0
21	39447.5
22	60889.5
23	91428.5
24	132776.5
25	186212.5
26	252665.0
27	329738.5
28	414817.5
29	509660.5
30	608221.5
31	713197.5
32	828314.0
33	940815.0
34	1055607.5
35	1204514.5
36	1366692.5
37	1535350.5
38	1695741.0
39	1839023.0
40	1974379.0
41	2086458.5
42	2217091.0
43	2359032.0
44	2464713.5
45	2543103.5
46	2592221.5
47	2624755.0
48	2633115.0
49	2621133.5
50	2622616.0
51	2598098.5
52	2603935.5
53	2615620.0
54	2583853.0
55	2581406.0
56	2526581.0
57	2414215.0
58	2323731.0
59	2234450.0
60	2151222.5
61	2059459.0
62	1938694.5
63	1784792.0
64	1612419.5
65	1418193.0
66	1219585.5
67	1066116.0
68	923843.0
69	775376.0
70	641573.5
71	522451.5
72	419069.0
73	340213.0
74	281256.5
75	225039.0
76	174754.0
77	137534.5
78	106804.0
79	77966.5
80	52954.0
81	33875.5
82	21430.5
83	13877.5
84	9167.5
85	6937.5
86	5739.5
87	5020.5
88	4422.5
89	3939.5
90	3539.0
91	3189.0
92	2978.0
93	2698.5
94	2374.5
95	2108.0
96	1987.5
97	1916.0
98	1880.0
99	1871.0
100	1868.0
>>END_MODULE
>>Per base N content	warn
#Base	N-Count
1	0.08606746007614537
2	0.0
3	0.0
4	7.145355477390988
5	0.0
6	0.0
7	0.0
8	0.0
9	0.0
10-11	0.0
12-13	0.0
14-15	0.0
16-17	0.0
18-19	1.242610235759508E-6
20-21	0.0
22-23	0.0
24-25	0.0
26-27	2.490295496805759
28-29	0.0
30-31	0.0
32-33	0.0
34-35	0.0
36-37	0.0
38-39	0.0
40-41	0.0
42-43	0.0
44-45	0.0
46-47	0.0
48-49	0.0
50-51	0.0
52-53	0.0
54-55	0.0
56-57	0.0
58-59	0.0
60-61	0.0
62-63	0.0
64-65	0.0
66-67	0.0
68-69	0.0
70-71	0.0
72-73	0.0
74-75	0.0
76-77	0.0
78-79	9.08667422545189E-5
80-81	0.001798941171859909
82-83	0.006667994911329957
84-85	0.0114362886191927
86-87	5.911757973301355E-4
88-89	0.0
90-91	0.0
92-93	0.0
94-95	0.0
96-97	0.0
98-99	0.0
100	0.0
>>END_MODULE
>>Sequence Length Distribution	fail
#Length	Count
0-1	36736.0
2-3	2799.0
4-5	2526.0
6-7	2076.0
8-9	4372.0
10-11	4654.0
12-13	5780.0
14-15	5936.0
16-17	5391.0
18-19	5152.0
20-21	5170.0
22-23	4651.0
24-25	4219.0
26-27	3736.0
28-29	3494.0
30-31	3115.0
32-33	3095.0
34-35	3285.0
36-37	3558.0
38-39	3355.0
40-41	3117.0
42-43	2969.0
44-45	3044.0
46-47	2988.0
48-49	3085.0
50-51	3284.0
52-53	3370.0
54-55	3585.0
56-57	3980.0
58-59	4155.0
60-61	4546.0
62-63	4808.0
64-65	5206.0
66-67	5603.0
68-69	6182.0
70-71	7208.0
72-73	8131.0
74-75	8778.0
76-77	10075.0
78-79	11719.0
80-81	15028.0
82-83	19366.0
84-85	23739.0
86-87	27602.0
88-89	35800.0
90-91	49205.0
92-93	64481.0
94-95	172677.0
96-97	2024935.0
98-99	0.0
100-101	7.7895688E7
>>END_MODULE
>>Sequence Duplication Levels	pass
#Total Deduplicated Percentage	70.72673786406521
#Duplication Level	Percentage of deduplicated	Percentage of total
1	88.45519456872275	62.56147358976938
2	6.545460568517533	9.258781476582296
3	2.025993349581058	4.298757016504768
4	0.9539585017499834	2.698814915458699
5	0.5507158139760393	1.9475166506339316
6	0.32933295045282707	1.3975587154005769
7	0.21668903022846164	1.0727995767290837
8	0.16205253283513957	0.9169157608030989
9	0.1181415737124263	0.7520191303326222
>10	0.5831947168985407	7.3163491537347465
>50	0.03465382828724224	1.6819742160191886
>100	0.02147754985368569	2.8992431447558022
>500	0.0018565997962251926	0.902926106682044
>1k	0.0011690252015116314	1.58720066322523
>5k	8.292481872618995E-5	0.3724188865867577
>10k+	2.646536767857126E-5	0.33525099678204934
>>END_MODULE
>>Overrepresented sequences	pass
>>END_MODULE
>>Adapter Content	pass
#Position	Illumina Universal Adapter	Illumina Small RNA 3' Adapter	Illumina Small RNA 5' Adapter	Nextera Transposase Sequence	SOLID Small RNA Adapter
1	0.0	1.1173537527331403E-5	0.0	2.4830083394069786E-6	0.0
2	0.0	4.3452645939622127E-5	0.0	1.986406671525583E-5	2.4830083394069786E-6
3	0.0	4.593565427902911E-5	0.0	2.6071587563773275E-5	2.4830083394069786E-6
4	2.4830083394069786E-6	4.7177158448732595E-5	0.0	3.227910841229072E-5	4.966016678813957E-6
5	2.4830083394069786E-6	4.9660166788139576E-5	0.0	3.600362092140119E-5	4.966016678813957E-6
6	4.966016678813957E-6	4.9660166788139576E-5	0.0	3.724512509110468E-5	7.449025018220936E-6
7	7.449025018220936E-6	7.573175435191285E-5	0.0	3.848662926080817E-5	8.690529187924426E-6
8	7.449025018220936E-6	8.06977710307268E-5	0.0	4.221114176991864E-5	8.690529187924426E-6
9	9.932033357627915E-6	9.435431689746519E-5	0.0	4.3452645939622127E-5	1.1173537527331403E-5
10-11	1.1173537527331405E-5	1.1235612735816578E-4	1.862256254555234E-6	4.593565427902911E-5	1.1794289612183149E-5
12-13	1.5518802121293617E-5	1.2477116905520067E-4	2.4830083394069786E-6	4.9039414703287826E-5	1.3656545866738383E-5
14-15	1.9243314630404086E-5	1.471182441098635E-4	2.4830083394069786E-6	5.214317512754656E-5	1.4898050036441872E-5
16-17	2.2967827139514554E-5	1.738105837584885E-4	2.4830083394069786E-6	5.648843972150876E-5	1.5518802121293617E-5
18-19	3.1037604242587234E-5	1.8374261711611643E-4	3.724512509110468E-6	6.269596057002621E-5	1.862256254555234E-5
20-21	3.4762116751697696E-5	1.9429540255859609E-4	3.724512509110468E-6	6.331671265487796E-5	1.9243314630404086E-5
22-23	3.9107381345659915E-5	1.998821713222618E-4	3.724512509110468E-6	6.766197724884017E-5	1.986406671525583E-5
24-25	5.090167095784306E-5	2.116764609344449E-4	3.724512509110468E-6	7.51110022670611E-5	2.0484818800107573E-5
26-27	5.586768763665702E-5	2.1974623803751761E-4	4.966016678813957E-6	7.945626686102332E-5	2.110557088495932E-5
28-29	6.145445640032272E-5	2.2905751931029378E-4	4.966016678813957E-6	8.318077937013378E-5	2.1726322969811063E-5
30-31	7.262799392765412E-5	2.365065443285147E-4	4.966016678813957E-6	9.373356481261345E-5	2.3588579224366297E-5
32-33	7.759401060646809E-5	2.433348172618839E-4	4.966016678813957E-6	9.559582106716868E-5	2.7313091733476766E-5
34-35	8.442228353983727E-5	2.7188941316506416E-4	4.966016678813957E-6	9.869958149142741E-5	2.8554595903180253E-5
36-37	9.31128127277617E-5	3.0913453825616883E-4	4.966016678813957E-6	1.0118258983083438E-4	3.724512509110468E-5
38-39	9.932033357627914E-5	3.283778528865729E-4	4.966016678813957E-6	1.0614860650964833E-4	3.848662926080817E-5
40-41	1.042863502550931E-4	3.364476299896456E-4	4.966016678813957E-6	1.1732214403697974E-4	4.03488855153634E-5
42-43	1.1049387110361055E-4	3.482419196018287E-4	4.966016678813957E-6	1.2042590446123846E-4	4.159038968506689E-5
44-45	1.1794289612183149E-4	3.625192175534189E-4	4.966016678813957E-6	1.2290891280064545E-4	4.3452645939622127E-5
46-47	1.2290891280064545E-4	3.8300403635352647E-4	4.966016678813957E-6	1.2911643364916289E-4	4.407339802447387E-5
48-49	1.278749294794594E-4	4.041096072384858E-4	4.966016678813957E-6	1.3780696283708732E-4	4.4694150109325614E-5
50-51	1.3284094615827335E-4	4.1776615310522416E-4	4.966016678813957E-6	1.4401448368560476E-4	4.7177158448732595E-5
52-53	1.365654586673838E-4	4.4135473232959045E-4	4.966016678813957E-6	1.5642952538263966E-4	5.214317512754655E-5
54-55	1.4277297951590127E-4	4.705300803176225E-4	4.966016678813957E-6	1.6201629414630536E-4	5.214317512754655E-5
56-57	1.4835974827956698E-4	4.922564032874336E-4	4.966016678813957E-6	1.694653191645263E-4	5.400543138210179E-5
58-59	1.5829178163719488E-4	5.307430325482416E-4	7.449025018220936E-6	1.7567284001304375E-4	5.462618346695353E-5
60-61	1.669823108251193E-4	5.41916570075573E-4	8.06977710307268E-6	1.8995013796463387E-4	5.462618346695353E-5
62-63	1.7318983167363678E-4	5.872314722697504E-4	8.690529187924426E-6	1.9553690672829955E-4	5.648843972150876E-5
64-65	1.862256254555234E-4	6.108200514941167E-4	9.311281272776171E-6	2.054689400859275E-4	5.897144806091574E-5
66-67	1.9429540255859609E-4	6.350293828033348E-4	9.932033357627915E-6	2.1478022135870367E-4	6.207520848517447E-5
68-69	2.0422743591622398E-4	6.49306680754925E-4	9.932033357627915E-6	2.2905751931029378E-4	6.269596057002621E-5
70-71	2.1602172552840715E-4	6.846895495914744E-4	9.932033357627915E-6	2.4333481726188393E-4	6.331671265487796E-5
72-73	2.2595375888603505E-4	7.287629476159483E-4	9.932033357627915E-6	2.538876027043636E-4	6.39374647397297E-5
74-75	2.3712729641336646E-4	7.585590476888321E-4	9.932033357627915E-6	2.607158756377328E-4	6.517896890943319E-5
76-77	2.538876027043636E-4	7.759401060646808E-4	9.932033357627915E-6	2.669233964862502E-4	6.579972099428493E-5
78-79	2.669233964862502E-4	7.840098831677536E-4	9.932033357627915E-6	2.762346777590264E-4	6.579972099428493E-5
80-81	2.787176860984333E-4	7.95183420695085E-4	9.932033357627915E-6	3.029270174076514E-4	6.828272933369192E-5
82-83	3.016855132379479E-4	8.063569582224163E-4	9.932033357627915E-6	3.134798028501311E-4	6.890348141854366E-5
84-85	3.190665716137968E-4	8.287040332770792E-4	1.0552785442479658E-5	3.3148161331083165E-4	6.95242335033954E-5
86-87	3.3024010914112814E-4	8.560171250105559E-4	1.1173537527331403E-5	4.382509719053317E-4	6.95242335033954E-5
88-89	3.308608612259799E-4	8.65328406283332E-4	1.1794289612183149E-5	4.7735835325099166E-4	7.014498558824715E-5
>>END_MODULE
