##FastQC	0.11.8
>>Basic Statistics	pass
#Measure	Value
Filename	SRR3184283_2.gz
File type	Conventional base calls
Encoding	Sanger / Illumina 1.9
Total Sequences	107311236
Sequences flagged as poor quality	0
Sequence length	0-100
%GC	49
>>END_MODULE
>>Per base sequence quality	pass
#Base	Mean	Median	Lower Quartile	Upper Quartile	10th Percentile	90th Percentile
1	32.089578806899965	33.0	33.0	33.0	33.0	33.0
2	32.112517023464875	33.0	33.0	33.0	33.0	33.0
3	32.13516768511248	33.0	33.0	33.0	33.0	33.0
4	35.95560897375712	37.0	37.0	37.0	33.0	37.0
5	35.94430530178572	37.0	37.0	37.0	33.0	37.0
6	35.92555480564968	37.0	37.0	37.0	33.0	37.0
7	35.822782302619125	37.0	37.0	37.0	33.0	37.0
8	35.86000472706194	37.0	37.0	37.0	33.0	37.0
9	35.84471243661335	37.0	37.0	37.0	33.0	37.0
10-11	35.8501494831922	37.0	37.0	37.0	33.0	37.0
12-13	35.80044937071878	37.0	37.0	37.0	33.0	37.0
14-15	37.793306054067514	40.0	37.0	40.0	33.0	40.0
16-17	37.63784956531818	40.0	37.0	40.0	33.0	40.0
18-19	37.6891583639661	40.0	37.0	40.0	33.0	40.0
20-21	37.69226233933958	40.0	37.0	40.0	33.0	40.0
22-23	37.645435229299665	40.0	37.0	40.0	33.0	40.0
24-25	37.60457529170654	40.0	37.0	40.0	33.0	40.0
26-27	37.49929767263001	40.0	37.0	40.0	33.0	40.0
28-29	37.4255808985769	40.0	37.0	40.0	33.0	40.0
30-31	37.333224402227216	40.0	37.0	40.0	33.0	40.0
32-33	37.221629720335244	40.0	37.0	40.0	33.0	40.0
34-35	37.12255738755384	40.0	37.0	40.0	33.0	40.0
36-37	37.003045842519214	40.0	37.0	40.0	33.0	40.0
38-39	36.89412072117456	40.0	37.0	40.0	33.0	40.0
40-41	36.78451010534589	40.0	37.0	40.0	33.0	40.0
42-43	36.642423921352105	40.0	37.0	40.0	33.0	40.0
44-45	36.45328548691253	38.5	37.0	40.0	33.0	40.0
46-47	36.31417424000283	37.0	37.0	40.0	33.0	40.0
48-49	36.13977218645163	37.0	37.0	40.0	33.0	40.0
50-51	35.46215997506953	37.0	35.0	38.5	30.0	40.0
52-53	35.48142692641588	37.0	35.0	40.0	30.0	40.0
54-55	36.03986689544253	37.0	37.0	40.0	33.0	40.0
56-57	36.04995477108832	37.0	37.0	40.0	33.0	40.0
58-59	35.89052496428771	37.0	37.0	40.0	33.0	40.0
60-61	35.6814424821388	37.0	37.0	40.0	33.0	40.0
62-63	35.44696952867788	37.0	37.0	40.0	33.0	40.0
64-65	35.21172326280147	37.0	35.0	40.0	30.0	40.0
66-67	34.97625293493095	37.0	33.0	37.0	27.0	40.0
68-69	34.72799543747698	37.0	33.0	37.0	27.0	40.0
70-71	34.50365702567217	37.0	33.0	37.0	27.0	40.0
72-73	34.29296108320272	37.0	33.0	37.0	27.0	38.5
74-75	34.07787740743251	37.0	33.0	37.0	27.0	37.0
76-77	33.879706288497744	37.0	33.0	37.0	27.0	37.0
78-79	33.68010733272607	37.0	33.0	37.0	27.0	37.0
80-81	33.50961600112021	37.0	33.0	37.0	27.0	37.0
82-83	33.35224348145695	37.0	33.0	37.0	27.0	37.0
84-85	33.2216643140045	37.0	33.0	37.0	27.0	37.0
86-87	33.08665801184004	37.0	33.0	37.0	27.0	37.0
88-89	32.96333620527142	37.0	33.0	37.0	27.0	37.0
90-91	32.82822945866379	37.0	33.0	37.0	27.0	37.0
92-93	32.67592375155732	37.0	33.0	37.0	27.0	37.0
94-95	32.52544615043651	37.0	33.0	37.0	27.0	37.0
96-97	32.3549046849702	37.0	33.0	37.0	27.0	37.0
98-99	32.16633462777132	37.0	33.0	37.0	22.0	37.0
100	31.030792115070927	33.0	33.0	37.0	22.0	37.0
>>END_MODULE
>>Per sequence quality scores	pass
#Quality	Count
2	778957.0
3	155131.0
4	121629.0
5	117418.0
6	119822.0
7	125350.0
8	129986.0
9	137449.0
10	147318.0
11	150432.0
12	151001.0
13	152622.0
14	156004.0
15	162592.0
16	170942.0
17	178660.0
18	187035.0
19	197463.0
20	214761.0
21	246996.0
22	291433.0
23	352251.0
24	430800.0
25	526459.0
26	645649.0
27	796351.0
28	990579.0
29	1248515.0
30	1608756.0
31	2119000.0
32	2845831.0
33	3932282.0
34	5545138.0
35	8336777.0
36	1.5217607E7
37	3.2979301E7
38	2.5570608E7
39	71946.0
>>END_MODULE
>>Per base sequence content	warn
#Base	G	A	T	C
1	33.04407491838826	10.716107358052728	11.40860862244024	44.831209101118766
2	24.060008962386455	17.273534054906584	32.18651887699851	26.47993810570845
3	27.98026119445337	20.254930559191173	21.724675637205255	30.040132609150206
4	30.511801537643883	26.64787487947799	18.098573123186064	24.74175045969206
5	31.209368662070432	28.92579893884365	20.041226642944924	19.823605756140996
6	25.295057249443932	32.98174043860146	20.48468220199805	21.238520109956553
7	22.35791315118455	19.331304047198568	36.60605868682976	21.704724114787115
8	22.42005534265407	22.24516374322803	28.294699590982674	27.040081323135222
9	23.19541215718216	20.83951743105675	30.677156417383266	25.287913994377824
10-11	26.018282460712143	29.467154298118714	21.754959127930036	22.759604113239103
12-13	24.73109938533201	23.641069393651538	26.667690205326426	24.96014101569003
14-15	24.711951918637496	24.90902628076535	26.164317890162597	24.214703910434555
16-17	25.563729478087467	24.768565348558152	25.23769902699519	24.430006146359194
18-19	25.179559542261785	24.832457528229117	25.214285778545097	24.773697150964
20-21	25.06490080337162	24.781116928308634	25.374572884801267	24.77940938351848
22-23	25.205723718859335	25.09865569904261	25.107387011794437	24.58823357030362
24-25	25.051968079101133	25.022843613770746	25.145151449271065	24.780036857857056
26-27	24.829636158695347	25.102796341151933	25.4381637365084	24.629403763644316
28-29	25.040935832840155	24.737541386349637	25.273626767686867	24.947896013123337
30-31	24.658085059423545	24.8940549736663	25.474725447450464	24.973134519459688
32-33	24.745889673469694	24.999536509449115	25.395609701862547	24.85896411521864
34-35	25.20538432192429	24.999095017830562	25.065758967802076	24.729761692443073
36-37	24.900813301618285	25.019460969828945	25.260866016899637	24.818859711653133
38-39	24.87863938559625	25.133041083006596	25.135417561946195	24.85290196945096
40-41	24.99386773847115	25.004773060340508	25.064218350398725	24.937140850789614
42-43	24.83770152515729	24.995759264968363	25.308847980007272	24.857691229867072
44-45	24.951696899972934	25.06972225136247	25.397652534143443	24.58092831452115
46-47	25.036761625870884	25.17681759732765	25.01857355628746	24.767847220514
48-49	24.922833024040727	25.1612880506226	25.176745956630686	24.739132968705984
50-51	24.920179660877555	25.084366228895522	25.270769165669055	24.724684944557872
52-53	24.945162789113034	25.263451092701	24.914946861799482	24.876439256386487
54-55	24.706221532425257	25.243183595437312	25.127421755510472	24.923173116626955
56-57	24.715675650076754	25.216461339495922	25.383356315399595	24.68450669502773
58-59	24.68054156217671	25.242095218294835	25.259090592904105	24.818272626624346
60-61	24.675545520521094	25.030674108761534	25.40526080075565	24.888519569961726
62-63	24.568150277745957	25.253029367913715	25.51598682376091	24.662833530579416
64-65	24.872785752732163	25.15439084286415	25.262300781678338	24.710522622725353
66-67	24.578293225036006	25.03452330100365	25.424053791109046	24.9631296828513
68-69	24.72886449224749	25.238972469930033	25.518664652768468	24.513498385054007
70-71	24.796791256538715	25.18287463939445	25.26212183310002	24.758212270966816
72-73	24.578397941462534	25.29373917835481	25.342135229384517	24.78572765079814
74-75	24.706707681578266	25.358222731472672	25.33363844674274	24.601431140206316
76-77	24.825993791063905	25.429179591058638	25.082688412942233	24.66213820493522
78-79	24.752073249634638	25.176208146499345	25.373393283789774	24.698325320076243
80-81	24.761433191019215	25.333066536865477	25.219277276812512	24.6862229953028
82-83	25.05269861974763	25.32115015325721	25.04101861107647	24.585132615918692
84-85	24.880102672325368	25.429616092191942	24.956597201948195	24.7336840335345
86-87	24.841777053680293	25.627027920779483	25.063265675409486	24.467929350130742
88-89	24.915460623857367	25.455750806507886	25.05246332321184	24.576325246422908
90-91	24.776510647364862	25.307872797372188	25.19540456413415	24.720211991128796
92-93	24.644844314743878	25.678468533678096	25.11050510236758	24.566182049210447
94-95	24.901981427746346	25.56547136519652	25.037064740358666	24.49548246669847
96-97	24.88955970315639	25.081806159339337	25.166876595770464	24.86175754173381
98-99	24.239901233660987	24.857185561367746	25.91432629147656	24.988586913494714
100	26.083769612050794	23.974946200941872	24.85333745702908	25.08794672997825
>>END_MODULE
>>Per sequence GC content	warn
#GC Content	Count
0	602.0
1	603.5
2	626.0
3	685.5
4	768.5
5	876.5
6	1005.0
7	1157.0
8	1340.5
9	1527.0
10	1705.5
11	1880.5
12	2141.0
13	2544.5
14	3067.0
15	3758.5
16	4724.5
17	6555.0
18	9587.0
19	14120.0
20	21300.0
21	32307.5
22	48933.0
23	71963.5
24	103606.5
25	146187.0
26	200767.0
27	265567.5
28	349756.0
29	440087.0
30	529666.5
31	651622.5
32	833852.0
33	1029804.5
34	1212043.0
35	1437534.5
36	1715352.0
37	1999331.0
38	2331790.5
39	2631105.0
40	2789886.5
41	2973161.0
42	3317107.0
43	3617300.0
44	3796343.5
45	3947313.5
46	4005180.0
47	4024324.0
48	4024993.5
49	3991707.5
50	3983435.0
51	3794219.0
52	3565564.0
53	3524366.0
54	3481342.5
55	3441600.5
56	3232879.5
57	2972004.0
58	2776898.5
59	2621089.0
60	2531720.5
61	2381274.5
62	2202830.5
63	2033820.0
64	1870720.5
65	1681681.0
66	1492643.0
67	1320292.5
68	1160487.5
69	990393.0
70	813561.5
71	671294.5
72	572654.5
73	479816.0
74	406555.0
75	353571.0
76	288187.0
77	225583.0
78	177105.5
79	131453.0
80	89238.0
81	59386.5
82	39176.0
83	26011.0
84	17377.5
85	13307.5
86	10933.0
87	9298.5
88	8035.5
89	7090.0
90	6066.5
91	5139.0
92	4648.5
93	4099.5
94	3524.5
95	3078.5
96	2796.5
97	2527.0
98	2329.5
99	2200.0
100	2093.5
>>END_MODULE
>>Per base N content	pass
#Base	N-Count
1	0.0
2	0.0
3	0.0
4	0.0
5	0.0
6	0.0
7	0.0
8	0.0
9	0.0
10-11	0.0
12-13	0.0
14-15	0.0
16-17	0.0
18-19	0.0
20-21	0.0
22-23	7.752715326773221E-4
24-25	6.219272469879444E-4
26-27	2.331167751535413E-6
28-29	0.0
30-31	0.0
32-33	0.0
34-35	0.0
36-37	0.0
38-39	2.005270288680063E-5
40-41	0.0
42-43	0.0
44-45	0.0
46-47	9.384052876731314E-4
48-49	0.00192071555768361
50-51	0.0
52-53	0.0
54-55	0.0
56-57	1.1195744094622847E-5
58-59	1.6794306584517192E-5
60-61	5.742972129995398E-4
62-63	0.0
64-65	1.9689427370984047E-4
66-67	9.336651009539972E-4
68-69	3.975655122519869E-4
70-71	0.0
72-73	0.0
74-75	0.0
76-77	0.0
78-79	0.0
80-81	0.0
82-83	0.0
84-85	9.342272704957435E-7
86-87	1.8690352252302858E-6
88-89	1.8697377545557388E-6
90-91	6.725169939502421E-4
92-93	1.600545668137891E-4
94-95	0.011958458951882295
96-97	0.010140282579951308
98-99	0.003960013074151752
100	0.005852719432318538
>>END_MODULE
>>Sequence Length Distribution	fail
#Length	Count
0-1	532.0
2-3	3543.0
4-5	3324.0
6-7	2514.0
8-9	5384.0
10-11	6093.0
12-13	7337.0
14-15	7608.0
16-17	6887.0
18-19	6958.0
20-21	6927.0
22-23	5641.0
24-25	4904.0
26-27	4557.0
28-29	4230.0
30-31	3925.0
32-33	4007.0
34-35	3825.0
36-37	4654.0
38-39	3820.0
40-41	3489.0
42-43	3552.0
44-45	3538.0
46-47	3377.0
48-49	3887.0
50-51	3938.0
52-53	4005.0
54-55	4132.0
56-57	4389.0
58-59	4555.0
60-61	4942.0
62-63	5237.0
64-65	5676.0
66-67	6097.0
68-69	6715.0
70-71	8008.0
72-73	9135.0
74-75	10389.0
76-77	12340.0
78-79	14915.0
80-81	18802.0
82-83	25391.0
84-85	31961.0
86-87	37759.0
88-89	50303.0
90-91	68915.0
92-93	90744.0
94-95	227892.0
96-97	2588806.0
98-99	0.0
100-101	1.03951677E8
>>END_MODULE
>>Sequence Duplication Levels	fail
#Total Deduplicated Percentage	31.24257730962332
#Duplication Level	Percentage of deduplicated	Percentage of total
1	70.15211735631061	21.917329499383023
2	13.351820404626846	8.342905624315208
3	5.5397695934272395	5.1923003940045325
4	2.8763922152405073	3.5946362462980095
5	1.7422735143745507	2.7216557483678008
6	1.2411574615434877	2.3266174767412955
7	0.8142559767227265	1.7807618711807842
8	0.6169573105874763	1.5420269178213213
9	0.48609510109820586	1.3668177398300876
>10	2.757394078615779	15.87996963902081
>50	0.22990690265810027	4.948329206341595
>100	0.15613978691692787	9.69963335046924
>500	0.01820577030654334	3.9575238508837005
>1k	0.015336938454563178	9.416060200296384
>5k	0.0014877295132987188	3.1418075307651554
>10k+	6.89859603109543E-4	4.171624704281221
>>END_MODULE
>>Overrepresented sequences	pass
>>END_MODULE
>>Adapter Content	pass
#Position	Illumina Universal Adapter	Illumina Small RNA 3' Adapter	Illumina Small RNA 5' Adapter	Nextera Transposase Sequence	SOLID Small RNA Adapter
1	0.0	4.659344339301059E-6	9.318688678602118E-7	0.0	3.727475471440847E-6
2	5.591213207161271E-6	2.7956066035806355E-5	9.318688678602118E-7	8.386819810741906E-6	3.727475471440847E-6
3	1.4909901885763389E-5	3.4479148110827835E-5	9.318688678602118E-7	1.0250557546462329E-5	3.727475471440847E-6
4	3.634288584654826E-5	3.820662358226868E-5	9.318688678602118E-7	1.3046164150042964E-5	5.591213207161271E-6
5	4.379783678942995E-5	4.472970565729017E-5	9.318688678602118E-7	1.3046164150042964E-5	5.591213207161271E-6
6	5.032091886445144E-5	4.472970565729017E-5	9.318688678602118E-7	1.4909901885763389E-5	5.591213207161271E-6
7	5.498026320375249E-5	5.498026320375249E-5	9.318688678602118E-7	1.58417707536236E-5	5.591213207161271E-6
8	6.429895188235461E-5	6.0571476410913764E-5	9.318688678602118E-7	1.7705508489344022E-5	5.591213207161271E-6
9	7.175390282523631E-5	6.243521414663419E-5	9.318688678602118E-7	1.7705508489344022E-5	6.523082075021482E-6
10-11	8.852754244672011E-5	7.035609952344599E-5	9.318688678602118E-7	1.9569246225064448E-5	6.989016508951589E-6
12-13	1.108923952753652E-4	7.827698490025779E-5	1.8637377357204236E-6	2.0967049526854763E-5	7.454950942881694E-6
14-15	1.3325724810401028E-4	9.738029669139212E-5	2.7956066035806355E-6	2.37626561304354E-5	7.9208853768118E-6
16-17	1.579517731023059E-4	1.1368800187894584E-4	7.454950942881694E-6	2.8887934903666564E-5	9.318688678602118E-6
18-19	1.8683970800597246E-4	1.1694954291645658E-4	1.2114295282182753E-5	3.3081344809037514E-5	1.0250557546462329E-5
20-21	2.0594301979710681E-4	1.197451495200372E-4	1.7239574055413918E-5	3.5411016978688045E-5	1.0250557546462329E-5
22-23	2.283078726257519E-4	1.262682315950587E-4	2.0035180658994553E-5	4.053629575191922E-5	1.1182426414322542E-5
24-25	2.5812767639727866E-4	1.3512098583973073E-4	2.5626393866155824E-5	4.7525312260870796E-5	1.258022971611286E-5
26-27	2.828222013955743E-4	1.4443967451833285E-4	2.9353869337596672E-5	5.078685329838154E-5	1.5375836319693495E-5
28-29	3.121760707331709E-4	1.4770121555584355E-4	3.401321367689773E-5	5.358245990196218E-5	1.7239574055413918E-5
30-31	3.569057763904611E-4	1.509627565933543E-4	4.193409905370953E-5	5.777586980733313E-5	1.8637377357204235E-5
32-33	3.9930580987810075E-4	1.579517731023059E-4	5.032091886445144E-5	5.8707738675193345E-5	1.9569246225064448E-5
34-35	4.3285308912106835E-4	1.7053200281841877E-4	5.591213207161271E-5	6.103741084484387E-5	1.9569246225064448E-5
36-37	4.5614981081757366E-4	2.0035180658994553E-4	5.917367310912345E-5	6.29011485805643E-5	2.143298396078487E-5
38-39	4.8037840138193913E-4	2.1619357734356913E-4	6.616268961807503E-5	6.662862405200514E-5	2.3762656130435398E-5
40-41	5.111300740213262E-4	2.217847905507304E-4	7.408357499488684E-5	7.221983725916642E-5	2.609232830008593E-5
42-43	5.479388943018045E-4	2.297056759275422E-4	8.153852593776852E-5	7.687918159846747E-5	2.842200046973646E-5
44-45	5.838158457144227E-4	2.4228590564365508E-4	9.085721461637064E-5	8.060665706990832E-5	2.9819803771526777E-5
46-47	6.187609282591806E-4	2.5859361083120874E-4	1.039033787664136E-4	8.526600140920939E-5	2.9819803771526777E-5
48-49	6.481147975967772E-4	2.758331848866227E-4	1.1927921508610711E-4	8.899347688065022E-5	3.261541037510741E-5
50-51	6.77934601368304E-4	2.8701561130094525E-4	1.3139351036828986E-4	9.318688678602117E-5	3.261541037510741E-5
52-53	7.17539028252363E-4	3.0006177545098816E-4	1.4676934668798338E-4	9.411875565388138E-5	3.261541037510741E-5
54-55	7.506203730614006E-4	3.1171013629924086E-4	1.6028144527195642E-4	9.598249338960182E-5	3.4013213676897724E-5
56-57	7.827698490025779E-4	3.252222348832139E-4	1.7192980612020908E-4	9.970996886104265E-5	3.6808820280478366E-5
58-59	8.079303084348036E-4	3.4525741554220846E-4	1.882375113077628E-4	1.034374443324835E-4	3.9138492450128896E-5
60-61	8.391479155081206E-4	3.5271236648509014E-4	2.0920456083461754E-4	1.1182426414322542E-4	3.9138492450128896E-5
62-63	8.750248669207388E-4	3.718156782762245E-4	2.3063754479540243E-4	1.1694954291645658E-4	4.0070361317989106E-5
64-65	9.178908348423085E-4	3.78338760351246E-4	2.478771188508163E-4	1.197451495200372E-4	4.286596792156974E-5
66-67	9.6821175370676E-4	3.881233834637782E-4	2.7024197167946145E-4	1.2207482168968774E-4	4.379783678942995E-5
68-69	9.99429360780077E-4	3.9837394101024053E-4	2.921408900741764E-4	1.2813196933077913E-4	4.472970565729017E-5
70-71	0.0010217942136087222	4.109541707263534E-4	3.173013495064021E-4	1.341891169718705E-4	4.472970565729017E-5
72-73	0.0010544096239838295	4.244662693103265E-4	3.4152994007076757E-4	1.4443967451833285E-4	4.519564009122027E-5
74-75	0.001082365690019636	4.3658056459250924E-4	3.778728259173159E-4	1.4909901885763388E-4	4.566157452515038E-5
76-77	0.0011107876904893725	4.435695811014608E-4	4.0676076082098243E-4	1.5375836319693494E-4	4.566157452515038E-5
78-79	0.001135948149921598	4.472970565729017E-4	4.295915480835576E-4	1.5515616649872528E-4	4.75253122608708E-5
80-81	0.001162040478221684	4.5475200751578335E-4	4.5754761411936397E-4	1.6028144527195642E-4	4.938904999659122E-5
82-83	0.0012132932659539956	4.5661574525150374E-4	4.8643554902303056E-4	1.658726584791177E-4	4.985498443052133E-5
84-85	0.0012477724140648235	4.6127508959080486E-4	5.246421726052993E-4	1.737935438559295E-4	5.032091886445144E-5
86-87	0.0012654779225541675	4.677981716658263E-4	5.54461976376826E-4	2.0547708536317668E-4	5.125278773231165E-5
88-89	0.0012659438569880975	4.7432125374084777E-4	5.98259813166256E-4	2.1665951177749925E-4	5.265059103410197E-5
>>END_MODULE
