##FastQC	0.11.8
>>Basic Statistics	pass
#Measure	Value
Filename	SRR3184286_2.gz
File type	Conventional base calls
Encoding	Sanger / Illumina 1.9
Total Sequences	85423402
Sequences flagged as poor quality	0
Sequence length	0-100
%GC	48
>>END_MODULE
>>Per base sequence quality	pass
#Base	Mean	Median	Lower Quartile	Upper Quartile	10th Percentile	90th Percentile
1	32.11078411776733	33.0	33.0	33.0	33.0	33.0
2	32.14640650752561	33.0	33.0	33.0	33.0	33.0
3	32.16382236594041	33.0	33.0	33.0	33.0	33.0
4	35.98388300493035	37.0	37.0	37.0	37.0	37.0
5	35.96701780016061	37.0	37.0	37.0	37.0	37.0
6	35.969027837624495	37.0	37.0	37.0	37.0	37.0
7	35.95387159431697	37.0	37.0	37.0	37.0	37.0
8	35.93497546275685	37.0	37.0	37.0	33.0	37.0
9	35.946996699663785	37.0	37.0	37.0	37.0	37.0
10-11	35.969127215625676	37.0	37.0	37.0	37.0	37.0
12-13	35.92916537657024	37.0	37.0	37.0	35.0	37.0
14-15	37.96318313392929	40.0	37.0	40.0	37.0	40.0
16-17	37.93802342653174	40.0	37.0	40.0	37.0	40.0
18-19	37.918084208703206	40.0	37.0	40.0	37.0	40.0
20-21	37.89322449024723	40.0	37.0	40.0	35.0	40.0
22-23	37.85526676138975	40.0	37.0	40.0	33.0	40.0
24-25	37.80249518434384	40.0	37.0	40.0	33.0	40.0
26-27	37.744575823509	40.0	37.0	40.0	33.0	40.0
28-29	37.67475741165932	40.0	37.0	40.0	33.0	40.0
30-31	37.59843561864264	40.0	37.0	40.0	33.0	40.0
32-33	37.50438376151381	40.0	37.0	40.0	33.0	40.0
34-35	37.43460106952671	40.0	37.0	40.0	33.0	40.0
36-37	37.33209209163814	40.0	37.0	40.0	33.0	40.0
38-39	37.22654349910468	40.0	37.0	40.0	33.0	40.0
40-41	37.102575270233714	40.0	37.0	40.0	33.0	40.0
42-43	36.98798818669505	40.0	37.0	40.0	33.0	40.0
44-45	36.84533503583283	40.0	37.0	40.0	33.0	40.0
46-47	36.704417223647255	40.0	37.0	40.0	33.0	40.0
48-49	36.54690973960332	40.0	37.0	40.0	33.0	40.0
50-51	35.80273633840625	37.0	35.0	38.5	33.0	40.0
52-53	35.79900769577792	37.0	37.0	40.0	33.0	40.0
54-55	36.24691533627534	37.0	37.0	40.0	33.0	40.0
56-57	36.32104327828125	37.0	37.0	40.0	33.0	40.0
58-59	36.169879472154335	37.0	37.0	40.0	33.0	40.0
60-61	35.967335526388354	37.0	37.0	40.0	33.0	40.0
62-63	35.862840738056406	37.0	37.0	40.0	33.0	40.0
64-65	35.72423084558368	37.0	37.0	40.0	33.0	40.0
66-67	35.50530058078719	37.0	37.0	40.0	33.0	40.0
68-69	35.272493605325565	37.0	37.0	38.5	33.0	40.0
70-71	35.03499340175836	37.0	33.0	37.0	33.0	40.0
72-73	34.80775301659966	37.0	33.0	37.0	33.0	40.0
74-75	34.582918938461454	37.0	33.0	37.0	30.0	40.0
76-77	34.36015349852789	37.0	33.0	37.0	27.0	37.0
78-79	34.15760128502686	37.0	33.0	37.0	27.0	37.0
80-81	33.9634877103273	37.0	33.0	37.0	27.0	37.0
82-83	33.795802453483546	37.0	33.0	37.0	27.0	37.0
84-85	33.6331462800812	37.0	33.0	37.0	27.0	37.0
86-87	33.494691886181094	37.0	33.0	37.0	27.0	37.0
88-89	33.367109331294344	37.0	33.0	37.0	27.0	37.0
90-91	33.23208755818197	37.0	33.0	37.0	27.0	37.0
92-93	33.104732462773526	37.0	33.0	37.0	27.0	37.0
94-95	32.973891898677536	37.0	33.0	37.0	27.0	37.0
96-97	32.81983467598637	37.0	33.0	37.0	27.0	37.0
98-99	32.65644826389876	37.0	33.0	37.0	27.0	37.0
100	31.864208268689097	33.0	33.0	37.0	22.0	37.0
>>END_MODULE
>>Per sequence quality scores	pass
#Quality	Count
2	869293.0
3	81998.0
4	64516.0
5	62128.0
6	62489.0
7	66695.0
8	70200.0
9	76230.0
10	85924.0
11	90984.0
12	94803.0
13	96147.0
14	99145.0
15	103225.0
16	105369.0
17	109014.0
18	114016.0
19	120205.0
20	132266.0
21	150007.0
22	173604.0
23	210293.0
24	257813.0
25	319039.0
26	394161.0
27	492525.0
28	618750.0
29	790024.0
30	1021880.0
31	1361567.0
32	1872185.0
33	2685073.0
34	3931433.0
35	6088410.0
36	1.117775E7
37	2.4869102E7
38	2.5881228E7
39	622907.0
>>END_MODULE
>>Per base sequence content	fail
#Base	G	A	T	C
1	24.43124990681055	12.941716670077112	19.659609897204604	42.96742352590773
2	23.720984512485078	19.89782464415745	34.791654363849716	21.589536479507753
3	28.114706100328917	22.62180146228068	24.67998507083933	24.58350736655107
4	27.476374607668134	28.86053500928107	20.114922030116286	23.54816835293451
5	28.440463961795736	30.934376286865454	21.636356015027953	18.988803736310857
6	23.10012798115243	34.0782817210039	20.938813943763193	21.882776354080477
7	20.06479705135556	17.070143113643883	40.49171241929475	22.37334741570581
8	21.47002219326058	22.11571317782738	27.465753293153856	28.948511335758187
9	21.840271210397848	21.432656718439226	30.193063370136052	26.534008701026874
10-11	25.271691767593374	30.466840083080797	21.070686130501365	23.19078201882446
12-13	23.39246991273225	24.009021399102462	27.98317730780317	24.615331380362118
14-15	23.944043677468677	25.19861626733519	27.009268098587263	23.848071956608873
16-17	24.5996450461868	25.448415797779006	26.008526987577095	23.943412168457094
18-19	24.54410177385798	25.750304476069747	25.832552169456584	23.873041580615688
20-21	24.420845674934007	25.859100120779253	25.87987815745708	23.840176046829654
22-23	24.48378495009683	26.012055564838615	25.914446925844903	23.589712559219656
24-25	24.394319717702167	26.12222989315668	25.853553300997905	23.62989708814325
26-27	23.967786872746533	26.45734437584356	25.912195920175634	23.66267283123427
28-29	24.187014526441754	26.04115775679212	25.95025941494651	23.821568301819624
30-31	24.236415520050105	26.12136984059149	25.935252454755737	23.706962184602666
32-33	24.248884198751323	26.127816876052606	25.97775418185062	23.64554474334545
34-35	24.3323519732021	26.146156040799728	25.806656329193046	23.714835656805132
36-37	23.999975870058627	26.23659067824053	25.99117394683202	23.77225950486883
38-39	23.876093031306304	26.13591202317481	26.18871446629506	23.799280479223828
40-41	24.241815342119867	25.938413628007968	25.919681716944908	23.900089312927257
42-43	24.26061573400152	25.9561284268335	26.006573249586296	23.776682589578687
44-45	24.386691696772015	26.047645761042755	25.90489201192191	23.660770530263324
46-47	24.38777365607737	25.949680129886254	25.88121944711735	23.781326766919022
48-49	24.0649634526312	25.989277141842905	25.941424962168387	24.00433444335751
50-51	24.135248693040776	25.91799070764342	25.894923015790276	24.051837583525526
52-53	24.12069109942329	26.062916844609283	25.890703343665166	23.92568871230226
54-55	23.78480035189744	26.094781649459804	26.10878657849593	24.011631420146827
56-57	23.75596823996487	25.987098642034347	26.403935948975665	23.852997169025127
58-59	23.801926000745883	26.217211307200394	26.23279649361192	23.7480661984418
60-61	23.7128830647565	26.569665409808724	25.97588227695788	23.741569248476896
62-63	23.70509908357484	26.713860510915417	25.901053644528805	23.67998676098094
64-65	23.804347700388988	26.629701463234028	25.887670757699745	23.67828007867724
66-67	23.715080418131965	26.67182846708037	25.852899188469973	23.760191926317685
68-69	23.824007730216305	26.69372246326115	25.851276759572727	23.630993046949815
70-71	23.881162692702116	26.52108138783793	25.874824317725185	23.722931601734768
72-73	23.881251509699247	26.518543678137263	25.855518670887207	23.744686141276286
74-75	23.99853008438124	26.563422192550767	25.80628395541761	23.631763767650384
76-77	23.98094153041007	26.336080894262913	25.91156570409108	23.771411871235937
78-79	23.903925715504702	26.25552689835778	26.012612599895018	23.8279347862425
80-81	24.01099104480988	26.462277235670673	25.873763813779615	23.65296790573983
82-83	24.07373023767866	26.27346143922588	25.824223162876603	23.828585160218854
84-85	24.003834900694162	26.277315728205476	25.944037656594315	23.774811714506047
86-87	23.978755054852616	26.367172542180946	25.910647481644517	23.743424921321925
88-89	24.076232845179963	26.231963982507935	25.864943181853135	23.826859990458967
90-91	23.985549875476504	26.287500708893546	25.88248336609908	23.84446604953087
92-93	24.037227607463592	26.352350294725035	25.89273631238182	23.717685785429552
94-95	24.12015719427019	26.2666931648994	25.806428966408834	23.806720674421577
96-97	24.10017573823077	25.983975358167495	25.997287426147793	23.918561477453945
98-99	23.37832346289944	25.79019521843086	26.510604546723542	24.320876771946153
100	25.083035692767453	25.074387073895426	25.691248437774355	24.151328795562762
>>END_MODULE
>>Per sequence GC content	pass
#GC Content	Count
0	504.0
1	432.5
2	388.5
3	418.0
4	469.5
5	570.5
6	652.5
7	762.5
8	928.0
9	1145.0
10	1379.5
11	1598.5
12	1926.5
13	2464.5
14	3252.5
15	4350.5
16	6489.0
17	10010.0
18	15441.0
19	24254.5
20	40397.5
21	65114.5
22	100450.0
23	149326.5
24	218679.5
25	306881.5
26	413647.0
27	541133.5
28	687975.5
29	847040.0
30	1001506.0
31	1150112.0
32	1297154.5
33	1423017.0
34	1543285.0
35	1703126.5
36	1855733.0
37	1998135.0
38	2127762.5
39	2257627.0
40	2378740.5
41	2502315.0
42	2661150.0
43	2782562.0
44	2840570.5
45	2867173.0
46	2861606.0
47	2818331.0
48	2817376.0
49	2842056.0
50	2848227.5
51	2810929.0
52	2741347.5
53	2664680.5
54	2570699.5
55	2500480.5
56	2421092.5
57	2305702.5
58	2221423.5
59	2145881.0
60	2040331.0
61	1920525.0
62	1768209.0
63	1590136.0
64	1416711.5
65	1240248.5
66	1071313.0
67	930283.0
68	791592.0
69	653815.5
70	525129.0
71	414323.5
72	328913.0
73	257430.0
74	201088.5
75	157677.5
76	122544.5
77	94430.5
78	71572.5
79	53367.5
80	38492.5
81	26818.0
82	18641.0
83	13297.5
84	9417.0
85	7141.0
86	5858.5
87	4993.5
88	4227.0
89	3652.5
90	3208.5
91	2825.0
92	2566.5
93	2295.0
94	1979.5
95	1705.5
96	1505.0
97	1370.0
98	1269.5
99	1180.0
100	1109.5
>>END_MODULE
>>Per base N content	pass
#Base	N-Count
1	0.2099905928653513
2	0.029525066806302288
3	0.028259662846769566
4	0.02472700957643061
5	0.01666931845292382
6	0.0
7	0.0
8	0.0
9	0.0
10-11	0.0
12-13	0.0
14-15	2.230465982864729E-4
16-17	0.00523745748803003
18-19	8.852510483272307E-4
20-21	0.0
22-23	3.5132293138349886E-6
24-25	0.0
26-27	0.0
28-29	0.0
30-31	0.0
32-33	0.0
34-35	0.0
36-37	0.0
38-39	0.0
40-41	0.0
42-43	0.0
44-45	0.0
46-47	0.0
48-49	0.0
50-51	0.0
52-53	0.0
54-55	0.0
56-57	0.0
58-59	0.0
60-61	0.0
62-63	0.0
64-65	0.0
66-67	0.0
68-69	0.0
70-71	0.0
72-73	0.0
74-75	0.0
76-77	0.0
78-79	0.0
80-81	0.0
82-83	0.0
84-85	0.0
86-87	0.0
88-89	0.0
90-91	0.0
92-93	0.0
94-95	0.0
96-97	0.0
98-99	0.0
100	9.089304565739469E-5
>>END_MODULE
>>Sequence Length Distribution	fail
#Length	Count
0-1	1072.0
2-3	1568.0
4-5	1153.0
6-7	885.0
8-9	2600.0
10-11	2869.0
12-13	4031.0
14-15	4087.0
16-17	4542.0
18-19	4157.0
20-21	3969.0
22-23	3684.0
24-25	3384.0
26-27	3033.0
28-29	2831.0
30-31	2606.0
32-33	2423.0
34-35	2663.0
36-37	2927.0
38-39	3076.0
40-41	3312.0
42-43	3959.0
44-45	4909.0
46-47	8246.0
48-49	15350.0
50-51	21481.0
52-53	24441.0
54-55	32528.0
56-57	60410.0
58-59	106888.0
60-61	144766.0
62-63	155932.0
64-65	165033.0
66-67	217878.0
68-69	310888.0
70-71	390363.0
72-73	441352.0
74-75	439048.0
76-77	450312.0
78-79	522848.0
80-81	630933.0
82-83	744577.0
84-85	739329.0
86-87	707163.0
88-89	749717.0
90-91	846834.0
92-93	967631.0
94-95	1065531.0
96-97	2781367.0
98-99	0.0
100-101	7.2612816E7
>>END_MODULE
>>Sequence Duplication Levels	fail
#Total Deduplicated Percentage	28.631997139059358
#Duplication Level	Percentage of deduplicated	Percentage of total
1	48.982628587736606	14.024704815876815
2	20.867756393365557	11.949710827068607
3	11.115206496513572	9.547516818246917
4	5.990745837722565	6.861080707460168
5	3.424078356002702	4.901910084649222
6	2.113914474969624	3.631535591972787
7	1.4244022461055315	2.8548436724754307
8	0.970260801808452	2.2224403601216824
9	0.7516579896205321	1.9369322467529564
>10	3.8896823065605086	19.951104699404993
>50	0.27466825076643997	5.43394533075899
>100	0.17202571057170515	9.536200147360157
>500	0.01524470620903378	2.9784598327464984
>1k	0.007531673931555933	3.7288267934882184
>5k	1.552997581386327E-4	0.2897905183176874
>10k+	4.086835740490335E-5	0.1509975532991634
>>END_MODULE
>>Overrepresented sequences	pass
>>END_MODULE
>>Adapter Content	pass
#Position	Illumina Universal Adapter	Illumina Small RNA 3' Adapter	Illumina Small RNA 5' Adapter	Nextera Transposase Sequence	SOLID Small RNA Adapter
1	1.1706393992597017E-6	7.02383639555821E-6	0.0	1.1706393992597017E-6	0.0
2	1.8730230388155228E-5	3.8631100175570154E-5	0.0	6.087324876150449E-5	0.0
3	2.107150918667463E-5	4.682557597038807E-5	0.0	6.087324876150449E-5	1.1706393992597017E-6
4	3.980173957482986E-5	4.799621536964777E-5	0.0	6.321452756002389E-5	2.3412787985194035E-6
5	4.331365777260896E-5	5.384941236594628E-5	0.0	6.321452756002389E-5	2.3412787985194035E-6
6	5.033749416816717E-5	5.384941236594628E-5	0.0	6.43851669592836E-5	2.3412787985194035E-6
7	5.1508133567426876E-5	7.14090033548418E-5	0.0	6.6726445757803E-5	2.3412787985194035E-6
8	5.384941236594628E-5	8.545667614595822E-5	0.0	6.6726445757803E-5	2.3412787985194035E-6
9	6.6726445757803E-5	9.013923374299703E-5	0.0	6.90677245563224E-5	2.3412787985194035E-6
10-11	9.189519284188658E-5	9.189519284188658E-5	0.0	7.02383639555821E-5	2.3412787985194035E-6
12-13	1.2057585812374927E-4	1.0360158683448361E-4	0.0	7.02383639555821E-5	4.682557597038807E-6
14-15	1.5920695829931943E-4	1.2408777632152838E-4	0.0	7.433560185299105E-5	7.02383639555821E-6
16-17	1.8905826298044182E-4	1.60962917398209E-4	0.0	8.487135644632838E-5	9.950434893707465E-6
18-19	2.2593340405712244E-4	1.679867537937672E-4	0.0	9.013923374299703E-5	1.0535754593337316E-5
20-21	2.6397918453306273E-4	1.761812295885851E-4	0.0	9.540711103966568E-5	1.6974271289265673E-5
22-23	3.0553688320678215E-4	1.8554634478266274E-4	0.0	9.833370953781493E-5	2.3412787985194035E-5
24-25	3.6172757437124783E-4	1.9959401757377912E-4	4.682557597038807E-6	1.1355202172819106E-4	2.3412787985194035E-5
26-27	3.933348381512597E-4	2.0954445246748659E-4	4.682557597038807E-6	1.2467309602115823E-4	2.809534558223284E-5
28-29	4.23771462532012E-4	2.2008020706082394E-4	4.682557597038807E-6	1.322822521163463E-4	3.33632228789015E-5
30-31	4.641585218064717E-4	2.2417744495823288E-4	4.682557597038807E-6	1.3755012941301493E-4	3.980173957482986E-5
32-33	4.940098264875941E-4	2.312012813537911E-4	8.194475794817912E-6	1.416473673104239E-4	4.214301837334926E-5
34-35	5.25617090267606E-4	2.569553481375045E-4	8.194475794817912E-6	1.486712037059821E-4	4.3898977472238816E-5
36-37	5.595656328461374E-4	2.791974967234389E-4	8.194475794817912E-6	1.4925652340561197E-4	4.5654936571128364E-5
38-39	5.829784208313314E-4	2.844653740201075E-4	8.194475794817912E-6	1.4984184310524182E-4	4.799621536964777E-5
40-41	6.23950799805421E-4	2.9500112861344485E-4	8.194475794817912E-6	1.5218312190376122E-4	5.092281386779702E-5
42-43	6.549727438858032E-4	3.0026900591011347E-4	8.194475794817912E-6	1.6388951589635826E-4	5.2093453267056725E-5
44-45	6.912625652628539E-4	3.137313590016001E-4	8.194475794817912E-6	1.6506015529561794E-4	5.2678772966686574E-5
46-47	7.222845093432359E-4	3.2075519539715824E-4	8.194475794817912E-6	1.691573931930269E-4	5.2678772966686574E-5
48-49	7.696954050132538E-4	3.236817938953075E-4	8.194475794817912E-6	1.7442527048969555E-4	5.2678772966686574E-5
50-51	8.130090627858628E-4	3.3890010608568364E-4	8.194475794817912E-6	1.820344265848836E-4	5.2678772966686574E-5
52-53	8.961244601333017E-4	3.6465417286939703E-4	8.779795494447763E-6	1.8261974628451346E-4	5.384941236594628E-5
54-55	0.0010108471212607524	3.84555042656812E-4	9.365115194077614E-6	1.8261974628451346E-4	5.443473206557613E-5
56-57	0.0011121074292967164	4.038705927445971E-4	9.365115194077614E-6	1.8554634478266274E-4	5.502005176520598E-5
58-59	0.0012824354618890031	4.179182655357135E-4	9.365115194077614E-6	1.9725273877525975E-4	5.736133056372538E-5
60-61	0.001557535720715033	4.284540201290508E-4	9.365115194077614E-6	2.1305637066526572E-4	5.9117289662614936E-5
62-63	0.002032229997114842	4.676704400042508E-4	9.365115194077614E-6	2.2651872375675227E-4	5.9702609362244785E-5
64-65	0.002521557266005397	4.8405939159388667E-4	9.365115194077614E-6	2.3295724045268063E-4	6.0287929061874634E-5
66-67	0.003064733947261899	4.951804658868538E-4	9.365115194077614E-6	2.505168314415762E-4	6.087324876150449E-5
68-69	0.003682831550071022	4.98107064385003E-4	9.365115194077614E-6	2.6397918453306273E-4	6.145856846113433E-5
70-71	0.0042652246512027234	5.121547371761195E-4	9.365115194077614E-6	2.762708982252896E-4	6.321452756002389E-5
72-73	0.004978729365051511	5.262024099672359E-4	9.365115194077614E-6	2.8797729221788663E-4	6.321452756002389E-5
74-75	0.005811639297624789	5.513711570513195E-4	9.365115194077614E-6	2.990983665108538E-4	6.43851669592836E-5
76-77	0.006531582528169506	5.589803131465076E-4	9.365115194077614E-6	3.125607196023403E-4	6.497048665891344E-5
78-79	0.00702325107585858	5.636628707435464E-4	9.365115194077614E-6	3.195845559978986E-4	7.14090033548418E-5
80-81	0.007628471645275846	5.665894692416956E-4	9.365115194077614E-6	3.3304690908938513E-4	7.492092155262091E-5
82-83	0.008792672527839619	5.759545844357733E-4	9.365115194077614E-6	3.383147863860538E-4	7.492092155262091E-5
84-85	0.009589292639035846	6.011233315198568E-4	9.365115194077614E-6	3.582156561734687E-4	7.492092155262091E-5
86-87	0.009855027782667797	6.12244405812824E-4	9.365115194077614E-6	4.2084486403386277E-4	7.550624125225077E-5
88-89	0.009856198422067058	6.210242013072717E-4	9.950434893707465E-6	4.600612839090628E-4	7.901815945002988E-5
>>END_MODULE
