##FastQC	0.11.8
>>Basic Statistics	pass
#Measure	Value
Filename	SRR3184303_reverse.gz
File type	Conventional base calls
Encoding	Sanger / Illumina 1.9
Total Sequences	60299574
Sequences flagged as poor quality	0
Sequence length	35-100
%GC	48
>>END_MODULE
>>Per base sequence quality	pass
#Base	Mean	Median	Lower Quartile	Upper Quartile	10th Percentile	90th Percentile
1	32.03336220915922	33.0	33.0	33.0	33.0	33.0
2	31.980712765897817	33.0	33.0	33.0	27.0	33.0
3	31.97886427854366	33.0	33.0	33.0	27.0	33.0
4	35.768052407799765	37.0	37.0	37.0	33.0	37.0
5	35.77267663615667	37.0	37.0	37.0	33.0	37.0
6	35.75465402127053	37.0	37.0	37.0	33.0	37.0
7	35.73235935298647	37.0	37.0	37.0	33.0	37.0
8	35.70316647676483	37.0	37.0	37.0	33.0	37.0
9	35.67084598309103	37.0	37.0	37.0	33.0	37.0
10-11	35.574075058971395	37.0	37.0	37.0	33.0	37.0
12-13	35.49206515953164	37.0	37.0	37.0	33.0	37.0
14-15	37.4368966852071	40.0	37.0	40.0	33.0	40.0
16-17	37.42553709417582	40.0	37.0	40.0	33.0	40.0
18-19	37.42333883652313	40.0	37.0	40.0	33.0	40.0
20-21	37.38018295120958	40.0	37.0	40.0	33.0	40.0
22-23	37.31616141268262	40.0	37.0	40.0	33.0	40.0
24-25	37.25248231438584	40.0	37.0	40.0	33.0	40.0
26-27	37.15890084065934	40.0	37.0	40.0	33.0	40.0
28-29	37.1013441073398	40.0	37.0	40.0	33.0	40.0
30-31	37.0044265818528	40.0	37.0	40.0	33.0	40.0
32-33	36.91232278854905	40.0	37.0	40.0	33.0	40.0
34-35	36.78549021755941	40.0	37.0	40.0	33.0	40.0
36-37	36.70075224740695	40.0	37.0	40.0	33.0	40.0
38-39	36.60836957576133	40.0	37.0	40.0	33.0	40.0
40-41	36.520966517854276	40.0	37.0	40.0	33.0	40.0
42-43	36.38434256217161	40.0	37.0	40.0	27.0	40.0
44-45	36.28574852487039	40.0	37.0	40.0	27.0	40.0
46-47	36.152429509198996	40.0	37.0	40.0	27.0	40.0
48-49	35.992323477120195	38.5	37.0	40.0	27.0	40.0
50-51	34.778254404763885	37.0	35.0	38.5	24.5	40.0
52-53	34.94618185690811	37.0	33.0	40.0	27.0	40.0
54-55	35.44891739725243	37.0	37.0	40.0	27.0	40.0
56-57	35.38409977764938	37.0	35.0	40.0	27.0	40.0
58-59	35.212333725423505	37.0	33.0	40.0	27.0	40.0
60-61	34.99458440266354	37.0	33.0	40.0	27.0	40.0
62-63	34.75444386907189	37.0	33.0	40.0	27.0	40.0
64-65	34.526199337242474	37.0	33.0	38.5	27.0	40.0
66-67	34.29804347215416	37.0	33.0	37.0	27.0	40.0
68-69	34.04663774052625	37.0	33.0	37.0	27.0	40.0
70-71	33.81518157182323	37.0	33.0	37.0	27.0	40.0
72-73	33.56790940269297	37.0	33.0	37.0	22.0	40.0
74-75	33.314484350850975	37.0	33.0	37.0	22.0	37.0
76-77	33.11066396318671	37.0	33.0	37.0	22.0	37.0
78-79	32.905875763713226	37.0	33.0	37.0	22.0	37.0
80-81	32.69689452993581	37.0	33.0	37.0	22.0	37.0
82-83	32.57633888628429	37.0	33.0	37.0	22.0	37.0
84-85	32.441311654928526	37.0	33.0	37.0	22.0	37.0
86-87	32.31951086559653	37.0	33.0	37.0	22.0	37.0
88-89	32.18837025281867	37.0	33.0	37.0	22.0	37.0
90-91	32.07283886412087	37.0	33.0	37.0	22.0	37.0
92-93	31.96910370990642	37.0	33.0	37.0	22.0	37.0
94-95	31.876540261784456	37.0	33.0	37.0	22.0	37.0
96-97	31.751951793866738	35.0	33.0	37.0	15.0	37.0
98-99	31.58337554037268	33.0	33.0	37.0	15.0	37.0
100	28.706030265874745	33.0	27.0	37.0	15.0	37.0
>>END_MODULE
>>Per sequence quality scores	pass
#Quality	Count
2	398.0
3	124.0
4	818.0
5	2304.0
6	2684.0
7	7021.0
8	21988.0
9	54765.0
10	94131.0
11	111941.0
12	122067.0
13	146789.0
14	175324.0
15	206705.0
16	237791.0
17	273441.0
18	311621.0
19	345781.0
20	377539.0
21	408945.0
22	441967.0
23	482392.0
24	529177.0
25	581332.0
26	636358.0
27	705081.0
28	814476.0
29	960442.0
30	1142238.0
31	1399926.0
32	1774526.0
33	2255223.0
34	2949605.0
35	4072555.0
36	6889748.0
37	1.5995868E7
38	1.5629132E7
39	137351.0
>>END_MODULE
>>Per base sequence content	fail
#Base	G	A	T	C
1	33.99780027934525	16.46701400221412	12.825025331722689	36.710160386717945
2	22.75607180482657	28.80621277454906	28.134977346281108	20.302738074343257
3	24.26936954462933	28.809123969593735	21.05004746200158	25.87145902377535
4	26.17585187593816	33.27735772388604	18.321271115295083	22.22551928488071
5	26.53671521231195	33.30117530980308	19.825457995581758	20.336651482303214
6	22.651947913452457	36.33096480055739	19.548033627432535	21.46905365855762
7	21.74040627370884	21.053787244173808	32.46473290513615	24.741073576981204
8	23.047575960705114	24.922894166962138	24.68355165115672	27.345978221176026
9	23.469393491802585	23.594580921781944	26.721835460960207	26.21419012545526
10-11	24.985022162522778	31.722812675189203	19.767714744361324	23.52445041792669
12-13	25.23678258132689	25.491668125995716	23.77538771295718	25.496161579720216
14-15	24.1418320074039	28.005511961392386	24.86034476625285	22.99231126495086
16-17	24.628253603454247	27.5656469686276	24.146912679998575	23.659186747919577
18-19	24.23094185460752	27.993149265956884	24.39093533847067	23.38497354096493
20-21	24.330371259045865	28.021708455072453	24.424122186003988	23.223798099877694
22-23	24.467628619928952	28.199954265136146	24.209309028613212	23.12310808632169
24-25	24.242700445094517	28.068362583953004	24.380362606922287	23.30857436403019
26-27	24.098359113120722	28.211875735837992	24.404677492085714	23.285087658955568
28-29	24.775086005695755	27.790114369375562	24.421665284311903	23.013134340616777
30-31	24.327192041861544	27.98067954016627	24.513104848969007	23.17902356900318
32-33	24.24055475030979	27.959656106323607	24.516834434049063	23.28295470931754
34-35	24.5321538731125	27.90015395234231	24.199670695304437	23.368021479240753
36-37	24.31010706862564	27.967816020787374	24.36899266428553	23.353084246301457
38-39	24.200831226174074	27.968613477539595	24.471042941719638	23.359512354566693
40-41	24.764335686887968	27.5612017834775	24.27575503866113	23.398707490973397
42-43	24.282023292594683	27.917315280774353	24.263567615639904	23.53709381099106
44-45	24.393399449030596	27.928615556852755	24.37885057178109	23.29913442233556
46-47	24.540401946832986	27.78143008259306	24.250314387550812	23.427853583023143
48-49	24.342129759927527	27.939467189369914	24.33167021305357	23.386732837648985
50-51	24.275367565347942	27.876360838357066	24.394362251055703	23.45390934523929
52-53	24.33318137305081	27.947238710186404	24.287879734270128	23.43170018249266
54-55	24.061991711170137	28.084365623690694	24.420485799307706	23.43315686583146
56-57	24.153887027841044	27.95880496328994	24.459754068339485	23.427553940529528
58-59	24.420081079039214	28.06095249280836	24.033966558886473	23.484999869265952
60-61	24.332591357190942	28.026071879510937	24.351329997970534	23.290006765327583
62-63	24.276270767676046	28.232060086768456	24.21492045199298	23.27674869356252
64-65	24.366435347107547	28.137888947076945	24.137411196037046	23.35826450977846
66-67	24.317173347766047	28.3050361611289	24.057991655863198	23.319798835241855
68-69	24.32025497647123	28.502361425728516	24.114695419103292	23.062688178696963
70-71	24.426342706423288	28.274988163205972	24.066278208871793	23.23239092149895
72-73	24.432211560460082	28.402773114293623	24.175979213935342	22.989036111310956
74-75	24.32687789581049	28.564861789944374	24.147588637631294	22.960671676613835
76-77	24.46017242211144	28.46104644615795	23.951542237921604	23.127238893809007
78-79	24.295411018188933	28.414688915682056	24.086917869727124	23.202982196401887
80-81	24.271180699979926	28.521868802265	24.121335667112177	23.085614830642896
82-83	24.45790651736164	28.402157322360665	23.95510177411172	23.18483438616597
84-85	24.38252357427957	28.48787661869217	23.980677319160677	23.148922487867583
86-87	24.354623920976408	28.618259650116652	23.950250129987733	23.076866298919207
88-89	24.338711527836697	28.516442110465274	23.882209423958844	23.26263693773918
90-91	24.22300278866854	28.58465534481865	24.000351492580688	23.19199037393212
92-93	24.287370667646304	28.688999087734405	23.962222139229514	23.061408105389777
94-95	24.557928172389254	28.410179924817342	23.764674540965423	23.26721736182798
96-97	24.27468404537073	28.390006671466917	23.95616808755787	23.379141195604486
98-99	24.479079957083112	24.999732254138387	25.61044409504995	24.91074369372855
100	27.288801440140748	0.0	36.076860084942446	36.6343384749168
>>END_MODULE
>>Per sequence GC content	pass
#GC Content	Count
0	27145.0
1	16921.0
2	6560.0
3	7426.5
4	9362.5
5	11414.0
6	15808.0
7	21518.0
8	29578.5
9	38881.5
10	45636.5
11	54347.0
12	61224.0
13	62090.0
14	60707.0
15	58235.0
16	55870.0
17	54920.0
18	56325.0
19	59937.0
20	66623.0
21	77915.5
22	95060.5
23	119726.0
24	153304.5
25	199533.5
26	262772.0
27	340591.0
28	427432.0
29	521531.0
30	632117.5
31	758485.0
32	895141.5
33	1026967.0
34	1150472.0
35	1293819.5
36	1443209.5
37	1569397.0
38	1642789.0
39	1707639.0
40	1761797.0
41	1791575.5
42	1836285.0
43	1894555.5
44	1901222.5
45	1902681.0
46	1891908.5
47	1852348.5
48	1853472.5
49	1842394.5
50	1812288.5
51	1783250.0
52	1741213.0
53	1684847.0
54	1636552.0
55	1584038.0
56	1529139.0
57	1466731.5
58	1415682.5
59	1363146.5
60	1288578.0
61	1201384.5
62	1101254.5
63	1001090.5
64	905356.5
65	817913.5
66	735700.0
67	661312.5
68	574195.0
69	483334.5
70	406492.0
71	337979.5
72	285883.5
73	239047.5
74	199352.5
75	164295.5
76	135148.0
77	117873.0
78	104357.5
79	89533.5
80	76583.0
81	65346.0
82	56832.0
83	51934.5
84	48037.0
85	41763.5
86	35728.5
87	31634.5
88	27109.5
89	22615.0
90	18954.5
91	17795.5
92	15857.0
93	12079.5
94	9400.0
95	7731.5
96	6968.0
97	5939.0
98	4635.0
99	3248.0
100	1887.0
>>END_MODULE
>>Per base N content	pass
#Base	N-Count
1	0.027305333865211053
2	0.005461066773042211
3	0.01357389357344382
4	0.016948710118582264
5	0.012812694165965416
6	0.006897229489548301
7	0.0027413128988274444
8	0.0010514170464952207
9	6.451123518716733E-4
10-11	7.993422971777545E-4
12-13	0.0012346687557029839
14-15	0.002684927757532748
16-17	0.003454419097554487
18-19	0.010250487010074067
20-21	0.036103074293692354
22-23	0.06138268903856601
24-25	0.07492756084810814
26-27	0.07345491362841138
28-29	0.05147051287626012
30-31	0.029999382748541473
32-33	0.02489403988160845
34-35	0.03189243094818547
36-37	0.029372783596671975
38-39	0.025982752133144476
40-41	0.04223461221761595
42-43	0.0650231242632544
44-45	0.09608095457423683
46-47	0.121466430912215
48-49	0.12258828674868104
50-51	0.0767658126004369
52-53	0.06060261879984427
54-55	0.07022084868549903
56-57	0.07043920351653807
58-59	0.06758288973300686
60-61	0.0793791676191267
62-63	0.08983698025775756
64-65	0.08663539386884951
66-67	0.10634286770664972
68-69	0.11060561674955298
70-71	0.10048239345357868
72-73	0.08760332126198042
74-75	0.07467860950077003
76-77	0.08736700817283856
78-79	0.09709067640753509
80-81	0.1025308016606128
82-83	0.11083064764946787
84-85	0.10863791293583457
86-87	0.09741318521745285
88-89	0.1060119085395843
90-91	0.10160226391835243
92-93	0.10169357807454413
94-95	0.10276823160290942
96-97	0.09648203486653116
98-99	0.13243621698479116
100	0.017751765465091274
>>END_MODULE
>>Sequence Length Distribution	warn
#Length	Count
34-35	5207.0
36-37	1905.0
38-39	2376.0
40-41	2954.0
42-43	3614.0
44-45	4302.0
46-47	5215.0
48-49	6382.0
50-51	7937.0
52-53	9874.0
54-55	11578.0
56-57	13972.0
58-59	17349.0
60-61	22210.0
62-63	26590.0
64-65	32438.0
66-67	38617.0
68-69	46394.0
70-71	57521.0
72-73	68618.0
74-75	82986.0
76-77	98451.0
78-79	117009.0
80-81	139143.0
82-83	165014.0
84-85	196903.0
86-87	230611.0
88-89	268135.0
90-91	304963.0
92-93	338384.0
94-95	453970.0
96-97	2056256.0
98-99	1.9319812E7
100-101	3.6142884E7
>>END_MODULE
>>Sequence Duplication Levels	fail
#Total Deduplicated Percentage	42.74749448715415
#Duplication Level	Percentage of deduplicated	Percentage of total
1	73.18543551384718	31.284940011681577
2	13.696665268611358	11.709962461247196
3	4.840386750823925	6.207432178396193
4	2.3846997665041942	4.0775976048862335
5	1.383621534812945	2.957317696586207
6	0.8880147501839668	2.2776243382800416
7	0.6110165670080624	1.8283599130815904
8	0.4586761983598486	1.568580660862116
9	0.3362215508881039	1.2935366003746478
>10	1.9549459624511065	15.106396824222204
>50	0.14566226263456114	4.306000658936429
>100	0.09835185040598864	8.32115991166774
>500	0.010095008248360432	2.9640791074002757
>1k	0.0058266377365878	4.343609981121889
>5k	2.949866201218679E-4	0.8455312476668775
>10k+	8.539086371948807E-5	0.9078708035887457
>>END_MODULE
>>Overrepresented sequences	pass
>>END_MODULE
>>Adapter Content	pass
#Position	Illumina Universal Adapter	Illumina Small RNA 3' Adapter	Illumina Small RNA 5' Adapter	Nextera Transposase Sequence	SOLID Small RNA Adapter
1	0.0	1.6583865086675406E-6	0.0	0.0	0.0
2	4.975159526002622E-6	6.633546034670162E-6	0.0	6.633546034670162E-6	1.6583865086675406E-6
3	6.633546034670162E-6	6.633546034670162E-6	0.0	6.633546034670162E-6	3.316773017335081E-6
4	6.633546034670162E-6	6.633546034670162E-6	0.0	6.633546034670162E-6	6.633546034670162E-6
5	6.633546034670162E-6	6.633546034670162E-6	1.6583865086675406E-6	6.633546034670162E-6	6.633546034670162E-6
6	6.633546034670162E-6	6.633546034670162E-6	1.6583865086675406E-6	9.950319052005243E-6	6.633546034670162E-6
7	6.633546034670162E-6	8.291932543337702E-6	1.6583865086675406E-6	9.950319052005243E-6	6.633546034670162E-6
8	6.633546034670162E-6	8.291932543337702E-6	1.6583865086675406E-6	1.4925478578007864E-5	6.633546034670162E-6
9	6.633546034670162E-6	1.3267092069340325E-5	1.6583865086675406E-6	1.6583865086675404E-5	6.633546034670162E-6
10-11	8.291932543337702E-6	1.4096285323674094E-5	1.6583865086675406E-6	1.6583865086675404E-5	7.462739289003932E-6
12-13	1.1608705560672785E-5	1.8242251595342947E-5	1.6583865086675406E-6	1.8242251595342947E-5	9.121125797671474E-6
14-15	1.4096285323674094E-5	1.9900638104010487E-5	1.6583865086675406E-6	2.5704990884346878E-5	1.2437898815006553E-5
16-17	1.7413058341009176E-5	3.731369644501966E-5	1.6583865086675406E-6	3.399692342768458E-5	1.4925478578007864E-5
18-19	2.1559024612678027E-5	3.9801276208020974E-5	1.6583865086675406E-6	3.482611668201835E-5	1.5754671832341636E-5
20-21	2.3217411121345566E-5	4.063046946235474E-5	1.6583865086675406E-6	3.482611668201835E-5	1.7413058341009176E-5
22-23	2.819257064734819E-5	4.394724247968983E-5	1.6583865086675406E-6	3.814288969935343E-5	1.8242251595342947E-5
24-25	3.150934366468327E-5	4.5605628988357365E-5	1.6583865086675406E-6	4.5605628988357365E-5	1.9071444849676715E-5
26-27	3.399692342768458E-5	4.643482224269113E-5	1.6583865086675406E-6	5.058078851435999E-5	2.072983135834426E-5
28-29	3.6484503190685894E-5	5.2239175023027524E-5	1.6583865086675406E-6	5.887272105769768E-5	2.2388217867011795E-5
30-31	4.643482224269114E-5	5.30683682773613E-5	3.316773017335081E-6	6.96522333640367E-5	2.7363377393014417E-5
32-33	6.550626709236785E-5	5.30683682773613E-5	3.316773017335081E-6	7.379819963570555E-5	3.482611668201835E-5
34-35	8.955287146804718E-5	5.555594804036261E-5	3.316773017335081E-6	8.291932543337702E-5	3.6484503190685894E-5
36-37	1.1442866909806029E-4	7.131061987270424E-5	3.316773017335081E-6	8.955287146804718E-5	3.8972082953687206E-5
38-39	1.4842559252574488E-4	7.79441659073744E-5	3.316773017335081E-6	9.535722424838358E-5	4.145966271668851E-5
40-41	2.1310266636377894E-4	8.789448495937966E-5	3.316773017335081E-6	9.701561075705113E-5	4.311804922535605E-5
42-43	3.0431392434049364E-4	9.45280309940498E-5	3.316773017335081E-6	9.784480401138489E-5	4.975159526002621E-5
44-45	4.104506608952163E-4	1.003323837743862E-4	3.316773017335081E-6	1.0116157702871997E-4	5.4726754786028835E-5
46-47	5.373172288082831E-4	1.0199077028305375E-4	3.316773017335081E-6	1.061367365547226E-4	5.8043527803363914E-5
48-49	7.081310392010398E-4	1.0779512306339013E-4	3.316773017335081E-6	1.1277028258939276E-4	5.8043527803363914E-5
50-51	9.187461258018174E-4	1.1028270282639144E-4	3.316773017335081E-6	1.2354979489573176E-4	5.970191431203146E-5
52-53	0.0012031594120383007	1.1359947584372652E-4	3.316773017335081E-6	1.3681688696507208E-4	6.0531107566365226E-5
54-55	0.0015937094348295066	1.169162488610616E-4	3.316773017335081E-6	1.393044667280734E-4	6.384788058370032E-5
56-57	0.002057228464002084	1.2106221513273045E-4	3.316773017335081E-6	1.4179204649107473E-4	6.550626709236784E-5
58-59	0.0025671823154173527	1.2437898815006554E-4	3.316773017335081E-6	1.451088195084098E-4	6.633546034670162E-5
60-61	0.0032139530537976936	1.260373746587331E-4	3.316773017335081E-6	1.4925478578007865E-4	6.633546034670162E-5
62-63	0.0039577394029350855	1.2852495442173439E-4	3.316773017335081E-6	1.5257155879741372E-4	6.799384685536917E-5
64-65	0.004881460688262906	1.310125341847357E-4	3.316773017335081E-6	1.616926845950852E-4	6.799384685536917E-5
66-67	0.006039014471312849	1.310125341847357E-4	3.316773017335081E-6	1.6335107110375274E-4	7.131061987270424E-5
68-69	0.007285291932576505	1.310125341847357E-4	3.316773017335081E-6	1.6832623062975537E-4	7.379819963570556E-5
70-71	0.00817252871471364	1.33500113947737E-4	3.316773017335081E-6	1.7661816317309306E-4	7.628577939870686E-5
72-73	0.009194094804052845	1.3515850045640456E-4	3.316773017335081E-6	1.8739767547943205E-4	7.79441659073744E-5
74-75	0.01053490029631055	1.4096285323674093E-4	3.316773017335081E-6	1.94860414768436E-4	7.79441659073744E-5
76-77	0.011922140610810948	1.4345043299974225E-4	3.316773017335081E-6	2.0149396080310617E-4	7.79441659073744E-5
78-79	0.013157638559768266	1.451088195084098E-4	3.316773017335081E-6	2.0481073382044125E-4	7.79441659073744E-5
80-81	0.014683354147742404	1.475963992714111E-4	3.316773017335081E-6	2.1061508660077764E-4	8.209013217904326E-5
82-83	0.017000949293605294	1.4842559252574488E-4	3.316773017335081E-6	2.1641943938111404E-4	8.457771194204457E-5
84-85	0.01889482668650362	1.5174236554307995E-4	3.316773017335081E-6	2.2139459890711666E-4	8.457771194204457E-5
86-87	0.019986874202461195	1.5837591157775012E-4	3.316773017335081E-6	2.3632007748512453E-4	8.457771194204457E-5
88-89	0.0199943369417502	1.6086349134075142E-4	4.145966271668851E-6	2.4129523701112713E-4	8.62360984507121E-5
>>END_MODULE
