##FastQC	0.11.8
>>Basic Statistics	pass
#Measure	Value
Filename	SRR3184297_reverse.gz
File type	Conventional base calls
Encoding	Sanger / Illumina 1.9
Total Sequences	60745831
Sequences flagged as poor quality	0
Sequence length	100
%GC	49
>>END_MODULE
>>Per base sequence quality	pass
#Base	Mean	Median	Lower Quartile	Upper Quartile	10th Percentile	90th Percentile
1	30.693872144081787	33.0	33.0	33.0	27.0	33.0
2	30.643379707818962	33.0	33.0	33.0	27.0	33.0
3	30.675474140768607	33.0	33.0	33.0	27.0	33.0
4	34.30904038501013	37.0	37.0	37.0	27.0	37.0
5	34.296174629663064	37.0	37.0	37.0	27.0	37.0
6	34.23871687589556	37.0	37.0	37.0	27.0	37.0
7	34.02271673590242	37.0	37.0	37.0	27.0	37.0
8	34.046500623227956	37.0	37.0	37.0	27.0	37.0
9	34.06163828757236	37.0	37.0	37.0	27.0	37.0
10-11	34.143263403541226	37.0	37.0	37.0	27.0	37.0
12-13	34.02949185105395	37.0	37.0	37.0	27.0	37.0
14-15	35.60187754283911	40.0	37.0	40.0	27.0	40.0
16-17	35.505461313057026	40.0	37.0	40.0	27.0	40.0
18-19	35.449153226663405	40.0	37.0	40.0	27.0	40.0
20-21	35.37696167165777	40.0	37.0	40.0	27.0	40.0
22-23	35.33375208909398	40.0	37.0	40.0	27.0	40.0
24-25	35.21876945761101	40.0	37.0	40.0	27.0	40.0
26-27	35.12366182792034	40.0	37.0	40.0	27.0	40.0
28-29	34.98119475886337	40.0	37.0	40.0	27.0	40.0
30-31	34.87791787719556	38.5	37.0	40.0	27.0	40.0
32-33	34.70641256846087	37.0	37.0	40.0	22.0	40.0
34-35	34.53301920423148	37.0	37.0	40.0	22.0	40.0
36-37	34.37783612672942	37.0	35.0	40.0	22.0	40.0
38-39	34.15898188963783	37.0	33.0	40.0	22.0	40.0
40-41	33.964881054964906	37.0	33.0	40.0	22.0	40.0
42-43	33.890608863347346	37.0	33.0	40.0	22.0	40.0
44-45	33.90117967107899	37.0	33.0	40.0	22.0	40.0
46-47	33.79177133983072	37.0	33.0	40.0	22.0	40.0
48-49	33.85052520723603	37.0	33.0	40.0	22.0	40.0
50-51	33.32748705009896	37.0	33.0	38.5	18.5	40.0
52-53	33.29703375034906	37.0	33.0	40.0	15.0	40.0
54-55	33.51368429711662	37.0	33.0	40.0	22.0	40.0
56-57	33.41388321776354	37.0	33.0	40.0	18.5	40.0
58-59	33.22244661530764	37.0	33.0	40.0	15.0	40.0
60-61	32.984733676620536	37.0	33.0	40.0	15.0	40.0
62-63	32.71253665951166	37.0	33.0	38.5	15.0	40.0
64-65	32.460496926941374	37.0	33.0	37.0	15.0	40.0
66-67	32.228984413761665	37.0	33.0	37.0	15.0	40.0
68-69	31.977836092159148	37.0	33.0	37.0	15.0	40.0
70-71	31.686269087338687	37.0	33.0	37.0	6.0	40.0
72-73	31.449512362420393	37.0	33.0	37.0	6.0	37.0
74-75	31.23279182731075	37.0	33.0	37.0	6.0	37.0
76-77	31.012450360585238	37.0	33.0	37.0	2.0	37.0
78-79	30.796551602035045	37.0	33.0	37.0	2.0	37.0
80-81	30.62134439316502	37.0	33.0	37.0	2.0	37.0
82-83	30.4316152741412	33.0	33.0	37.0	2.0	37.0
84-85	30.25505765161069	33.0	33.0	37.0	2.0	37.0
86-87	30.035883795877282	33.0	33.0	37.0	2.0	37.0
88-89	29.873474222453225	33.0	33.0	37.0	2.0	37.0
90-91	29.69964594771944	33.0	30.0	37.0	2.0	37.0
92-93	29.52460161422436	33.0	27.0	37.0	2.0	37.0
94-95	29.308071808252983	33.0	27.0	37.0	2.0	37.0
96-97	29.05513828595085	33.0	27.0	37.0	2.0	37.0
98-99	28.78703957478168	33.0	27.0	37.0	2.0	37.0
100	27.129305087619922	33.0	27.0	37.0	2.0	37.0
>>END_MODULE
>>Per sequence quality scores	pass
#Quality	Count
2	2319614.0
3	339705.0
4	231980.0
5	210102.0
6	192272.0
7	180923.0
8	174362.0
9	178489.0
10	182207.0
11	177392.0
12	176204.0
13	179751.0
14	184133.0
15	187606.0
16	190788.0
17	194098.0
18	198480.0
19	203940.0
20	216741.0
21	240796.0
22	280541.0
23	335273.0
24	406615.0
25	492330.0
26	593767.0
27	718095.0
28	860423.0
29	1041242.0
30	1274185.0
31	1592795.0
32	2037993.0
33	2683205.0
34	3591777.0
35	5103220.0
36	8462346.0
37	1.4979953E7
38	1.009418E7
39	38308.0
>>END_MODULE
>>Per base sequence content	warn
#Base	G	A	T	C
1	39.23038353053061	13.87122221980027	10.760282062370315	36.1381121872988
2	25.831889012644133	19.46125764683248	29.487305667462653	25.21954767306073
3	29.48228411525795	20.820965404774096	22.409941812669928	27.286808667298025
4	30.086719041724834	27.755837960458706	19.609411431497463	22.548031566318993
5	29.373420955283258	30.749628725576905	20.221628328109993	19.655321991029847
6	24.479150345450435	32.765301462522665	21.162809364998132	21.592738827028768
7	21.7540976088795	19.38462059651386	36.9082118259184	21.95306996868825
8	22.299282118626458	22.504994785803937	27.579974277720126	27.615748817849482
9	22.822123361087808	22.197026097949962	29.444510396415097	25.536340144547133
10-11	26.048464484780325	29.634023474105568	21.44759914647795	22.86991289463615
12-13	24.707871217071975	23.86037778523938	26.57958862668802	24.852162371000624
14-15	24.686386360430447	25.023911128160865	26.245451069239813	24.044251442168882
16-17	25.257100469413103	25.139196589402697	25.35227487806186	24.251428063122344
18-19	25.18086724438729	25.22560909406583	25.278341707416914	24.31518195412997
20-21	25.028142974351496	25.361120930812316	25.327078445500618	24.283657649335574
22-23	25.207263210243497	25.515468217652685	25.034013912592656	24.24325465951116
24-25	25.236405244096506	25.332737138608103	25.04687184818277	24.38398576911262
26-27	24.799555956794123	25.61025864396087	25.18887739667805	24.40130800256696
28-29	25.132859849494643	25.316357402698536	25.173867089898877	24.376915657907947
30-31	24.902097809913474	25.44727957012281	25.270007958857814	24.380614661105902
32-33	24.85585897148793	25.445110051562715	25.25776805011523	24.441262926834124
34-35	25.28972492189792	25.331776227835896	24.983566139728914	24.39493271053727
36-37	25.067452145365323	25.42446055482113	25.077337829893114	24.430749469920436
38-39	24.798906153420084	25.51967364744011	25.147827966635646	24.53359223250416
40-41	25.116164260134514	25.348963227819638	24.97156306030411	24.563309451741734
42-43	24.94195429768091	25.311433120947207	25.20394254449017	24.542670036881717
44-45	24.92979697567983	25.401540865027822	25.261172718316637	24.407489440975713
46-47	25.038475245604204	25.442859690411535	25.06103269031611	24.457632373668154
48-49	24.78965297237485	25.434189306537654	25.253616743832797	24.522540977254707
50-51	24.862557551796723	25.410460895660375	25.285659434633157	24.44132211790975
52-53	24.88329654457033	25.51803013367035	25.03392080666098	24.564752515098338
54-55	24.790735821337492	25.499396070010338	25.109904099944142	24.59996400870802
56-57	24.645688275090947	25.38923491658696	25.39378060434544	24.571296203976654
58-59	24.722884617919615	25.49059875957343	25.2883818760628	24.498134746444155
60-61	24.797746281992847	25.29629416546342	25.329109022301076	24.57685053024266
62-63	24.663386698357417	25.5083075102851	25.391096815055498	24.43720897630198
64-65	24.85818726666014	25.557737651856176	25.116127614768303	24.46794746671538
66-67	24.722130094780066	25.404574867790874	25.217161367549473	24.65613366987959
68-69	24.663085781722984	25.629872643221997	25.309916027527397	24.397125547527626
70-71	24.839441898887788	25.50723987096734	25.154190810563133	24.499127419581736
72-73	24.693626620375106	25.42926306050347	25.255299716115324	24.621810603006097
74-75	24.762080636909488	25.523626824788682	25.289381757573647	24.424910780728183
76-77	24.84136380491039	25.478825956754036	25.181343069816176	24.49846716851939
78-79	24.78441145194764	25.265360559662998	25.323657346287188	24.626570642102173
80-81	24.763363355395366	25.53252154749926	25.27690154718778	24.427213549917596
82-83	24.982497200042243	25.43212098490325	25.1174565935381	24.467925221516406
84-85	24.972291189001407	25.263587266138384	25.093821647214092	24.670299897646117
86-87	24.803300238781162	25.411534751051217	25.20988793230809	24.575277077859532
88-89	24.912495524278985	25.421284630018516	25.08955685200116	24.57666299370134
90-91	24.83575795014802	25.34742191494749	25.220011393544638	24.596808741359855
92-93	24.761327304176834	25.5296654971333	25.179489360186775	24.529517838503086
94-95	24.904109840060684	25.517663498078306	25.011487374204105	24.5667392876569
96-97	24.97281608367009	25.259891587979215	25.094168777428315	24.673123550922377
98-99	24.978160769970877	25.341158793421997	25.275516069968027	24.40516436663909
100	25.529530345355393	25.199187277313577	24.616702949851522	24.654579427479504
>>END_MODULE
>>Per sequence GC content	pass
#GC Content	Count
0	32580.0
1	18423.0
2	4505.5
3	5020.0
4	5322.5
5	5488.0
6	5810.5
7	6295.5
8	6902.5
9	7466.5
10	8112.5
11	8861.0
12	9657.0
13	10532.5
14	11703.5
15	13159.0
16	15112.5
17	17563.5
18	20862.5
19	26431.0
20	36422.0
21	51435.5
22	72932.5
23	101233.0
24	135328.0
25	173242.5
26	220974.5
27	281234.0
28	346866.5
29	411677.5
30	474568.5
31	549666.5
32	634994.5
33	707048.0
34	770945.0
35	859740.0
36	984049.5
37	1117044.5
38	1209245.5
39	1290942.5
40	1388677.5
41	1512373.5
42	1706024.0
43	1878617.0
44	1945284.5
45	1990631.0
46	2043928.5
47	2043352.0
48	2053464.0
49	2128217.5
50	2155084.5
51	2084321.0
52	1993603.0
53	1922397.0
54	1860760.5
55	1830084.5
56	1763168.0
57	1658035.5
58	1608080.5
59	1567430.0
60	1488387.0
61	1413163.5
62	1337726.5
63	1234705.5
64	1133769.0
65	1020888.0
66	896756.5
67	788780.0
68	685955.5
69	574742.5
70	474004.5
71	384387.0
72	300087.5
73	233470.5
74	184749.5
75	147303.5
76	117851.0
77	92628.5
78	71806.0
79	57453.5
80	46584.0
81	37824.0
82	31489.0
83	27404.0
84	24009.0
85	21036.5
86	18825.0
87	16797.5
88	14952.0
89	13412.5
90	11974.5
91	10637.0
92	9293.0
93	8029.5
94	6945.5
95	5942.5
96	4901.5
97	3839.5
98	2908.5
99	2032.5
100	1260.0
>>END_MODULE
>>Per base N content	pass
#Base	N-Count
1	0.0840024725318187
2	0.0776497732000736
3	0.0876389360777697
4	0.07479854872674307
5	0.06816434859537933
6	0.08279251295451041
7	0.3842337756479124
8	0.0807199427397742
9	0.08809822685609486
10-11	0.09586913050872578
12-13	0.09681652062674062
14-15	0.09131490850787768
16-17	0.10289018846412687
18-19	0.10415611896065756
20-21	0.10343919733355857
22-23	0.09998463927508044
24-25	0.10955648956386818
26-27	0.11037959131713912
28-29	0.1171767655956505
30-31	0.09668317814271073
32-33	0.08827190132603503
34-35	0.08775005481446126
36-37	0.0939397799990587
38-39	0.09905618049739083
40-41	0.09699595680895369
42-43	0.10803704372733003
44-45	0.10355278537550996
46-47	0.1036820123507735
48-49	0.15617038805510786
50-51	0.1578709162773656
52-53	0.12181659017883877
54-55	0.11987900865163899
56-57	0.10197325311098304
58-59	0.09388463218158954
60-61	0.0961061838136678
62-63	0.09355374527677464
64-65	0.09382207644834095
66-67	0.09871953188030304
68-69	0.10228685487897926
70-71	0.10635215443838442
72-73	0.11400864694731067
74-75	0.12798326851434463
76-77	0.12309980581218817
78-79	0.11963866293968387
80-81	0.11140846850872779
82-83	0.09966198338779825
84-85	0.09845860862451614
86-87	0.10003567158378326
88-89	0.09890061426602262
90-91	0.09829892688438158
92-93	0.10196831450046341
94-95	0.10176006975688585
96-97	0.10201523130039987
98-99	0.1021131804090391
100	0.10596611971610036
>>END_MODULE
>>Sequence Length Distribution	pass
#Length	Count
100	6.0745831E7
>>END_MODULE
>>Sequence Duplication Levels	fail
#Total Deduplicated Percentage	33.62540163614066
#Duplication Level	Percentage of deduplicated	Percentage of total
1	73.44254173167626	24.695349629066357
2	12.396780634556977	8.336934556642182
3	4.739042784164012	4.780566509651075
4	2.459128112280713	3.3075668180065354
5	1.4967035647950797	2.516362924823902
6	0.9446523502832294	1.9058588810878692
7	0.6755199024740328	1.590023962372715
8	0.507216578835726	1.3644288943888392
9	0.39061689998309446	1.1821185133016163
>10	2.4592071832687536	15.600520563975753
>50	0.2450842330405416	5.784930606743974
>100	0.20594655277498158	13.881538518308908
>500	0.02280020213143374	5.2833292740130124
>1k	0.01425108828454735	8.547738331253809
>5k	4.6377724647355236E-4	1.0195862134344784
>10k+	4.4404204449595434E-5	0.2031458029289377
>>END_MODULE
>>Overrepresented sequences	pass
>>END_MODULE
>>Adapter Content	pass
#Position	Illumina Universal Adapter	Illumina Small RNA 3' Adapter	Illumina Small RNA 5' Adapter	Nextera Transposase Sequence	SOLID Small RNA Adapter
1	1.4815831558876854E-5	3.2924070130837457E-6	0.0	0.0	1.6462035065418728E-6
2	1.6462035065418728E-5	2.963166311775371E-5	0.0	1.4815831558876854E-5	1.6462035065418728E-6
3	4.115508766354682E-5	3.2924070130837456E-5	0.0	1.4815831558876854E-5	4.938610519625619E-6
4	1.4651211208222667E-4	3.62164771439212E-5	0.0	2.1400645585044345E-5	4.938610519625619E-6
5	1.9754442078502473E-4	3.62164771439212E-5	0.0	2.1400645585044345E-5	4.938610519625619E-6
6	2.732697820859509E-4	3.62164771439212E-5	0.0	2.1400645585044345E-5	4.938610519625619E-6
7	3.210096837756652E-4	4.115508766354682E-5	0.0	2.1400645585044345E-5	4.938610519625619E-6
8	4.181356906616357E-4	4.7739901689714314E-5	0.0	2.304684909158622E-5	6.584814026167491E-6
9	5.465395641719018E-4	5.267851220933993E-5	0.0	2.4693052598128092E-5	8.231017532709364E-6
10-11	9.284587776896162E-4	5.761712272896555E-5	0.0	2.6339256104669965E-5	9.877221039251237E-6
12-13	0.0013301324332858334	6.584814026167491E-5	0.0	2.6339256104669965E-5	1.6462035065418728E-5
14-15	0.0018560944536259614	6.914054727475867E-5	0.0	3.210096837756652E-5	1.6462035065418728E-5
16-17	0.0024281501721492623	7.654846305419709E-5	0.0	4.033198591027588E-5	1.6462035065418728E-5
18-19	0.0030825160659996567	8.560258234017738E-5	0.0	4.6916799936443375E-5	1.81082385719606E-5
20-21	0.0037228892300444454	9.630290513269956E-5	0.0	5.2678512209339924E-5	1.81082385719606E-5
22-23	0.004492489369352771	1.0124151565232518E-4	0.0	6.420193675513305E-5	1.81082385719606E-5
24-25	0.005310652512104082	1.0535702441867986E-4	0.0	7.984087006728083E-5	1.9754442078502475E-5
26-27	0.006287674293236683	1.0700322792522174E-4	0.0	8.80718875999902E-5	1.9754442078502475E-5
28-29	0.007291858432227225	1.1441114370466016E-4	0.0	9.136429461307394E-5	1.9754442078502475E-5
30-31	0.0084565474131056	1.2264216123736952E-4	0.0	9.383359987288675E-5	2.1400645585044345E-5
32-33	0.00973893994470172	1.308731787700789E-4	0.0	9.383359987288675E-5	2.304684909158622E-5
34-35	0.011103642651624931	1.3416558578316265E-4	0.0	9.630290513269956E-5	2.551615435139903E-5
36-37	0.012712806579269612	1.448659085756848E-4	0.0	9.712600688597049E-5	2.6339256104669965E-5
38-39	0.01433678633847317	1.4815831558876856E-4	8.231017532709364E-7	9.712600688597049E-5	2.963166311775371E-5
40-41	0.015976405030988877	1.514507226018523E-4	1.6462035065418728E-6	9.712600688597049E-5	3.0454764871024647E-5
42-43	0.017859661842472778	1.5721243487474884E-4	1.6462035065418728E-6	1.0371082091213798E-4	3.1277866624295586E-5
44-45	0.01987214562922022	1.6873585942054196E-4	1.6462035065418728E-6	1.0453392266540892E-4	3.1277866624295586E-5
46-47	0.022051719071881658	1.7532067344670944E-4	1.6462035065418728E-6	1.0700322792522174E-4	3.1277866624295586E-5
48-49	0.024387681847664575	1.802592839663351E-4	1.6462035065418728E-6	1.1441114370466015E-4	3.2924070130837456E-5
50-51	0.026940120384557748	1.876671997457735E-4	1.6462035065418728E-6	1.2099595773082764E-4	3.2924070130837456E-5
52-53	0.02968351852820978	1.9836752253829567E-4	2.4693052598128094E-6	1.2346526299064045E-4	3.4570273637379326E-5
54-55	0.03269524784342813	2.1318335409717252E-4	3.2924070130837457E-6	1.2593456825045327E-4	3.868578240373401E-5
56-57	0.03599423967053805	2.238836768896947E-4	3.2924070130837457E-6	1.3005007701680796E-4	4.197818941681776E-5
58-59	0.03958378641655261	2.304684909158622E-4	3.2924070130837457E-6	1.399272980560592E-4	4.362439292335963E-5
60-61	0.04380218290206615	2.354071014354878E-4	3.2924070130837457E-6	1.5968174013456166E-4	4.444749467663057E-5
62-63	0.0483152498152507	2.5022293299436463E-4	3.2924070130837457E-6	1.6462035065418728E-4	4.52705964299015E-5
64-65	0.05326702996292865	2.5680774702053214E-4	4.938610519625619E-6	1.7120516468035476E-4	4.609369818317244E-5
66-67	0.058282188945608465	2.6339256104669965E-4	6.584814026167491E-6	1.7367446994016758E-4	4.6916799936443375E-5
68-69	0.0640019230290882	2.6339256104669965E-4	6.584814026167491E-6	1.786130804597932E-4	4.9386105196256184E-5
70-71	0.07048055692908375	2.6750806981305433E-4	6.584814026167491E-6	1.8355169097941882E-4	4.9386105196256184E-5
72-73	0.07779463910864928	2.7573908734576365E-4	7.407915779438427E-6	1.9260581026539912E-4	5.0209206949527115E-5
74-75	0.085902191378368	2.831470031252021E-4	8.231017532709364E-6	2.008368277981085E-4	5.514781746915274E-5
76-77	0.09478345929616142	2.8808561364482776E-4	9.0541192859803E-6	2.0659854007100504E-4	5.597091922242368E-5
78-79	0.10468784269327058	2.913780206579115E-4	9.877221039251237E-6	2.0906784533081786E-4	5.8440224482236486E-5
80-81	0.11697922117486548	2.9549352942426617E-4	9.877221039251237E-6	2.214143716298819E-4	5.926332623550742E-5
82-83	0.13261650828350674	2.9878593643734995E-4	9.877221039251237E-6	2.279991856560494E-4	5.926332623550742E-5
84-85	0.15191165958368402	3.1030936098314305E-4	1.152342454579311E-5	2.3705330494202967E-4	6.502503850840398E-5
86-87	0.17386625264867972	3.144248697494977E-4	1.3169628052334983E-5	2.7738529085230557E-4	6.99636490280296E-5
88-89	0.1991972091055928	3.193634802691233E-4	1.6462035065418728E-5	2.946704276709952E-4	7.325605604111335E-5
>>END_MODULE
